9 0.2353638 0.7268346 0.0278647 0.0161094
31 0.5190768 0.6108465 0.0278647 0.0161095
32 0.3081919 0.5576853 0.5129633 0.4124020
21 0.0935073 0.4368644 0.0278647 0.0161094
20 0.3050254 0.4368644 0.0278647 0.0161094
15 0.3772203 0.4368644 0.0278646 0.0161094
6 0.4481485 0.4368644 0.0278647 0.0161094
24 0.5190768 0.4368644 0.0278647 0.0161094
29 0.0935073 0.4948584 0.0278647 0.0161094
16 0.1644355 0.4948584 0.0278647 0.0161094
9 0.2353638 0.4948584 0.0278647 0.0161094
10 0.3050254 0.4948584 0.0278647 0.0161094
18 0.3772203 0.4948584 0.0278646 0.0161094
17 0.4481485 0.4948584 0.0278647 0.0161094
12 0.5190768 0.4948584 0.0278647 0.0161094
31 0.0935073 0.5528524 0.0278647 0.0161095
1 0.1644355 0.5528524 0.0278647 0.0161095
30 0.2353638 0.5528524 0.0278647 0.0161095
4 0.3050254 0.5528524 0.0278647 0.0161095
7 0.3772203 0.5528524 0.0278646 0.0161095
14 0.4481485 0.5528524 0.0278647 0.0161095
5 0.1644355 0.6108465 0.0278647 0.0161095
19 0.2353638 0.6108465 0.0278647 0.0161095
33 0.3765870 0.6103095 0.0671285 0.0579940
5 0.3772203 0.6108465 0.0278646 0.0161095
2 0.4481485 0.6108465 0.0278647 0.0161095
26 0.0935073 0.6688405 0.0278647 0.0161094
22 0.1644355 0.6688405 0.0278647 0.0161094
23 0.2353638 0.6688405 0.0278647 0.0161094
13 0.3050254 0.6688405 0.0278647 0.0161094
8 0.3772203 0.6688405 0.0278646 0.0161094
27 0.4481485 0.6688405 0.0278647 0.0161094
3 0.5190768 0.6688405 0.0278647 0.0161094
25 0.0935073 0.7268346 0.0278647 0.0161094
11 0.3772203 0.7268346 0.0278646 0.0161094
20 0.0935073 0.6108465 0.0278647 0.0161095
17 0.1644355 0.4368644 0.0278647 0.0161094
13 0.3050254 0.6108465 0.0278647 0.0161095
19 0.5190768 0.7268346 0.0278647 0.0161094
26 0.3050254 0.7268346 0.0278647 0.0161094
26 0.1644355 0.7268346 0.0278647 0.0161094
13 0.4481485 0.7268346 0.0278647 0.0161094
30 0.5190768 0.5528524 0.0278647 0.0161095
22 0.2353638 0.4368644 0.0278647 0.0161094
