6 0.3510480 0.5981160 0.0288502 0.0160676
2 0.2762998 0.7716466 0.0288502 0.0160677
32 0.2795783 0.6029363 0.5311055 0.4113318
15 0.0573008 0.4824289 0.0288502 0.0160676
11 0.1307376 0.4824289 0.0288502 0.0160676
25 0.2041744 0.4824289 0.0288502 0.0160676
6 0.2762998 0.4824289 0.0288502 0.0160676
8 0.3510480 0.4824289 0.0288502 0.0160676
4 0.4244848 0.4824289 0.0288502 0.0160676
34 0.0573008 0.5397368 0.0681913 0.0578436
15 0.0573008 0.5402724 0.0288502 0.0160677
26 0.2041744 0.5402724 0.0288502 0.0160677
24 0.2762998 0.5402724 0.0288502 0.0160677
19 0.3510480 0.5402724 0.0288502 0.0160677
1 0.4979216 0.5402724 0.0288502 0.0160677
16 0.0573008 0.5981160 0.0288502 0.0160676
27 0.1307376 0.5981160 0.0288502 0.0160676
9 0.2041744 0.5981160 0.0288502 0.0160676
7 0.2762998 0.5981160 0.0288502 0.0160676
18 0.4244848 0.5981160 0.0288502 0.0160676
20 0.4979216 0.5981160 0.0288502 0.0160676
10 0.0573008 0.6559595 0.0288502 0.0160676
31 0.2762998 0.6559595 0.0288502 0.0160676
5 0.3510480 0.6559595 0.0288502 0.0160676
30 0.4244848 0.6559595 0.0288502 0.0160676
17 0.4979216 0.6559595 0.0288502 0.0160676
21 0.1307376 0.7138031 0.0288502 0.0160676
14 0.2762998 0.7138031 0.0288502 0.0160676
22 0.3510480 0.7138031 0.0288502 0.0160676
12 0.4244848 0.7138031 0.0288502 0.0160676
2 0.0573008 0.7716466 0.0288502 0.0160677
29 0.1307376 0.7716466 0.0288502 0.0160677
23 0.2041744 0.7716466 0.0288502 0.0160677
13 0.3510480 0.7716466 0.0288502 0.0160677
3 0.4979216 0.7716466 0.0288502 0.0160677
12 0.2041744 0.6559595 0.0288502 0.0160676
19 0.4979216 0.4824289 0.0288502 0.0160676
1 0.1307376 0.6559595 0.0288502 0.0160676
21 0.4244848 0.7716466 0.0288502 0.0160677
1 0.0573008 0.7138031 0.0288502 0.0160676
4 0.1307376 0.5402724 0.0288502 0.0160677
7 0.2041744 0.7138031 0.0288502 0.0160676
13 0.4244848 0.5402724 0.0288502 0.0160677
3 0.4979216 0.7138031 0.0288502 0.0160676
