29 0.7941636 0.5490985 0.0286128 0.0164908
6 0.5028332 0.3709973 0.0286128 0.0164908
32 0.5776167 0.3759446 0.5267359 0.4221658
4 0.3571679 0.2522632 0.0286128 0.0164909
9 0.4300005 0.2522632 0.0286128 0.0164909
30 0.5028332 0.2522632 0.0286128 0.0164909
8 0.5743652 0.2522632 0.0286128 0.0164909
7 0.6484984 0.2522632 0.0286128 0.0164909
14 0.7941636 0.2522632 0.0286128 0.0164909
19 0.4300005 0.3116302 0.0286128 0.0164909
17 0.5028332 0.3116302 0.0286128 0.0164909
27 0.5743652 0.3116302 0.0286128 0.0164909
16 0.7213309 0.3116302 0.0286128 0.0164909
12 0.7941636 0.3116302 0.0286128 0.0164909
2 0.3571679 0.3709973 0.0286128 0.0164908
1 0.4300005 0.3709973 0.0286128 0.0164908
11 0.6484984 0.3709973 0.0286128 0.0164908
5 0.7213309 0.3709973 0.0286128 0.0164908
3 0.3571679 0.4303644 0.0286128 0.0164908
26 0.4300005 0.4303644 0.0286128 0.0164908
23 0.5028332 0.4303644 0.0286128 0.0164908
10 0.5743652 0.4303644 0.0286128 0.0164908
18 0.7941636 0.4303644 0.0286128 0.0164908
34 0.3571679 0.4891818 0.0676303 0.0593671
27 0.3571679 0.4897315 0.0286128 0.0164908
22 0.4300005 0.4897315 0.0286128 0.0164908
6 0.5028332 0.4897315 0.0286128 0.0164908
24 0.5743652 0.4897315 0.0286128 0.0164908
25 0.6484984 0.4897315 0.0286128 0.0164908
15 0.7213309 0.4897315 0.0286128 0.0164908
13 0.7941636 0.4897315 0.0286128 0.0164908
29 0.4300005 0.5490985 0.0286128 0.0164908
21 0.5028332 0.5490985 0.0286128 0.0164908
20 0.6484984 0.5490985 0.0286128 0.0164908
31 0.7213309 0.5490985 0.0286128 0.0164908
21 0.7213309 0.4303644 0.0286128 0.0164908
30 0.6484984 0.3116302 0.0286128 0.0164909
7 0.7941636 0.3709973 0.0286128 0.0164908
10 0.5743652 0.5490985 0.0286128 0.0164908
31 0.6484984 0.4303644 0.0286128 0.0164908
14 0.3571679 0.3116302 0.0286128 0.0164909
6 0.7213309 0.2522632 0.0286128 0.0164909
11 0.3571679 0.5490985 0.0286128 0.0164908
27 0.5743652 0.3709973 0.0286128 0.0164908
