16 0.5243254 0.3942816 0.0278904 0.0166403
5 0.6675807 0.5140914 0.0278904 0.0166403
32 0.5274947 0.5190835 0.5134373 0.4259905
15 0.3126117 0.3942816 0.0278904 0.0166403
11 0.3836055 0.3942816 0.0278904 0.0166403
9 0.4545993 0.3942816 0.0278904 0.0166403
8 0.5965869 0.3942816 0.0278904 0.0166403
22 0.6675807 0.3942816 0.0278904 0.0166403
18 0.7385745 0.3942816 0.0278904 0.0166403
25 0.3126117 0.4541865 0.0278904 0.0166403
3 0.4545993 0.4541865 0.0278904 0.0166403
26 0.5243254 0.4541865 0.0278904 0.0166403
5 0.5965869 0.4541865 0.0278904 0.0166403
4 0.6675807 0.4541865 0.0278904 0.0166403
19 0.3836055 0.5140914 0.0278904 0.0166403
2 0.4545993 0.5140914 0.0278904 0.0166403
6 0.5243254 0.5140914 0.0278904 0.0166403
24 0.5965869 0.5140914 0.0278904 0.0166403
21 0.7385745 0.5140914 0.0278904 0.0166403
34 0.3126117 0.5734416 0.0659228 0.0599049
25 0.3126117 0.5739963 0.0278904 0.0166402
20 0.3836055 0.5739963 0.0278904 0.0166402
27 0.4545993 0.5739963 0.0278904 0.0166402
29 0.5243254 0.5739963 0.0278904 0.0166402
30 0.5965869 0.5739963 0.0278904 0.0166402
7 0.7385745 0.5739963 0.0278904 0.0166402
16 0.3126117 0.6339012 0.0278904 0.0166402
13 0.3836055 0.6339012 0.0278904 0.0166402
23 0.5243254 0.6339012 0.0278904 0.0166402
17 0.5965869 0.6339012 0.0278904 0.0166402
14 0.6675807 0.6339012 0.0278904 0.0166402
1 0.3126117 0.6938062 0.0278904 0.0166402
12 0.3836055 0.6938062 0.0278904 0.0166402
10 0.4545993 0.6938062 0.0278904 0.0166402
31 0.5965869 0.6938062 0.0278904 0.0166402
7 0.7385745 0.6938062 0.0278904 0.0166402
12 0.6675807 0.5739963 0.0278904 0.0166402
16 0.7385745 0.4541865 0.0278904 0.0166403
31 0.4545993 0.6339012 0.0278904 0.0166402
26 0.7385745 0.6339012 0.0278904 0.0166402
25 0.3126117 0.5140914 0.0278904 0.0166403
29 0.6675807 0.6938062 0.0278904 0.0166402
17 0.3836055 0.4541865 0.0278904 0.0166403
29 0.5243254 0.6938062 0.0278904 0.0166402
