21 0.4015521 0.3763032 0.0288340 0.0163432
28 0.1813654 0.6116459 0.0288340 0.0163432
32 0.2616903 0.4400418 0.5208805 0.4183870
27 0.0345743 0.3174675 0.0288340 0.0163432
4 0.1079699 0.3174675 0.0288340 0.0163432
21 0.1813654 0.3174675 0.0288340 0.0163432
31 0.4015521 0.3174675 0.0288340 0.0163432
2 0.4749477 0.3174675 0.0288340 0.0163432
34 0.0349504 0.3757584 0.0674008 0.0588357
1 0.0345743 0.3763032 0.0288340 0.0163432
26 0.1079699 0.3763032 0.0288340 0.0163432
3 0.1813654 0.3763032 0.0288340 0.0163432
9 0.3281565 0.3763032 0.0288340 0.0163432
29 0.4749477 0.3763032 0.0288340 0.0163432
13 0.0345743 0.4351389 0.0288340 0.0163432
22 0.1079699 0.4351389 0.0288340 0.0163432
20 0.1813654 0.4351389 0.0288340 0.0163432
23 0.2534503 0.4351389 0.0288340 0.0163432
30 0.3281565 0.4351389 0.0288340 0.0163432
25 0.4749477 0.4351389 0.0288340 0.0163432
7 0.0345743 0.4939745 0.0288340 0.0163432
14 0.1079699 0.4939745 0.0288340 0.0163432
6 0.2534503 0.4939745 0.0288340 0.0163432
18 0.3281565 0.4939745 0.0288340 0.0163432
5 0.4015521 0.4939745 0.0288340 0.0163432
17 0.4749477 0.4939745 0.0288340 0.0163432
11 0.1079699 0.5528102 0.0288340 0.0163432
8 0.1813654 0.5528102 0.0288340 0.0163432
1 0.3281565 0.5528102 0.0288340 0.0163432
15 0.4015521 0.5528102 0.0288340 0.0163432
24 0.0345743 0.6116459 0.0288340 0.0163432
10 0.1079699 0.6116459 0.0288340 0.0163432
19 0.2534503 0.6116459 0.0288340 0.0163432
12 0.4015521 0.6116459 0.0288340 0.0163432
16 0.4749477 0.6116459 0.0288340 0.0163432
9 0.2534503 0.5528102 0.0288340 0.0163432
17 0.3281565 0.3174675 0.0288340 0.0163432
30 0.4015521 0.4351389 0.0288340 0.0163432
5 0.3281565 0.6116459 0.0288340 0.0163432
11 0.0345743 0.5528102 0.0288340 0.0163432
9 0.2534503 0.3174675 0.0288340 0.0163432
28 0.1813654 0.4939745 0.0288340 0.0163432
25 0.2534503 0.3763032 0.0288340 0.0163432
12 0.4749477 0.5528102 0.0288340 0.0163432
