3 0.6650609 0.6865160 0.0274765 0.0171329
7 0.5938718 0.3781229 0.0274765 0.0171329
32 0.5969941 0.5066200 0.5058167 0.4386035
2 0.3853004 0.3781229 0.0274765 0.0171329
29 0.4552406 0.3781229 0.0274765 0.0171329
31 0.5251807 0.3781229 0.0274765 0.0171329
25 0.6650609 0.3781229 0.0274765 0.0171329
9 0.7350009 0.3781229 0.0274764 0.0171329
33 0.8049411 0.3775518 0.0649444 0.0616786
14 0.8049411 0.3781229 0.0274764 0.0171329
5 0.3853004 0.4398015 0.0274765 0.0171329
20 0.4552406 0.4398015 0.0274765 0.0171329
22 0.5251807 0.4398015 0.0274765 0.0171329
3 0.6650609 0.4398015 0.0274765 0.0171329
19 0.8049411 0.4398015 0.0274764 0.0171329
14 0.3853004 0.5014802 0.0274765 0.0171330
7 0.5251807 0.5014802 0.0274765 0.0171330
13 0.6650609 0.5014802 0.0274765 0.0171330
8 0.7350009 0.5014802 0.0274764 0.0171330
27 0.8049411 0.5014802 0.0274764 0.0171330
21 0.3853004 0.5631588 0.0274765 0.0171330
4 0.5938718 0.5631588 0.0274765 0.0171330
11 0.7350009 0.5631588 0.0274764 0.0171330
18 0.8049411 0.5631588 0.0274764 0.0171330
30 0.3853004 0.6248374 0.0274765 0.0171330
24 0.5251807 0.6248374 0.0274765 0.0171330
17 0.5938718 0.6248374 0.0274765 0.0171330
23 0.6650609 0.6248374 0.0274765 0.0171330
12 0.8049411 0.6248374 0.0274764 0.0171330
26 0.3853004 0.6865160 0.0274765 0.0171329
16 0.4552406 0.6865160 0.0274765 0.0171329
10 0.5251807 0.6865160 0.0274765 0.0171329
6 0.5938718 0.6865160 0.0274765 0.0171329
15 0.7350009 0.6865160 0.0274764 0.0171329
1 0.8049411 0.6865160 0.0274764 0.0171329
1 0.5938718 0.4398015 0.0274765 0.0171329
15 0.4552406 0.5014802 0.0274765 0.0171330
5 0.4552406 0.6248374 0.0274765 0.0171330
17 0.6650609 0.5631588 0.0274765 0.0171330
12 0.5251807 0.5631588 0.0274765 0.0171330
12 0.5938718 0.5014802 0.0274765 0.0171330
15 0.4552406 0.5631588 0.0274765 0.0171330
11 0.7350009 0.6248374 0.0274764 0.0171330
3 0.7350009 0.4398015 0.0274764 0.0171329
