11 0.2654512 0.5059319 0.0263307 0.0167201
2 0.2654512 0.6263165 0.0263307 0.0167201
32 0.3342700 0.6313325 0.4847239 0.4280341
23 0.1314041 0.5059319 0.0263307 0.0167201
20 0.3312778 0.5059319 0.0263307 0.0167201
5 0.3994983 0.5059319 0.0263307 0.0167201
6 0.1314041 0.5661242 0.0263307 0.0167201
33 0.1978292 0.5655668 0.0610393 0.0601923
31 0.1984276 0.5661242 0.0263307 0.0167201
12 0.2654512 0.5661242 0.0263307 0.0167201
24 0.3994983 0.5661242 0.0263307 0.0167201
27 0.5335454 0.5661242 0.0263307 0.0167201
10 0.1314041 0.6263165 0.0263307 0.0167201
7 0.1984276 0.6263165 0.0263307 0.0167201
22 0.3312778 0.6263165 0.0263307 0.0167201
14 0.3994983 0.6263165 0.0263307 0.0167201
3 0.5335454 0.6263165 0.0263307 0.0167201
26 0.1314041 0.6865088 0.0263307 0.0167201
9 0.1984276 0.6865088 0.0263307 0.0167201
15 0.2654512 0.6865088 0.0263307 0.0167201
30 0.3312778 0.6865088 0.0263307 0.0167201
1 0.3994983 0.6865088 0.0263307 0.0167201
13 0.5335454 0.6865088 0.0263307 0.0167201
2 0.1314041 0.7467011 0.0263307 0.0167200
17 0.1984276 0.7467011 0.0263307 0.0167200
31 0.2654512 0.7467011 0.0263307 0.0167200
16 0.3312778 0.7467011 0.0263307 0.0167200
18 0.4665218 0.7467011 0.0263307 0.0167200
19 0.5335454 0.7467011 0.0263307 0.0167200
29 0.1314041 0.8068934 0.0263307 0.0167201
4 0.1984276 0.8068934 0.0263307 0.0167201
8 0.2654512 0.8068934 0.0263307 0.0167201
11 0.3312778 0.8068934 0.0263307 0.0167201
21 0.3994983 0.8068934 0.0263307 0.0167201
25 0.4665218 0.8068934 0.0263307 0.0167201
28 0.3994983 0.7467011 0.0263307 0.0167200
31 0.4665218 0.6263165 0.0263307 0.0167201
14 0.4665218 0.6865088 0.0263307 0.0167201
19 0.5335454 0.5059319 0.0263307 0.0167201
5 0.4665218 0.5661242 0.0263307 0.0167201
9 0.1984276 0.5059319 0.0263307 0.0167201
12 0.5335454 0.8068934 0.0263307 0.0167201
24 0.4665218 0.5059319 0.0263307 0.0167201
20 0.3312778 0.5661242 0.0263307 0.0167201
