20 0.1809203 0.6214193 0.0271072 0.0161967
3 0.3176882 0.5048031 0.0271071 0.0161967
32 0.3207686 0.5096621 0.4990179 0.4146356
13 0.1119203 0.3881868 0.0271071 0.0161967
24 0.2499203 0.3881868 0.0271071 0.0161967
3 0.4569204 0.3881868 0.0271072 0.0161967
19 0.5259204 0.3881868 0.0271072 0.0161967
16 0.1119203 0.4464950 0.0271071 0.0161967
6 0.1809203 0.4464950 0.0271072 0.0161967
25 0.3176882 0.4464950 0.0271071 0.0161967
14 0.4569204 0.4464950 0.0271072 0.0161967
23 0.5259204 0.4464950 0.0271072 0.0161967
5 0.1809203 0.5048031 0.0271072 0.0161967
1 0.2499203 0.5048031 0.0271071 0.0161967
17 0.3879203 0.5048031 0.0271072 0.0161967
26 0.5259204 0.5048031 0.0271072 0.0161967
9 0.1119203 0.5631112 0.0271071 0.0161967
21 0.1809203 0.5631112 0.0271072 0.0161967
33 0.2499203 0.5625713 0.0640714 0.0583082
23 0.2499203 0.5631112 0.0271071 0.0161967
27 0.3176882 0.5631112 0.0271071 0.0161967
18 0.3879203 0.5631112 0.0271072 0.0161967
10 0.4569204 0.5631112 0.0271072 0.0161967
15 0.5259204 0.5631112 0.0271072 0.0161967
11 0.1119203 0.6214193 0.0271071 0.0161967
4 0.2499203 0.6214193 0.0271071 0.0161967
22 0.3176882 0.6214193 0.0271071 0.0161967
8 0.4569204 0.6214193 0.0271072 0.0161967
30 0.1119203 0.6797274 0.0271071 0.0161967
12 0.1809203 0.6797274 0.0271072 0.0161967
29 0.2499203 0.6797274 0.0271071 0.0161967
20 0.3176882 0.6797274 0.0271071 0.0161967
2 0.3879203 0.6797274 0.0271072 0.0161967
7 0.4569204 0.6797274 0.0271072 0.0161967
31 0.5259204 0.6797274 0.0271072 0.0161967
24 0.3879203 0.4464950 0.0271072 0.0161967
31 0.1119203 0.5048031 0.0271071 0.0161967
13 0.5259204 0.6214193 0.0271072 0.0161967
28 0.3879203 0.6214193 0.0271072 0.0161967
26 0.1809203 0.3881868 0.0271072 0.0161967
19 0.3176882 0.3881868 0.0271071 0.0161967
13 0.2499203 0.4464950 0.0271071 0.0161967
12 0.3879203 0.3881868 0.0271072 0.0161967
18 0.4569204 0.5048031 0.0271072 0.0161967
