6 0.5659724 0.6436214 0.0271726 0.0165416
16 0.4955706 0.4649717 0.0271726 0.0165416
32 0.4986584 0.5890340 0.5002232 0.4234659
1 0.2893057 0.4649717 0.0271726 0.0165416
25 0.3584724 0.4649717 0.0271726 0.0165416
16 0.4276390 0.4649717 0.0271726 0.0165416
12 0.5659724 0.4649717 0.0271726 0.0165416
22 0.6351390 0.4649717 0.0271726 0.0165416
5 0.2893057 0.5245216 0.0271726 0.0165416
8 0.3584724 0.5245216 0.0271726 0.0165416
17 0.4276390 0.5245216 0.0271726 0.0165416
15 0.4955706 0.5245216 0.0271726 0.0165416
4 0.5659724 0.5245216 0.0271726 0.0165416
3 0.6351390 0.5245216 0.0271726 0.0165416
18 0.7043057 0.5245216 0.0271726 0.0165416
6 0.4276390 0.5840715 0.0271726 0.0165416
31 0.4955706 0.5840715 0.0271726 0.0165416
34 0.5653548 0.5835201 0.0654613 0.0595499
12 0.5659724 0.5840715 0.0271726 0.0165416
2 0.6351390 0.5840715 0.0271726 0.0165416
26 0.7043057 0.5840715 0.0271726 0.0165416
29 0.3584724 0.6436214 0.0271726 0.0165416
27 0.4955706 0.6436214 0.0271726 0.0165416
10 0.6351390 0.6436214 0.0271726 0.0165416
19 0.7043057 0.6436214 0.0271726 0.0165416
13 0.2893057 0.7031713 0.0271726 0.0165416
7 0.3584724 0.7031713 0.0271726 0.0165416
9 0.4276390 0.7031713 0.0271726 0.0165416
24 0.5659724 0.7031713 0.0271726 0.0165416
30 0.2893057 0.7627212 0.0271726 0.0165416
20 0.4276390 0.7627212 0.0271726 0.0165416
14 0.4955706 0.7627212 0.0271726 0.0165416
21 0.5659724 0.7627212 0.0271726 0.0165416
11 0.6351390 0.7627212 0.0271726 0.0165416
23 0.7043057 0.7627212 0.0271726 0.0165416
19 0.4276390 0.6436214 0.0271726 0.0165416
26 0.2893057 0.6436214 0.0271726 0.0165416
22 0.3584724 0.5840715 0.0271726 0.0165416
6 0.2893057 0.5840715 0.0271726 0.0165416
20 0.7043057 0.7031713 0.0271726 0.0165416
12 0.7043057 0.4649717 0.0271726 0.0165416
27 0.6351390 0.7031713 0.0271726 0.0165416
16 0.3584724 0.7627212 0.0271726 0.0165416
2 0.4955706 0.7031713 0.0271726 0.0165416
