11 0.5961904 0.5680338 0.0278284 0.0168620
13 0.6670264 0.5073306 0.0278284 0.0168620
32 0.4564158 0.5123892 0.5122960 0.4316669
7 0.3128464 0.3859243 0.0278284 0.0168620
23 0.3836824 0.3859243 0.0278284 0.0168620
21 0.4532535 0.3859243 0.0278284 0.0168620
19 0.5253544 0.3859243 0.0278284 0.0168620
5 0.5961904 0.3859243 0.0278284 0.0168620
10 0.6670264 0.3859243 0.0278284 0.0168620
9 0.2420104 0.4466275 0.0278284 0.0168620
31 0.3128464 0.4466275 0.0278284 0.0168620
6 0.3836824 0.4466275 0.0278284 0.0168620
25 0.5253544 0.4466275 0.0278284 0.0168620
1 0.6670264 0.4466275 0.0278284 0.0168620
27 0.2420104 0.5073306 0.0278284 0.0168620
8 0.3128464 0.5073306 0.0278284 0.0168620
17 0.3836824 0.5073306 0.0278284 0.0168620
33 0.2420104 0.5674717 0.0657763 0.0607031
27 0.2420104 0.5680338 0.0278284 0.0168620
15 0.3128464 0.5680338 0.0278284 0.0168620
30 0.3836824 0.5680338 0.0278284 0.0168620
16 0.4532535 0.5680338 0.0278284 0.0168620
22 0.5253544 0.5680338 0.0278284 0.0168620
24 0.6670264 0.5680338 0.0278284 0.0168620
18 0.2420104 0.6287369 0.0278284 0.0168620
29 0.3128464 0.6287369 0.0278284 0.0168620
14 0.3836824 0.6287369 0.0278284 0.0168620
20 0.4532535 0.6287369 0.0278284 0.0168620
3 0.5253544 0.6287369 0.0278284 0.0168620
2 0.5961904 0.6287369 0.0278284 0.0168620
4 0.3836824 0.6894401 0.0278284 0.0168620
12 0.4532535 0.6894401 0.0278284 0.0168620
11 0.5253544 0.6894401 0.0278284 0.0168620
13 0.5961904 0.6894401 0.0278284 0.0168620
26 0.6670264 0.6894401 0.0278284 0.0168620
24 0.2420104 0.6894401 0.0278284 0.0168620
26 0.5961904 0.4466275 0.0278284 0.0168620
25 0.4532535 0.4466275 0.0278284 0.0168620
24 0.6670264 0.6287369 0.0278284 0.0168620
7 0.3128464 0.6894401 0.0278284 0.0168620
27 0.5253544 0.5073306 0.0278284 0.0168620
18 0.4532535 0.5073306 0.0278284 0.0168620
24 0.2420104 0.3859243 0.0278284 0.0168620
28 0.5961904 0.5073306 0.0278284 0.0168620
