11 0.4634443 0.5423490 0.0269868 0.0160699
13 0.7382188 0.2530908 0.0269868 0.0160699
32 0.5339780 0.3736150 0.4968021 0.4113894
21 0.3260571 0.2530908 0.0269868 0.0160699
27 0.4634443 0.2530908 0.0269868 0.0160699
31 0.5309113 0.2530908 0.0269868 0.0160699
15 0.6008316 0.2530908 0.0269868 0.0160699
8 0.6695251 0.2530908 0.0269868 0.0160699
18 0.3947507 0.3109424 0.0269868 0.0160699
29 0.4634443 0.3109424 0.0269868 0.0160699
14 0.5309113 0.3109424 0.0269868 0.0160699
16 0.6008316 0.3109424 0.0269868 0.0160699
4 0.6695251 0.3109424 0.0269868 0.0160699
17 0.3260571 0.3687940 0.0269868 0.0160699
7 0.3947507 0.3687940 0.0269868 0.0160699
12 0.4634443 0.3687940 0.0269868 0.0160699
23 0.5309113 0.3687940 0.0269868 0.0160699
3 0.6008316 0.3687940 0.0269868 0.0160699
6 0.6695251 0.3687940 0.0269868 0.0160699
9 0.3947507 0.4266457 0.0269868 0.0160699
10 0.4634443 0.4266457 0.0269868 0.0160699
5 0.5309113 0.4266457 0.0269868 0.0160699
26 0.6008316 0.4266457 0.0269868 0.0160699
13 0.6695251 0.4266457 0.0269868 0.0160699
34 0.7382188 0.4261100 0.0637870 0.0578516
20 0.7382188 0.4266457 0.0269868 0.0160699
19 0.3260571 0.4844973 0.0269868 0.0160699
25 0.3947507 0.4844973 0.0269868 0.0160699
2 0.4634443 0.4844973 0.0269868 0.0160699
30 0.5309113 0.4844973 0.0269868 0.0160699
24 0.6008316 0.4844973 0.0269868 0.0160699
11 0.5309113 0.5423490 0.0269868 0.0160699
1 0.6008316 0.5423490 0.0269868 0.0160699
20 0.6695251 0.5423490 0.0269868 0.0160699
22 0.7382188 0.5423490 0.0269868 0.0160699
25 0.3947507 0.5423490 0.0269868 0.0160699
14 0.7382188 0.3109424 0.0269868 0.0160699
30 0.3260571 0.4266457 0.0269868 0.0160699
24 0.3947507 0.2530908 0.0269868 0.0160699
4 0.6695251 0.4844973 0.0269868 0.0160699
5 0.3260571 0.5423490 0.0269868 0.0160699
19 0.7382188 0.4844973 0.0269868 0.0160699
19 0.7382188 0.3687940 0.0269868 0.0160699
30 0.3260571 0.3109424 0.0269868 0.0160699
