30 0.4442736 0.3655958 0.0279544 0.0167095
17 0.5154303 0.4859039 0.0279544 0.0167095
32 0.5884930 0.4307627 0.5146155 0.4277623
29 0.3731169 0.3054417 0.0279544 0.0167095
18 0.4442736 0.3054417 0.0279544 0.0167095
5 0.5154303 0.3054417 0.0279544 0.0167095
1 0.5853164 0.3054417 0.0279544 0.0167095
23 0.3731169 0.3655958 0.0279544 0.0167095
17 0.5154303 0.3655958 0.0279544 0.0167095
21 0.5853164 0.3655958 0.0279544 0.0167095
20 0.6577438 0.3655958 0.0279544 0.0167095
30 0.7289005 0.3655958 0.0279544 0.0167095
13 0.3731169 0.4257499 0.0279544 0.0167095
11 0.4442736 0.4257499 0.0279544 0.0167095
16 0.5853164 0.4257499 0.0279544 0.0167095
7 0.6577438 0.4257499 0.0279544 0.0167095
24 0.8000572 0.4257499 0.0279545 0.0167095
25 0.3731169 0.4859039 0.0279544 0.0167095
3 0.6577438 0.4859039 0.0279544 0.0167095
2 0.7289005 0.4859039 0.0279544 0.0167095
22 0.8000572 0.4859039 0.0279545 0.0167095
26 0.3731169 0.5460580 0.0279544 0.0167095
27 0.4442736 0.5460580 0.0279544 0.0167095
14 0.5853164 0.5460580 0.0279544 0.0167095
31 0.6577438 0.5460580 0.0279544 0.0167095
12 0.7289005 0.5460580 0.0279544 0.0167095
4 0.8000572 0.5460580 0.0279545 0.0167095
15 0.3731169 0.6062120 0.0279544 0.0167095
9 0.4442736 0.6062120 0.0279544 0.0167095
6 0.5154303 0.6062120 0.0279544 0.0167095
19 0.5853164 0.6062120 0.0279544 0.0167095
8 0.6577438 0.6062120 0.0279544 0.0167095
10 0.7289005 0.6062120 0.0279544 0.0167095
34 0.8000571 0.6056551 0.0660741 0.0601541
6 0.8000572 0.6062120 0.0279545 0.0167095
29 0.8000572 0.3655958 0.0279545 0.0167095
24 0.7289005 0.4257499 0.0279544 0.0167095
19 0.5853164 0.4859039 0.0279544 0.0167095
14 0.6577438 0.3054417 0.0279544 0.0167095
8 0.7289005 0.3054417 0.0279544 0.0167095
26 0.8000572 0.3054417 0.0279545 0.0167095
2 0.5154303 0.5460580 0.0279544 0.0167095
17 0.4442736 0.4859039 0.0279544 0.0167095
26 0.5154303 0.4257499 0.0279544 0.0167095
