30 0.3754611 0.6115701 0.0281071 0.0160336
9 0.3754611 0.4384071 0.0281071 0.0160336
32 0.5920135 0.5009381 0.5174261 0.4104604
10 0.3754611 0.3806860 0.0281071 0.0160336
20 0.4470065 0.3806860 0.0281071 0.0160336
6 0.5185518 0.3806860 0.0281071 0.0160336
29 0.5888195 0.3806860 0.0281071 0.0160336
12 0.6616425 0.3806860 0.0281071 0.0160336
7 0.7331878 0.3806860 0.0281071 0.0160336
17 0.8047331 0.3806860 0.0281071 0.0160336
16 0.4470065 0.4384071 0.0281071 0.0160336
27 0.5185518 0.4384071 0.0281071 0.0160336
15 0.5888195 0.4384071 0.0281071 0.0160336
22 0.7331878 0.4384071 0.0281071 0.0160336
23 0.8047331 0.4384071 0.0281071 0.0160336
4 0.3754611 0.4961280 0.0281071 0.0160336
1 0.4470065 0.4961280 0.0281071 0.0160336
26 0.6616425 0.4961280 0.0281071 0.0160336
14 0.8047331 0.4961280 0.0281071 0.0160336
25 0.3754611 0.5538490 0.0281071 0.0160336
24 0.4470065 0.5538490 0.0281071 0.0160336
5 0.6616425 0.5538490 0.0281071 0.0160336
11 0.7331878 0.5538490 0.0281071 0.0160336
13 0.8047331 0.5538490 0.0281071 0.0160336
30 0.4470065 0.6115701 0.0281071 0.0160336
9 0.5185518 0.6115701 0.0281071 0.0160336
34 0.5888195 0.6110356 0.0664350 0.0577210
6 0.5888195 0.6115701 0.0281071 0.0160336
8 0.7331878 0.6115701 0.0281071 0.0160336
19 0.8047331 0.6115701 0.0281071 0.0160336
18 0.3754611 0.6692910 0.0281071 0.0160337
2 0.4470065 0.6692910 0.0281071 0.0160337
21 0.5185518 0.6692910 0.0281071 0.0160337
31 0.6616425 0.6692910 0.0281071 0.0160337
3 0.8047331 0.6692910 0.0281071 0.0160337
19 0.6616425 0.6115701 0.0281071 0.0160336
30 0.5888195 0.5538490 0.0281071 0.0160336
29 0.5185518 0.4961280 0.0281071 0.0160336
9 0.5888195 0.6692910 0.0281071 0.0160337
25 0.5888195 0.4961280 0.0281071 0.0160336
30 0.6616425 0.4384071 0.0281071 0.0160336
15 0.5185518 0.5538490 0.0281071 0.0160336
20 0.7331878 0.4961280 0.0281071 0.0160336
1 0.7331878 0.6692910 0.0281071 0.0160337
