9 0.3136262 0.3319878 0.0269040 0.0159626
8 0.3136262 0.2745226 0.0269040 0.0159626
32 0.3839433 0.3942419 0.4952773 0.4086419
19 0.1766606 0.2745226 0.0269040 0.0159626
3 0.2451434 0.2745226 0.0269040 0.0159626
16 0.3808861 0.2745226 0.0269040 0.0159626
29 0.4505918 0.2745226 0.0269039 0.0159626
18 0.5190746 0.2745226 0.0269040 0.0159626
31 0.5875574 0.2745226 0.0269040 0.0159626
34 0.1766606 0.3314558 0.0635912 0.0574652
27 0.1766606 0.3319878 0.0269040 0.0159626
27 0.2451434 0.3319878 0.0269040 0.0159626
17 0.4505918 0.3319878 0.0269039 0.0159626
21 0.5875574 0.3319878 0.0269040 0.0159626
12 0.1766606 0.3894531 0.0269040 0.0159626
5 0.2451434 0.3894531 0.0269040 0.0159626
26 0.3136262 0.3894531 0.0269040 0.0159626
30 0.3808861 0.3894531 0.0269040 0.0159626
22 0.5190746 0.3894531 0.0269040 0.0159626
23 0.5875574 0.3894531 0.0269040 0.0159626
7 0.1766606 0.4469184 0.0269040 0.0159626
20 0.2451434 0.4469184 0.0269040 0.0159626
9 0.3808861 0.4469184 0.0269040 0.0159626
4 0.4505918 0.4469184 0.0269039 0.0159626
11 0.5190746 0.4469184 0.0269040 0.0159626
25 0.5875574 0.4469184 0.0269040 0.0159626
1 0.1766606 0.5043837 0.0269040 0.0159626
13 0.3136262 0.5043837 0.0269040 0.0159626
15 0.4505918 0.5043837 0.0269039 0.0159626
6 0.5875574 0.5043837 0.0269040 0.0159626
10 0.1766606 0.5618489 0.0269040 0.0159625
2 0.3136262 0.5618489 0.0269040 0.0159625
14 0.3808861 0.5618489 0.0269040 0.0159625
8 0.4505918 0.5618489 0.0269039 0.0159625
24 0.5875574 0.5618489 0.0269040 0.0159625
12 0.3808861 0.5043837 0.0269040 0.0159626
14 0.5190746 0.5043837 0.0269040 0.0159626
28 0.4505918 0.3894531 0.0269039 0.0159626
22 0.5190746 0.5618489 0.0269040 0.0159625
14 0.3136262 0.4469184 0.0269040 0.0159626
25 0.2451434 0.5043837 0.0269040 0.0159626
3 0.5190746 0.3319878 0.0269040 0.0159626
14 0.3808861 0.3319878 0.0269040 0.0159626
5 0.2451434 0.5618489 0.0269040 0.0159625
