29 0.2138053 0.5854323 0.0274250 0.0169362
27 0.4930419 0.5854323 0.0274250 0.0169362
32 0.2854843 0.5295430 0.5048697 0.4335655
20 0.1439961 0.4025218 0.0274250 0.0169362
7 0.2138053 0.4025218 0.0274250 0.0169362
18 0.2823679 0.4025218 0.0274250 0.0169362
6 0.4930419 0.4025218 0.0274250 0.0169362
22 0.0741870 0.4634920 0.0274250 0.0169361
3 0.2823679 0.4634920 0.0274250 0.0169361
11 0.4232327 0.4634920 0.0274250 0.0169361
30 0.4930419 0.4634920 0.0274250 0.0169361
19 0.1439961 0.5244621 0.0274250 0.0169362
10 0.2138053 0.5244621 0.0274250 0.0169362
25 0.2823679 0.5244621 0.0274250 0.0169362
12 0.3534236 0.5244621 0.0274250 0.0169362
15 0.4232327 0.5244621 0.0274250 0.0169362
26 0.4930419 0.5244621 0.0274250 0.0169362
13 0.0741870 0.5854323 0.0274250 0.0169362
2 0.2823679 0.5854323 0.0274250 0.0169362
17 0.3534236 0.5854323 0.0274250 0.0169362
9 0.4232327 0.5854323 0.0274250 0.0169362
4 0.0741870 0.6464025 0.0274250 0.0169362
14 0.1439961 0.6464025 0.0274250 0.0169362
16 0.2138053 0.6464025 0.0274250 0.0169362
23 0.2823679 0.6464025 0.0274250 0.0169362
1 0.3534236 0.6464025 0.0274250 0.0169362
21 0.4232327 0.6464025 0.0274250 0.0169362
34 0.4930419 0.6458379 0.0648228 0.0609701
29 0.4930419 0.6464025 0.0274250 0.0169362
29 0.0741870 0.7073726 0.0274250 0.0169362
5 0.1439961 0.7073726 0.0274250 0.0169362
31 0.2138053 0.7073726 0.0274250 0.0169362
27 0.2823679 0.7073726 0.0274250 0.0169362
24 0.3534236 0.7073726 0.0274250 0.0169362
8 0.4232327 0.7073726 0.0274250 0.0169362
26 0.0741870 0.5244621 0.0274250 0.0169362
19 0.4930419 0.7073726 0.0274250 0.0169362
11 0.0741870 0.4025218 0.0274250 0.0169362
24 0.1439961 0.4634920 0.0274250 0.0169361
29 0.3534236 0.4025218 0.0274250 0.0169362
27 0.3534236 0.4634920 0.0274250 0.0169361
28 0.1439961 0.5854323 0.0274250 0.0169362
1 0.4232327 0.4025218 0.0274250 0.0169362
8 0.2138053 0.4634920 0.0274250 0.0169361
