13 0.3446329 0.4616324 0.0284869 0.0168295
13 0.1283914 0.5828047 0.0284869 0.0168294
32 0.3478700 0.5272674 0.5244179 0.4308348
25 0.1283914 0.4010463 0.0284869 0.0168295
11 0.2009035 0.4010463 0.0284869 0.0168295
33 0.2734156 0.4004853 0.0673327 0.0605861
5 0.2734156 0.4010463 0.0284869 0.0168295
17 0.3446329 0.4010463 0.0284869 0.0168295
30 0.4184399 0.4010463 0.0284869 0.0168295
3 0.4909520 0.4010463 0.0284869 0.0168295
10 0.1283914 0.4616324 0.0284869 0.0168295
23 0.2009035 0.4616324 0.0284869 0.0168295
16 0.2734156 0.4616324 0.0284869 0.0168295
21 0.4909520 0.4616324 0.0284869 0.0168295
1 0.5634641 0.4616324 0.0284869 0.0168295
19 0.1283914 0.5222186 0.0284869 0.0168294
12 0.2009035 0.5222186 0.0284869 0.0168294
18 0.2734156 0.5222186 0.0284869 0.0168294
29 0.4184399 0.5222186 0.0284869 0.0168294
15 0.4909520 0.5222186 0.0284869 0.0168294
20 0.5634641 0.5222186 0.0284869 0.0168294
7 0.2009035 0.5828047 0.0284869 0.0168294
27 0.2734156 0.5828047 0.0284869 0.0168294
14 0.3446329 0.5828047 0.0284869 0.0168294
8 0.4184399 0.5828047 0.0284869 0.0168294
31 0.5634641 0.5828047 0.0284869 0.0168294
6 0.2734156 0.6433908 0.0284869 0.0168294
22 0.3446329 0.6433908 0.0284869 0.0168294
9 0.4184399 0.6433908 0.0284869 0.0168294
26 0.1283914 0.7039769 0.0284869 0.0168295
5 0.2009035 0.7039769 0.0284869 0.0168295
24 0.2734156 0.7039769 0.0284869 0.0168295
13 0.3446329 0.7039769 0.0284869 0.0168295
4 0.4184399 0.7039769 0.0284869 0.0168295
2 0.4909520 0.7039769 0.0284869 0.0168295
27 0.4184399 0.4616324 0.0284869 0.0168295
13 0.1283914 0.6433908 0.0284869 0.0168294
22 0.5634641 0.6433908 0.0284869 0.0168294
6 0.4909520 0.6433908 0.0284869 0.0168294
13 0.3446329 0.5222186 0.0284869 0.0168294
1 0.5634641 0.7039769 0.0284869 0.0168295
2 0.5634641 0.4010463 0.0284869 0.0168295
20 0.2009035 0.6433908 0.0284869 0.0168294
6 0.4909520 0.5828047 0.0284869 0.0168294
