14 0.7711081 0.3399375 0.0285754 0.0174519
22 0.4074213 0.3399375 0.0285754 0.0174519
32 0.5548444 0.4079995 0.5260470 0.4467666
30 0.4074213 0.2771109 0.0285754 0.0174518
15 0.4801587 0.2771109 0.0285754 0.0174518
5 0.5515972 0.2771109 0.0285754 0.0174518
31 0.6256334 0.2771109 0.0285754 0.0174518
3 0.6983708 0.2771109 0.0285754 0.0174518
29 0.3346840 0.3399375 0.0285754 0.0174519
26 0.4801587 0.3399375 0.0285754 0.0174519
8 0.6256334 0.3399375 0.0285754 0.0174519
19 0.6983708 0.3399375 0.0285754 0.0174519
1 0.3346840 0.4027640 0.0285754 0.0174519
6 0.4074213 0.4027640 0.0285754 0.0174519
4 0.4801587 0.4027640 0.0285754 0.0174519
24 0.5515972 0.4027640 0.0285754 0.0174519
16 0.6256334 0.4027640 0.0285754 0.0174519
23 0.6983708 0.4027640 0.0285754 0.0174519
10 0.7711081 0.4027640 0.0285754 0.0174519
9 0.3346840 0.4655905 0.0285754 0.0174519
22 0.4074213 0.4655905 0.0285754 0.0174519
12 0.4801587 0.4655905 0.0285754 0.0174519
11 0.5515972 0.4655905 0.0285754 0.0174519
27 0.6256334 0.4655905 0.0285754 0.0174519
21 0.7711081 0.4655905 0.0285754 0.0174519
13 0.4074213 0.5284171 0.0285754 0.0174519
33 0.4801587 0.5278354 0.0675418 0.0628265
22 0.4801587 0.5284171 0.0285754 0.0174519
2 0.5515972 0.5284171 0.0285754 0.0174519
18 0.6983708 0.5284171 0.0285754 0.0174519
25 0.4074213 0.5912436 0.0285754 0.0174518
17 0.4801587 0.5912436 0.0285754 0.0174518
14 0.6256334 0.5912436 0.0285754 0.0174518
20 0.6983708 0.5912436 0.0285754 0.0174518
7 0.7711081 0.5912436 0.0285754 0.0174518
2 0.6256334 0.5284171 0.0285754 0.0174519
13 0.7711081 0.5284171 0.0285754 0.0174519
20 0.3346840 0.2771109 0.0285754 0.0174518
21 0.7711081 0.2771109 0.0285754 0.0174518
26 0.5515972 0.5912436 0.0285754 0.0174518
29 0.3346840 0.5912436 0.0285754 0.0174518
25 0.3346840 0.5284171 0.0285754 0.0174519
14 0.6983708 0.4655905 0.0285754 0.0174519
21 0.5515972 0.3399375 0.0285754 0.0174519
