16 0.5567706 0.5700321 0.0287963 0.0174073
21 0.4101713 0.3820336 0.0287963 0.0174072
32 0.6320337 0.3872557 0.5301137 0.4456264
15 0.4101713 0.2567011 0.0287963 0.0174073
11 0.4834710 0.2567011 0.0287963 0.0174073
9 0.5567706 0.2567011 0.0287963 0.0174073
18 0.6287614 0.2567011 0.0287963 0.0174073
33 0.7027155 0.2561209 0.0693729 0.0626662
23 0.7033700 0.2567011 0.0287962 0.0174073
27 0.7766696 0.2567011 0.0287963 0.0174073
6 0.8499693 0.2567011 0.0287964 0.0174073
13 0.4834710 0.3193673 0.0287963 0.0174072
29 0.5567706 0.3193673 0.0287963 0.0174072
10 0.6287614 0.3193673 0.0287963 0.0174072
12 0.7033700 0.3193673 0.0287962 0.0174072
30 0.7766696 0.3193673 0.0287963 0.0174072
8 0.5567706 0.3820336 0.0287963 0.0174072
23 0.6287614 0.3820336 0.0287963 0.0174072
25 0.7766696 0.3820336 0.0287963 0.0174072
31 0.8499693 0.3820336 0.0287964 0.0174072
3 0.4101713 0.4446997 0.0287963 0.0174073
19 0.4834710 0.4446997 0.0287963 0.0174073
16 0.5567706 0.4446997 0.0287963 0.0174073
14 0.6287614 0.4446997 0.0287963 0.0174073
5 0.7033700 0.4446997 0.0287962 0.0174073
7 0.4101713 0.5073660 0.0287963 0.0174073
17 0.4834710 0.5073660 0.0287963 0.0174073
26 0.5567706 0.5073660 0.0287963 0.0174073
20 0.6287614 0.5073660 0.0287963 0.0174073
21 0.7766696 0.5073660 0.0287963 0.0174073
4 0.8499693 0.5073660 0.0287964 0.0174073
22 0.4101713 0.5700321 0.0287963 0.0174073
2 0.4834710 0.5700321 0.0287963 0.0174073
24 0.6287614 0.5700321 0.0287963 0.0174073
1 0.8499693 0.5700321 0.0287964 0.0174073
3 0.4834710 0.3820336 0.0287963 0.0174072
11 0.7766696 0.5700321 0.0287963 0.0174073
5 0.7033700 0.5073660 0.0287962 0.0174073
14 0.8499693 0.4446997 0.0287964 0.0174073
20 0.4101713 0.3193673 0.0287963 0.0174072
13 0.7766696 0.4446997 0.0287963 0.0174073
30 0.8499693 0.3193673 0.0287964 0.0174072
6 0.7033700 0.5700321 0.0287962 0.0174073
13 0.7033700 0.3820336 0.0287962 0.0174072
