28 0.6338972 0.3567436 0.0269691 0.0172852
1 0.7025458 0.4811970 0.0269691 0.0172852
32 0.4984389 0.4241558 0.4964763 0.4425007
11 0.2906543 0.2945169 0.0269691 0.0172852
5 0.3593029 0.2945169 0.0269691 0.0172852
20 0.4279515 0.2945169 0.0269691 0.0172852
15 0.4953742 0.2945169 0.0269691 0.0172852
10 0.5652486 0.2945169 0.0269691 0.0172852
12 0.6338972 0.2945169 0.0269691 0.0172852
25 0.2906543 0.3567436 0.0269691 0.0172852
9 0.3593029 0.3567436 0.0269691 0.0172852
16 0.4279515 0.3567436 0.0269691 0.0172852
7 0.4953742 0.3567436 0.0269691 0.0172852
21 0.5652486 0.3567436 0.0269691 0.0172852
29 0.7025458 0.3567436 0.0269691 0.0172852
13 0.2906543 0.4189703 0.0269691 0.0172852
1 0.3593029 0.4189703 0.0269691 0.0172852
3 0.4953742 0.4189703 0.0269691 0.0172852
17 0.5652486 0.4189703 0.0269691 0.0172852
2 0.6338972 0.4189703 0.0269691 0.0172852
18 0.7025458 0.4189703 0.0269691 0.0172852
27 0.2906543 0.4811970 0.0269691 0.0172852
24 0.3593029 0.4811970 0.0269691 0.0172852
19 0.4279515 0.4811970 0.0269691 0.0172852
22 0.2906543 0.5434237 0.0269691 0.0172852
30 0.5652486 0.5434237 0.0269691 0.0172852
26 0.6338972 0.5434237 0.0269691 0.0172852
6 0.7025458 0.5434237 0.0269691 0.0172852
8 0.2906543 0.6056504 0.0269691 0.0172852
14 0.3593029 0.6056504 0.0269691 0.0172852
4 0.4953742 0.6056504 0.0269691 0.0172852
31 0.5652486 0.6056504 0.0269691 0.0172852
23 0.6338972 0.6056504 0.0269691 0.0172852
33 0.7025458 0.6050742 0.0637451 0.0622266
21 0.7025458 0.6056504 0.0269691 0.0172852
24 0.4279515 0.6056504 0.0269691 0.0172852
21 0.5652486 0.4811970 0.0269691 0.0172852
5 0.4279515 0.5434237 0.0269691 0.0172852
15 0.4953742 0.5434237 0.0269691 0.0172852
19 0.7025458 0.2945169 0.0269691 0.0172852
18 0.4279515 0.4189703 0.0269691 0.0172852
7 0.4953742 0.4811970 0.0269691 0.0172852
30 0.6338972 0.4811970 0.0269691 0.0172852
17 0.3593029 0.5434237 0.0269691 0.0172852
