1 0.2620537 0.7755016 0.0280029 0.0170253
3 0.1194937 0.7142103 0.0280028 0.0170253
32 0.3352429 0.5967355 0.5155069 0.4358489
5 0.1194937 0.4690454 0.0280028 0.0170253
29 0.2620537 0.4690454 0.0280029 0.0170253
13 0.3320608 0.4690454 0.0280029 0.0170253
24 0.4046136 0.4690454 0.0280029 0.0170253
25 0.5471735 0.4690454 0.0280028 0.0170253
16 0.1194937 0.5303366 0.0280028 0.0170253
11 0.1907737 0.5303366 0.0280028 0.0170253
27 0.2620537 0.5303366 0.0280029 0.0170253
3 0.4046136 0.5303366 0.0280029 0.0170253
6 0.4758936 0.5303366 0.0280029 0.0170253
12 0.1194937 0.5916279 0.0280028 0.0170253
2 0.2620537 0.5916279 0.0280029 0.0170253
10 0.3320608 0.5916279 0.0280029 0.0170253
19 0.4046136 0.5916279 0.0280029 0.0170253
4 0.4758936 0.5916279 0.0280029 0.0170253
20 0.1194937 0.6529191 0.0280028 0.0170253
7 0.1907737 0.6529191 0.0280028 0.0170253
26 0.2620537 0.6529191 0.0280029 0.0170253
14 0.3320608 0.6529191 0.0280029 0.0170253
23 0.4046136 0.6529191 0.0280029 0.0170253
8 0.4758936 0.6529191 0.0280029 0.0170253
33 0.5471735 0.6523516 0.0661885 0.0612912
31 0.5471735 0.6529191 0.0280028 0.0170253
22 0.1907737 0.7142103 0.0280028 0.0170253
18 0.4046136 0.7142103 0.0280029 0.0170253
17 0.4758936 0.7142103 0.0280029 0.0170253
30 0.5471735 0.7142103 0.0280028 0.0170253
31 0.1907737 0.7755016 0.0280028 0.0170253
1 0.3320608 0.7755016 0.0280029 0.0170253
15 0.4046136 0.7755016 0.0280029 0.0170253
9 0.4758936 0.7755016 0.0280029 0.0170253
21 0.5471735 0.7755016 0.0280028 0.0170253
6 0.1194937 0.7755016 0.0280028 0.0170253
28 0.3320608 0.5303366 0.0280029 0.0170253
8 0.3320608 0.7142103 0.0280029 0.0170253
19 0.1907737 0.5916279 0.0280028 0.0170253
8 0.2620537 0.7142103 0.0280029 0.0170253
12 0.4758936 0.4690454 0.0280029 0.0170253
1 0.1907737 0.4690454 0.0280028 0.0170253
26 0.5471735 0.5916279 0.0280028 0.0170253
20 0.5471735 0.5303366 0.0280028 0.0170253
