27 0.3969392 0.6981352 0.0279072 0.0165900
27 0.3246340 0.5189637 0.0279072 0.0165900
32 0.3278053 0.5239407 0.5137468 0.4247029
31 0.1127928 0.3995160 0.0279072 0.0165900
1 0.1838294 0.3995160 0.0279072 0.0165900
10 0.2548660 0.3995160 0.0279072 0.0165900
4 0.3246340 0.3995160 0.0279072 0.0165900
27 0.3969392 0.3995160 0.0279072 0.0165900
26 0.5390123 0.3995160 0.0279072 0.0165900
8 0.1127928 0.4592398 0.0279072 0.0165899
6 0.1838294 0.4592398 0.0279072 0.0165899
22 0.3246340 0.4592398 0.0279072 0.0165899
11 0.4679757 0.4592398 0.0279072 0.0165899
14 0.5390123 0.4592398 0.0279072 0.0165899
19 0.1127928 0.5189637 0.0279072 0.0165900
18 0.1838294 0.5189637 0.0279072 0.0165900
17 0.2548660 0.5189637 0.0279072 0.0165900
21 0.3969392 0.5189637 0.0279072 0.0165900
7 0.4679757 0.5189637 0.0279072 0.0165900
29 0.5390123 0.5189637 0.0279072 0.0165900
13 0.2548660 0.5786875 0.0279072 0.0165900
5 0.3246340 0.5786875 0.0279072 0.0165900
23 0.3969392 0.5786875 0.0279072 0.0165900
15 0.4679757 0.5786875 0.0279072 0.0165900
2 0.1127928 0.6384113 0.0279072 0.0165900
25 0.2548660 0.6384113 0.0279072 0.0165900
9 0.3246340 0.6384113 0.0279072 0.0165900
24 0.3969392 0.6384113 0.0279072 0.0165900
16 0.4679757 0.6384113 0.0279072 0.0165900
12 0.5390123 0.6384113 0.0279072 0.0165900
20 0.1838294 0.6981352 0.0279072 0.0165900
3 0.2548660 0.6981352 0.0279072 0.0165900
33 0.3246340 0.6975822 0.0659625 0.0597238
8 0.3246340 0.6981352 0.0279072 0.0165900
30 0.4679757 0.6981352 0.0279072 0.0165900
27 0.5390123 0.5786875 0.0279072 0.0165900
5 0.1838294 0.5786875 0.0279072 0.0165900
30 0.1838294 0.6384113 0.0279072 0.0165900
13 0.2548660 0.4592398 0.0279072 0.0165899
18 0.4679757 0.3995160 0.0279072 0.0165900
2 0.5390123 0.6981352 0.0279072 0.0165900
12 0.1127928 0.5786875 0.0279072 0.0165900
25 0.1127928 0.6981352 0.0279072 0.0165900
2 0.3969392 0.4592398 0.0279072 0.0165899
