6 0.1814319 0.6798309 0.0267571 0.0174583
25 0.5219766 0.5541312 0.0267571 0.0174583
32 0.3875831 0.4965188 0.4925735 0.4469323
26 0.1814319 0.3655816 0.0267571 0.0174583
10 0.2495409 0.3655816 0.0267571 0.0174583
6 0.3845425 0.3655816 0.0267571 0.0174583
27 0.4538676 0.3655816 0.0267571 0.0174583
20 0.5219766 0.3655816 0.0267571 0.0174583
2 0.5900855 0.3655816 0.0267571 0.0174583
15 0.1814319 0.4284315 0.0267571 0.0174583
17 0.2495409 0.4284315 0.0267571 0.0174583
8 0.3176498 0.4284315 0.0267571 0.0174583
21 0.3845425 0.4284315 0.0267571 0.0174583
30 0.4538676 0.4284315 0.0267571 0.0174583
22 0.5900855 0.4284315 0.0267571 0.0174583
5 0.1814319 0.4912814 0.0267571 0.0174583
14 0.3176498 0.4912814 0.0267571 0.0174583
12 0.5900855 0.4912814 0.0267571 0.0174583
24 0.1814319 0.5541312 0.0267571 0.0174583
23 0.2495409 0.5541312 0.0267571 0.0174583
3 0.3176498 0.5541312 0.0267571 0.0174583
13 0.3845425 0.5541312 0.0267571 0.0174583
1 0.4538676 0.5541312 0.0267571 0.0174583
18 0.5900855 0.5541312 0.0267571 0.0174583
9 0.1814319 0.6169811 0.0267571 0.0174583
19 0.2495409 0.6169811 0.0267571 0.0174583
7 0.3176498 0.6169811 0.0267571 0.0174583
16 0.3845425 0.6169811 0.0267571 0.0174583
29 0.4538676 0.6169811 0.0267571 0.0174583
4 0.2495409 0.6798309 0.0267571 0.0174583
25 0.3176498 0.6798309 0.0267571 0.0174583
33 0.3845425 0.6792490 0.0632440 0.0628499
5 0.3845425 0.6798309 0.0267571 0.0174583
11 0.5219766 0.6798309 0.0267571 0.0174583
31 0.5900855 0.6798309 0.0267571 0.0174583
9 0.5219766 0.6169811 0.0267571 0.0174583
31 0.5219766 0.4912814 0.0267571 0.0174583
1 0.2495409 0.4912814 0.0267571 0.0174583
6 0.4538676 0.6798309 0.0267571 0.0174583
1 0.5219766 0.4284315 0.0267571 0.0174583
18 0.5900855 0.6169811 0.0267571 0.0174583
18 0.3176498 0.3655816 0.0267571 0.0174583
11 0.4538676 0.4912814 0.0267571 0.0174583
9 0.3845425 0.4912814 0.0267571 0.0174583
