10 0.7154938 0.6433183 0.0288383 0.0158388
5 0.4952744 0.7003377 0.0288382 0.0158388
32 0.5706470 0.5340310 0.5308860 0.4054717
1 0.3484614 0.4152404 0.0288383 0.0158388
16 0.4952744 0.4152404 0.0288382 0.0158388
29 0.5673700 0.4152404 0.0288382 0.0158388
15 0.6420872 0.4152404 0.0288382 0.0158388
33 0.7148383 0.4147125 0.0668523 0.0570194
23 0.7154938 0.4152404 0.0288383 0.0158388
7 0.7889001 0.4152404 0.0288383 0.0158388
27 0.3484614 0.4722599 0.0288383 0.0158387
17 0.4218679 0.4722599 0.0288382 0.0158387
24 0.4952744 0.4722599 0.0288382 0.0158387
3 0.5673700 0.4722599 0.0288382 0.0158387
11 0.7154938 0.4722599 0.0288383 0.0158387
25 0.7889001 0.4722599 0.0288383 0.0158387
19 0.3484614 0.5292794 0.0288383 0.0158388
26 0.4218679 0.5292794 0.0288382 0.0158388
2 0.4952744 0.5292794 0.0288382 0.0158388
5 0.5673700 0.5292794 0.0288382 0.0158388
31 0.6420872 0.5292794 0.0288382 0.0158388
4 0.7154938 0.5292794 0.0288383 0.0158388
6 0.3484614 0.5862988 0.0288383 0.0158388
21 0.4218679 0.5862988 0.0288382 0.0158388
9 0.4952744 0.5862988 0.0288382 0.0158388
8 0.6420872 0.5862988 0.0288382 0.0158388
13 0.7154938 0.5862988 0.0288383 0.0158388
18 0.7889001 0.5862988 0.0288383 0.0158388
14 0.4952744 0.6433183 0.0288382 0.0158388
23 0.5673700 0.6433183 0.0288382 0.0158388
22 0.3484614 0.7003377 0.0288383 0.0158388
30 0.4218679 0.7003377 0.0288382 0.0158388
10 0.5673700 0.7003377 0.0288382 0.0158388
12 0.6420872 0.7003377 0.0288382 0.0158388
16 0.7154938 0.7003377 0.0288383 0.0158388
24 0.3484614 0.6433183 0.0288383 0.0158388
11 0.4218679 0.6433183 0.0288382 0.0158388
28 0.7889001 0.5292794 0.0288383 0.0158388
31 0.4218679 0.4152404 0.0288382 0.0158388
4 0.7889001 0.6433183 0.0288383 0.0158388
24 0.6420872 0.6433183 0.0288382 0.0158388
27 0.7889001 0.7003377 0.0288383 0.0158388
5 0.6420872 0.4722599 0.0288382 0.0158387
28 0.5673700 0.5862988 0.0288382 0.0158388
