13 0.3579939 0.4769149 0.0272245 0.0170232
12 0.7737862 0.5994824 0.0272245 0.0170232
32 0.5677462 0.4820218 0.5011781 0.4357957
11 0.3579939 0.3543473 0.0272245 0.0170233
1 0.4272926 0.3543473 0.0272245 0.0170233
21 0.4965913 0.3543473 0.0272245 0.0170233
15 0.6351887 0.3543473 0.0272245 0.0170233
3 0.7044875 0.3543473 0.0272245 0.0170233
9 0.7737862 0.3543473 0.0272245 0.0170233
12 0.4272926 0.4156311 0.0272245 0.0170232
4 0.4965913 0.4156311 0.0272245 0.0170232
6 0.5646526 0.4156311 0.0272245 0.0170232
8 0.6351887 0.4156311 0.0272245 0.0170232
10 0.7044875 0.4156311 0.0272245 0.0170232
19 0.7737862 0.4156311 0.0272245 0.0170232
5 0.4272926 0.4769149 0.0272245 0.0170232
27 0.4965913 0.4769149 0.0272245 0.0170232
13 0.6351887 0.4769149 0.0272245 0.0170232
23 0.7044875 0.4769149 0.0272245 0.0170232
25 0.7737862 0.4769149 0.0272245 0.0170232
14 0.3579939 0.5381986 0.0272245 0.0170232
26 0.4965913 0.5381986 0.0272245 0.0170232
16 0.5646526 0.5381986 0.0272245 0.0170232
2 0.6351887 0.5381986 0.0272245 0.0170232
22 0.7044875 0.5381986 0.0272245 0.0170232
18 0.4272926 0.5994824 0.0272245 0.0170232
24 0.5646526 0.5994824 0.0272245 0.0170232
30 0.6351887 0.5994824 0.0272245 0.0170232
7 0.7044875 0.5994824 0.0272245 0.0170232
33 0.3579939 0.6601988 0.0643488 0.0612838
20 0.3579939 0.6607662 0.0272245 0.0170232
31 0.4272926 0.6607662 0.0272245 0.0170232
29 0.5646526 0.6607662 0.0272245 0.0170232
20 0.7737862 0.6607662 0.0272245 0.0170232
9 0.3579939 0.4156311 0.0272245 0.0170232
10 0.4965913 0.5994824 0.0272245 0.0170232
7 0.7044875 0.6607662 0.0272245 0.0170232
18 0.4965913 0.6607662 0.0272245 0.0170232
28 0.4272926 0.5381986 0.0272245 0.0170232
6 0.3579939 0.5994824 0.0272245 0.0170232
1 0.5646526 0.3543473 0.0272245 0.0170233
27 0.6351887 0.6607662 0.0272245 0.0170232
2 0.5646526 0.4769149 0.0272245 0.0170232
19 0.7737862 0.5381986 0.0272245 0.0170232
