3 0.3344692 0.5246842 0.0263916 0.0168979
26 0.7375417 0.7680143 0.0263917 0.0168979
32 0.5378048 0.5905861 0.4858462 0.4325868
26 0.3344692 0.4638517 0.0263916 0.0168979
23 0.4016479 0.4638517 0.0263916 0.0168979
18 0.4688267 0.4638517 0.0263916 0.0168979
12 0.6031841 0.4638517 0.0263916 0.0168979
6 0.6703629 0.4638517 0.0263917 0.0168979
29 0.7375417 0.4638517 0.0263917 0.0168979
2 0.4016479 0.5246842 0.0263916 0.0168979
22 0.4688267 0.5246842 0.0263916 0.0168979
33 0.5348058 0.5241210 0.0623803 0.0608325
16 0.5348058 0.5246842 0.0263917 0.0168979
13 0.6031841 0.5246842 0.0263916 0.0168979
9 0.7375417 0.5246842 0.0263917 0.0168979
21 0.3344692 0.5855168 0.0263916 0.0168979
4 0.4016479 0.5855168 0.0263916 0.0168979
1 0.4688267 0.5855168 0.0263916 0.0168979
17 0.6703629 0.5855168 0.0263917 0.0168979
14 0.7375417 0.5855168 0.0263917 0.0168979
15 0.4688267 0.6463493 0.0263916 0.0168979
5 0.5348058 0.6463493 0.0263917 0.0168979
10 0.6703629 0.6463493 0.0263917 0.0168979
19 0.7375417 0.6463493 0.0263917 0.0168979
16 0.3344692 0.7071818 0.0263916 0.0168979
11 0.4016479 0.7071818 0.0263916 0.0168979
27 0.4688267 0.7071818 0.0263916 0.0168979
30 0.5348058 0.7071818 0.0263917 0.0168979
25 0.6031841 0.7071818 0.0263916 0.0168979
20 0.6703629 0.7071818 0.0263917 0.0168979
7 0.3344692 0.7680143 0.0263916 0.0168979
8 0.4016479 0.7680143 0.0263916 0.0168979
24 0.4688267 0.7680143 0.0263916 0.0168979
31 0.6031841 0.7680143 0.0263916 0.0168979
27 0.7375417 0.7071818 0.0263917 0.0168979
5 0.6703629 0.5246842 0.0263917 0.0168979
22 0.4016479 0.6463493 0.0263916 0.0168979
19 0.6031841 0.5855168 0.0263916 0.0168979
21 0.5348058 0.5855168 0.0263917 0.0168979
11 0.5348058 0.4638517 0.0263917 0.0168979
1 0.5348058 0.7680143 0.0263917 0.0168979
7 0.6703629 0.7680143 0.0263917 0.0168979
26 0.3344692 0.6463493 0.0263916 0.0168979
13 0.6031841 0.6463493 0.0263916 0.0168979
