20 0.4161184 0.3410712 0.0270412 0.0169830
24 0.4161184 0.4633490 0.0270412 0.0169830
32 0.4867944 0.3461661 0.4978049 0.4347657
14 0.2784539 0.2187934 0.0270412 0.0169830
18 0.3472861 0.2187934 0.0270412 0.0169830
16 0.4161184 0.2187934 0.0270412 0.0169830
22 0.6226152 0.2187934 0.0270413 0.0169830
30 0.6914474 0.2187934 0.0270412 0.0169830
26 0.2784539 0.2799323 0.0270412 0.0169830
21 0.3472861 0.2799323 0.0270412 0.0169830
5 0.5537830 0.2799323 0.0270412 0.0169830
4 0.6226152 0.2799323 0.0270413 0.0169830
19 0.6914474 0.2799323 0.0270412 0.0169830
2 0.2784539 0.3410712 0.0270412 0.0169830
20 0.4837215 0.3410712 0.0270412 0.0169830
31 0.6226152 0.3410712 0.0270413 0.0169830
12 0.6914474 0.3410712 0.0270412 0.0169830
11 0.2784539 0.4022101 0.0270412 0.0169830
13 0.3472861 0.4022101 0.0270412 0.0169830
15 0.4161184 0.4022101 0.0270412 0.0169830
9 0.4837215 0.4022101 0.0270412 0.0169830
25 0.5537830 0.4022101 0.0270412 0.0169830
29 0.6226152 0.4022101 0.0270413 0.0169830
17 0.6914474 0.4022101 0.0270412 0.0169830
1 0.2784539 0.4633490 0.0270412 0.0169830
24 0.3472861 0.4633490 0.0270412 0.0169830
27 0.4837215 0.4633490 0.0270412 0.0169830
8 0.5537830 0.4633490 0.0270412 0.0169830
34 0.6914474 0.4627829 0.0639156 0.0611389
28 0.6914474 0.4633490 0.0270412 0.0169830
10 0.3472861 0.5244879 0.0270412 0.0169830
6 0.4837215 0.5244879 0.0270412 0.0169830
7 0.5537830 0.5244879 0.0270412 0.0169830
23 0.6914474 0.5244879 0.0270412 0.0169830
31 0.2784539 0.5244879 0.0270412 0.0169830
8 0.4161184 0.2799323 0.0270412 0.0169830
24 0.4837215 0.2187934 0.0270412 0.0169830
16 0.6226152 0.5244879 0.0270413 0.0169830
3 0.5537830 0.3410712 0.0270412 0.0169830
22 0.4837215 0.2799323 0.0270412 0.0169830
27 0.5537830 0.2187934 0.0270412 0.0169830
20 0.3472861 0.3410712 0.0270412 0.0169830
9 0.6226152 0.4633490 0.0270413 0.0169830
13 0.4161184 0.5244879 0.0270412 0.0169830
