11 0.2080645 0.4438580 0.0286090 0.0164206
11 0.3524101 0.5029723 0.0286090 0.0164207
32 0.3556612 0.3896698 0.5266664 0.4203688
1 0.1352415 0.2665149 0.0286090 0.0164207
24 0.2808875 0.2665149 0.0286090 0.0164207
13 0.4265335 0.2665149 0.0286090 0.0164207
11 0.5721796 0.2665149 0.0286090 0.0164207
2 0.1352415 0.3256293 0.0286090 0.0164207
31 0.2080645 0.3256293 0.0286090 0.0164207
22 0.2808875 0.3256293 0.0286090 0.0164207
19 0.4265335 0.3256293 0.0286090 0.0164207
20 0.4993565 0.3256293 0.0286090 0.0164207
29 0.1352415 0.3847436 0.0286090 0.0164207
6 0.2080645 0.3847436 0.0286090 0.0164207
4 0.2808875 0.3847436 0.0286090 0.0164207
5 0.3524101 0.3847436 0.0286090 0.0164207
15 0.4265335 0.3847436 0.0286090 0.0164207
21 0.4993565 0.3847436 0.0286090 0.0164207
12 0.5721796 0.3847436 0.0286090 0.0164207
25 0.1352415 0.4438580 0.0286090 0.0164206
3 0.2808875 0.4438580 0.0286090 0.0164206
7 0.4265335 0.4438580 0.0286090 0.0164206
17 0.5721796 0.4438580 0.0286090 0.0164206
8 0.1352415 0.5029723 0.0286090 0.0164207
9 0.2080645 0.5029723 0.0286090 0.0164207
18 0.2808875 0.5029723 0.0286090 0.0164207
33 0.4258833 0.5024250 0.0689218 0.0591144
30 0.4265335 0.5029723 0.0286090 0.0164207
27 0.4993565 0.5029723 0.0286090 0.0164207
30 0.2080645 0.5620867 0.0286090 0.0164206
16 0.3524101 0.5620867 0.0286090 0.0164206
26 0.4265335 0.5620867 0.0286090 0.0164206
14 0.4993565 0.5620867 0.0286090 0.0164206
10 0.5721796 0.5620867 0.0286090 0.0164206
14 0.2808875 0.5620867 0.0286090 0.0164206
28 0.4993565 0.4438580 0.0286090 0.0164206
27 0.3524101 0.2665149 0.0286090 0.0164207
7 0.5721796 0.3256293 0.0286090 0.0164207
27 0.1352415 0.5620867 0.0286090 0.0164206
30 0.3524101 0.3256293 0.0286090 0.0164207
14 0.3524101 0.4438580 0.0286090 0.0164206
22 0.4993565 0.2665149 0.0286090 0.0164207
4 0.5721796 0.5029723 0.0286090 0.0164207
15 0.2080645 0.2665149 0.0286090 0.0164207
