2 0.4870919 0.7245664 0.0281484 0.0167061
4 0.4870919 0.5441411 0.0281484 0.0167060
32 0.4902906 0.5491529 0.5181866 0.4276746
26 0.2734199 0.4238576 0.0281484 0.0167061
24 0.4167209 0.4238576 0.0281484 0.0167061
6 0.5600219 0.4238576 0.0281483 0.0167061
1 0.6316724 0.4238576 0.0281484 0.0167061
23 0.7033229 0.4238576 0.0281484 0.0167061
30 0.2734199 0.4839994 0.0281484 0.0167060
2 0.3450704 0.4839994 0.0281484 0.0167060
14 0.4167209 0.4839994 0.0281484 0.0167060
13 0.4870919 0.4839994 0.0281484 0.0167060
9 0.5600219 0.4839994 0.0281483 0.0167060
12 0.6316724 0.4839994 0.0281484 0.0167060
19 0.2734199 0.5441411 0.0281484 0.0167060
17 0.3450704 0.5441411 0.0281484 0.0167060
29 0.4167209 0.5441411 0.0281484 0.0167060
18 0.5600219 0.5441411 0.0281483 0.0167060
15 0.7033229 0.5441411 0.0281484 0.0167060
7 0.2734199 0.6042828 0.0281484 0.0167060
21 0.3450704 0.6042828 0.0281484 0.0167060
10 0.4870919 0.6042828 0.0281484 0.0167060
22 0.5600219 0.6042828 0.0281483 0.0167060
5 0.2734199 0.6644246 0.0281484 0.0167061
31 0.3450704 0.6644246 0.0281484 0.0167061
33 0.4870919 0.6638677 0.0665326 0.0601417
25 0.4870919 0.6644246 0.0281484 0.0167061
25 0.5600219 0.6644246 0.0281483 0.0167061
8 0.6316724 0.6644246 0.0281484 0.0167061
11 0.2734199 0.7245664 0.0281484 0.0167061
3 0.3450704 0.7245664 0.0281484 0.0167061
20 0.5600219 0.7245664 0.0281483 0.0167061
27 0.6316724 0.7245664 0.0281484 0.0167061
4 0.7033229 0.7245664 0.0281484 0.0167061
15 0.4167209 0.7245664 0.0281484 0.0167061
22 0.7033229 0.6644246 0.0281484 0.0167061
12 0.7033229 0.4839994 0.0281484 0.0167060
2 0.3450704 0.4238576 0.0281484 0.0167061
20 0.6316724 0.6042828 0.0281484 0.0167060
31 0.4870919 0.4238576 0.0281484 0.0167061
15 0.4167209 0.6644246 0.0281484 0.0167061
12 0.7033229 0.6042828 0.0281484 0.0167060
31 0.6316724 0.5441411 0.0281484 0.0167060
18 0.4167209 0.6042828 0.0281484 0.0167060
