28 0.3680508 0.6137535 0.0284578 0.0161428
3 0.5866584 0.5556397 0.0284578 0.0161427
32 0.3712846 0.5023687 0.5238820 0.4132540
16 0.1520303 0.3812982 0.0284578 0.0161427
2 0.2244683 0.3812982 0.0284578 0.0161427
25 0.2969063 0.3812982 0.0284578 0.0161427
4 0.3680508 0.3812982 0.0284578 0.0161427
29 0.4417824 0.3812982 0.0284578 0.0161427
11 0.5866584 0.3812982 0.0284578 0.0161427
22 0.2969063 0.4394121 0.0284578 0.0161427
33 0.3680508 0.4388740 0.0672639 0.0581138
31 0.3680508 0.4394121 0.0284578 0.0161427
21 0.4417824 0.4394121 0.0284578 0.0161427
6 0.5142204 0.4394121 0.0284578 0.0161427
12 0.5866584 0.4394121 0.0284578 0.0161427
26 0.1520303 0.4975259 0.0284578 0.0161427
1 0.2244683 0.4975259 0.0284578 0.0161427
30 0.4417824 0.4975259 0.0284578 0.0161427
8 0.5142204 0.4975259 0.0284578 0.0161427
20 0.5866584 0.4975259 0.0284578 0.0161427
7 0.1520303 0.5556397 0.0284578 0.0161427
9 0.2969063 0.5556397 0.0284578 0.0161427
18 0.3680508 0.5556397 0.0284578 0.0161427
17 0.4417824 0.5556397 0.0284578 0.0161427
5 0.5142204 0.5556397 0.0284578 0.0161427
24 0.2244683 0.6137535 0.0284578 0.0161428
27 0.2969063 0.6137535 0.0284578 0.0161428
14 0.4417824 0.6137535 0.0284578 0.0161428
19 0.5142204 0.6137535 0.0284578 0.0161428
31 0.5866584 0.6137535 0.0284578 0.0161428
15 0.1520303 0.6718674 0.0284578 0.0161427
3 0.2969063 0.6718674 0.0284578 0.0161427
13 0.4417824 0.6718674 0.0284578 0.0161427
10 0.5866584 0.6718674 0.0284578 0.0161427
15 0.2244683 0.6718674 0.0284578 0.0161427
6 0.1520303 0.6137535 0.0284578 0.0161428
6 0.5142204 0.3812982 0.0284578 0.0161427
22 0.1520303 0.4394121 0.0284578 0.0161427
2 0.3680508 0.4975259 0.0284578 0.0161427
25 0.3680508 0.6718674 0.0284578 0.0161427
19 0.2244683 0.5556397 0.0284578 0.0161427
18 0.2969063 0.4975259 0.0284578 0.0161427
21 0.2244683 0.4394121 0.0284578 0.0161427
22 0.5142204 0.6718674 0.0284578 0.0161427
