29 0.3662885 0.2701043 0.0274400 0.0165516
25 0.6456772 0.3892754 0.0274400 0.0165515
32 0.5078538 0.3346553 0.5051448 0.4237198
25 0.5047356 0.2105186 0.0274400 0.0165515
6 0.5758300 0.2105186 0.0274400 0.0165515
19 0.6456772 0.2105186 0.0274400 0.0165515
14 0.7155244 0.2105186 0.0274400 0.0165515
10 0.2964413 0.2701043 0.0274400 0.0165516
16 0.4361357 0.2701043 0.0274400 0.0165516
31 0.5758300 0.2701043 0.0274400 0.0165516
4 0.6456772 0.2701043 0.0274400 0.0165516
15 0.7155244 0.2701043 0.0274400 0.0165516
3 0.2964413 0.3296898 0.0274400 0.0165516
29 0.3662885 0.3296898 0.0274400 0.0165516
11 0.5047356 0.3296898 0.0274400 0.0165516
7 0.5758300 0.3296898 0.0274400 0.0165516
22 0.6456772 0.3296898 0.0274400 0.0165516
17 0.7155244 0.3296898 0.0274400 0.0165516
8 0.2964413 0.3892754 0.0274400 0.0165515
23 0.4361357 0.3892754 0.0274400 0.0165515
24 0.5758300 0.3892754 0.0274400 0.0165515
30 0.2964413 0.4488611 0.0274400 0.0165516
27 0.3662885 0.4488611 0.0274400 0.0165516
2 0.4361357 0.4488611 0.0274400 0.0165516
26 0.5047356 0.4488611 0.0274400 0.0165516
9 0.5758300 0.4488611 0.0274400 0.0165516
34 0.6450536 0.4483093 0.0636108 0.0595856
21 0.6456772 0.4488611 0.0274400 0.0165516
18 0.7155244 0.4488611 0.0274400 0.0165516
1 0.3662885 0.5084467 0.0274400 0.0165515
21 0.4361357 0.5084467 0.0274400 0.0165515
13 0.5047356 0.5084467 0.0274400 0.0165515
5 0.5758300 0.5084467 0.0274400 0.0165515
20 0.7155244 0.5084467 0.0274400 0.0165515
19 0.2964413 0.2105186 0.0274400 0.0165515
24 0.4361357 0.2105186 0.0274400 0.0165515
15 0.3662885 0.2105186 0.0274400 0.0165515
17 0.5047356 0.3892754 0.0274400 0.0165515
1 0.2964413 0.5084467 0.0274400 0.0165515
21 0.7155244 0.3892754 0.0274400 0.0165515
9 0.5047356 0.2701043 0.0274400 0.0165516
13 0.3662885 0.3892754 0.0274400 0.0165515
14 0.6456772 0.5084467 0.0274400 0.0165515
8 0.4361357 0.3296898 0.0274400 0.0165516
