30 0.3772704 0.6151291 0.0267842 0.0172435
2 0.4454485 0.6151291 0.0267842 0.0172435
32 0.3109185 0.6203021 0.4930737 0.4414337
31 0.1045581 0.4909759 0.0267842 0.0172435
20 0.1727362 0.4909759 0.0267843 0.0172435
8 0.2409143 0.4909759 0.0267842 0.0172435
33 0.3766617 0.4904011 0.0645257 0.0620766
15 0.3772704 0.4909759 0.0267842 0.0172435
9 0.4454485 0.4909759 0.0267842 0.0172435
13 0.5136266 0.4909759 0.0267842 0.0172435
16 0.1045581 0.5530525 0.0267842 0.0172435
5 0.3772704 0.5530525 0.0267842 0.0172435
10 0.4454485 0.5530525 0.0267842 0.0172435
21 0.5136266 0.5530525 0.0267842 0.0172435
12 0.1045581 0.6151291 0.0267842 0.0172435
2 0.1727362 0.6151291 0.0267843 0.0172435
18 0.2409143 0.6151291 0.0267842 0.0172435
19 0.5136266 0.6151291 0.0267842 0.0172435
22 0.1727362 0.6772057 0.0267843 0.0172435
17 0.2409143 0.6772057 0.0267842 0.0172435
30 0.3078749 0.6772057 0.0267842 0.0172435
1 0.5136266 0.6772057 0.0267842 0.0172435
27 0.1045581 0.7392824 0.0267842 0.0172435
6 0.1727362 0.7392824 0.0267843 0.0172435
26 0.2409143 0.7392824 0.0267842 0.0172435
11 0.3078749 0.7392824 0.0267842 0.0172435
14 0.4454485 0.7392824 0.0267842 0.0172435
4 0.5136266 0.7392824 0.0267842 0.0172435
23 0.1045581 0.8013590 0.0267842 0.0172435
7 0.1727362 0.8013590 0.0267843 0.0172435
29 0.2409143 0.8013590 0.0267842 0.0172435
3 0.3078749 0.8013590 0.0267842 0.0172435
24 0.3772704 0.8013590 0.0267842 0.0172435
15 0.5136266 0.8013590 0.0267842 0.0172435
26 0.1045581 0.6772057 0.0267842 0.0172435
21 0.4454485 0.8013590 0.0267842 0.0172435
25 0.3078749 0.5530525 0.0267842 0.0172435
2 0.1727362 0.5530525 0.0267843 0.0172435
16 0.3078749 0.6151291 0.0267842 0.0172435
8 0.3772704 0.6772057 0.0267842 0.0172435
2 0.2409143 0.5530525 0.0267842 0.0172435
10 0.3078749 0.4909759 0.0267842 0.0172435
30 0.3772704 0.7392824 0.0267842 0.0172435
26 0.4454485 0.6772057 0.0267842 0.0172435
