11 0.2717859 0.5165834 0.0261487 0.0171009
8 0.4714665 0.2703297 0.0261486 0.0171009
32 0.3401290 0.3985868 0.4813728 0.4377844
5 0.2052257 0.2703297 0.0261486 0.0171009
19 0.2717859 0.2703297 0.0261487 0.0171009
11 0.3371575 0.2703297 0.0261486 0.0171009
20 0.5380267 0.2703297 0.0261486 0.0171009
4 0.1386655 0.3318931 0.0261487 0.0171010
12 0.2052257 0.3318931 0.0261486 0.0171010
34 0.2717859 0.3313231 0.0618059 0.0615634
4 0.2717859 0.3318931 0.0261487 0.0171010
26 0.3371575 0.3318931 0.0261486 0.0171010
31 0.4049063 0.3318931 0.0261487 0.0171010
8 0.5380267 0.3318931 0.0261486 0.0171010
3 0.1386655 0.3934566 0.0261487 0.0171010
23 0.2052257 0.3934566 0.0261486 0.0171010
6 0.2717859 0.3934566 0.0261487 0.0171010
30 0.3371575 0.3934566 0.0261486 0.0171010
1 0.5380267 0.3934566 0.0261486 0.0171010
24 0.2717859 0.4550200 0.0261487 0.0171010
15 0.3371575 0.4550200 0.0261486 0.0171010
27 0.4049063 0.4550200 0.0261487 0.0171010
21 0.4714665 0.4550200 0.0261486 0.0171010
25 0.5380267 0.4550200 0.0261486 0.0171010
10 0.1386655 0.5165834 0.0261487 0.0171009
13 0.3371575 0.5165834 0.0261486 0.0171009
2 0.4714665 0.5165834 0.0261486 0.0171009
14 0.1386655 0.5781468 0.0261487 0.0171010
17 0.2052257 0.5781468 0.0261486 0.0171010
9 0.2717859 0.5781468 0.0261487 0.0171010
22 0.3371575 0.5781468 0.0261486 0.0171010
18 0.4049063 0.5781468 0.0261487 0.0171010
7 0.4714665 0.5781468 0.0261486 0.0171010
29 0.5380267 0.5781468 0.0261486 0.0171010
28 0.4049063 0.2703297 0.0261487 0.0171009
22 0.1386655 0.2703297 0.0261487 0.0171009
7 0.2052257 0.4550200 0.0261486 0.0171010
13 0.4714665 0.3318931 0.0261486 0.0171010
14 0.4049063 0.3934566 0.0261487 0.0171010
17 0.1386655 0.4550200 0.0261487 0.0171010
18 0.4049063 0.5165834 0.0261487 0.0171009
9 0.5380267 0.5165834 0.0261486 0.0171009
26 0.2052257 0.5165834 0.0261486 0.0171009
27 0.4714665 0.3934566 0.0261486 0.0171010
