26 0.6788100 0.5589987 0.0264864 0.0165701
16 0.5439705 0.7976080 0.0264863 0.0165701
32 0.6131961 0.6236220 0.4875896 0.4241943
12 0.4765507 0.4993464 0.0264864 0.0165701
11 0.6788100 0.4993464 0.0264864 0.0165701
26 0.7462299 0.4993464 0.0264864 0.0165701
13 0.8136497 0.4993464 0.0264864 0.0165701
14 0.4091309 0.5589987 0.0264864 0.0165701
17 0.6101863 0.5589987 0.0264863 0.0165701
21 0.7462299 0.5589987 0.0264864 0.0165701
27 0.8136497 0.5589987 0.0264864 0.0165701
6 0.4091309 0.6186510 0.0264864 0.0165701
23 0.4765507 0.6186510 0.0264864 0.0165701
24 0.5439705 0.6186510 0.0264863 0.0165701
22 0.6788100 0.6186510 0.0264864 0.0165701
25 0.8136497 0.6186510 0.0264864 0.0165701
29 0.4091309 0.6783034 0.0264864 0.0165700
19 0.4765507 0.6783034 0.0264864 0.0165700
18 0.5439705 0.6783034 0.0264863 0.0165700
9 0.6101863 0.6783034 0.0264863 0.0165700
3 0.6788100 0.6783034 0.0264864 0.0165700
20 0.7462299 0.6783034 0.0264864 0.0165700
16 0.4091309 0.7379557 0.0264864 0.0165701
10 0.4765507 0.7379557 0.0264864 0.0165701
31 0.5439705 0.7379557 0.0264863 0.0165701
2 0.6788100 0.7379557 0.0264864 0.0165701
34 0.7456279 0.7374033 0.0614001 0.0596523
25 0.7462299 0.7379557 0.0264864 0.0165701
5 0.8136497 0.7379557 0.0264864 0.0165701
1 0.4091309 0.7976080 0.0264864 0.0165701
7 0.4765507 0.7976080 0.0264864 0.0165701
8 0.6101863 0.7976080 0.0264863 0.0165701
4 0.6788100 0.7976080 0.0264864 0.0165701
15 0.8136497 0.7976080 0.0264864 0.0165701
31 0.7462299 0.7976080 0.0264864 0.0165701
22 0.4765507 0.5589987 0.0264864 0.0165701
10 0.5439705 0.5589987 0.0264863 0.0165701
31 0.8136497 0.6783034 0.0264864 0.0165700
19 0.6101863 0.4993464 0.0264863 0.0165701
3 0.6101863 0.7379557 0.0264863 0.0165701
15 0.4091309 0.4993464 0.0264864 0.0165701
2 0.6101863 0.6186510 0.0264863 0.0165701
20 0.5439705 0.4993464 0.0264863 0.0165701
28 0.7462299 0.6186510 0.0264864 0.0165701
