19 0.3888401 0.2802246 0.0288578 0.0173195
24 0.7561209 0.4049249 0.0288578 0.0173195
32 0.6111761 0.4101207 0.5312454 0.4433789
29 0.5357524 0.2802246 0.0288578 0.0173195
3 0.6078968 0.2802246 0.0288578 0.0173195
25 0.6826646 0.2802246 0.0288578 0.0173195
12 0.8295770 0.2802246 0.0288577 0.0173195
8 0.3888401 0.3425747 0.0288578 0.0173195
9 0.4622963 0.3425747 0.0288578 0.0173195
19 0.6826646 0.3425747 0.0288578 0.0173195
31 0.7561209 0.3425747 0.0288578 0.0173195
7 0.8295770 0.3425747 0.0288577 0.0173195
23 0.3888401 0.4049249 0.0288578 0.0173195
6 0.4622963 0.4049249 0.0288578 0.0173195
15 0.6826646 0.4049249 0.0288578 0.0173195
2 0.8295770 0.4049249 0.0288577 0.0173195
27 0.3888401 0.4672750 0.0288578 0.0173195
13 0.4622963 0.4672750 0.0288578 0.0173195
16 0.5357524 0.4672750 0.0288578 0.0173195
33 0.6078968 0.4666977 0.0682093 0.0623502
21 0.6078968 0.4672750 0.0288578 0.0173195
11 0.6826646 0.4672750 0.0288578 0.0173195
4 0.8295770 0.4672750 0.0288577 0.0173195
21 0.3888401 0.5296252 0.0288578 0.0173195
17 0.4622963 0.5296252 0.0288578 0.0173195
20 0.5357524 0.5296252 0.0288578 0.0173195
1 0.6826646 0.5296252 0.0288578 0.0173195
26 0.7561209 0.5296252 0.0288578 0.0173195
5 0.8295770 0.5296252 0.0288577 0.0173195
22 0.3888401 0.5919753 0.0288578 0.0173195
24 0.4622963 0.5919753 0.0288578 0.0173195
14 0.5357524 0.5919753 0.0288578 0.0173195
10 0.7561209 0.5919753 0.0288578 0.0173195
30 0.8295770 0.5919753 0.0288577 0.0173195
7 0.7561209 0.4672750 0.0288578 0.0173195
1 0.5357524 0.4049249 0.0288578 0.0173195
6 0.6078968 0.5296252 0.0288578 0.0173195
8 0.7561209 0.2802246 0.0288578 0.0173195
10 0.6078968 0.4049249 0.0288578 0.0173195
10 0.4622963 0.2802246 0.0288578 0.0173195
31 0.5357524 0.3425747 0.0288578 0.0173195
13 0.6078968 0.5919753 0.0288578 0.0173195
26 0.6826646 0.5919753 0.0288578 0.0173195
12 0.6078968 0.3425747 0.0288578 0.0173195
