22 0.3817248 0.5361856 0.0283849 0.0173560
5 0.4526869 0.4112231 0.0283849 0.0173559
32 0.4559125 0.4164299 0.5225393 0.4443111
2 0.2372201 0.2862606 0.0283848 0.0173559
17 0.3094725 0.2862606 0.0283849 0.0173559
13 0.3817248 0.2862606 0.0283849 0.0173559
31 0.4526869 0.2862606 0.0283849 0.0173559
29 0.5262295 0.2862606 0.0283848 0.0173559
18 0.5984818 0.2862606 0.0283849 0.0173559
27 0.2372201 0.3487419 0.0283848 0.0173559
1 0.3817248 0.3487419 0.0283849 0.0173559
24 0.4526869 0.3487419 0.0283849 0.0173559
16 0.5984818 0.3487419 0.0283849 0.0173559
21 0.6707342 0.3487419 0.0283849 0.0173559
25 0.2372201 0.4112231 0.0283848 0.0173559
12 0.3094725 0.4112231 0.0283849 0.0173559
23 0.5262295 0.4112231 0.0283848 0.0173559
20 0.5984818 0.4112231 0.0283849 0.0173559
11 0.3094725 0.4737044 0.0283849 0.0173559
3 0.3817248 0.4737044 0.0283849 0.0173559
9 0.4526869 0.4737044 0.0283849 0.0173559
14 0.5262295 0.4737044 0.0283848 0.0173559
33 0.5978368 0.4731258 0.0658012 0.0624812
29 0.5984818 0.4737044 0.0283849 0.0173559
26 0.6707342 0.4737044 0.0283849 0.0173559
7 0.2372201 0.5361856 0.0283848 0.0173560
4 0.4526869 0.5361856 0.0283849 0.0173560
15 0.5262295 0.5361856 0.0283848 0.0173560
8 0.5984818 0.5361856 0.0283849 0.0173560
10 0.3094725 0.5986669 0.0283849 0.0173559
5 0.3817248 0.5986669 0.0283849 0.0173559
19 0.4526869 0.5986669 0.0283849 0.0173559
6 0.5262295 0.5986669 0.0283848 0.0173559
30 0.5984818 0.5986669 0.0283849 0.0173559
19 0.6707342 0.5986669 0.0283849 0.0173559
14 0.6707342 0.5361856 0.0283849 0.0173560
22 0.2372201 0.5986669 0.0283848 0.0173559
13 0.3817248 0.4112231 0.0283849 0.0173559
22 0.3094725 0.5361856 0.0283849 0.0173560
10 0.5262295 0.3487419 0.0283848 0.0173559
20 0.3094725 0.3487419 0.0283849 0.0173559
16 0.2372201 0.4737044 0.0283848 0.0173559
21 0.6707342 0.2862606 0.0283849 0.0173559
14 0.6707342 0.4112231 0.0283849 0.0173559
