11 0.4190670 0.5565024 0.0280477 0.0167150
24 0.4190670 0.3158076 0.0280477 0.0167149
32 0.4222542 0.3809958 0.5163322 0.4279018
1 0.2061596 0.2556339 0.0280477 0.0167149
16 0.3489478 0.2556339 0.0280477 0.0167149
3 0.4190670 0.2556339 0.0280477 0.0167149
2 0.6345241 0.2556339 0.0280477 0.0167149
25 0.2061596 0.3158076 0.0280477 0.0167149
17 0.2775537 0.3158076 0.0280477 0.0167149
33 0.4910985 0.3152505 0.0675694 0.0601737
8 0.4917359 0.3158076 0.0280477 0.0167149
4 0.5631300 0.3158076 0.0280477 0.0167149
7 0.6345241 0.3158076 0.0280477 0.0167149
13 0.2061596 0.3759813 0.0280477 0.0167149
24 0.3489478 0.3759813 0.0280477 0.0167149
21 0.4190670 0.3759813 0.0280477 0.0167149
5 0.4917359 0.3759813 0.0280477 0.0167149
12 0.5631300 0.3759813 0.0280477 0.0167149
10 0.2775537 0.4361550 0.0280477 0.0167149
27 0.3489478 0.4361550 0.0280477 0.0167149
22 0.4190670 0.4361550 0.0280477 0.0167149
8 0.4917359 0.4361550 0.0280477 0.0167149
20 0.5631300 0.4361550 0.0280477 0.0167149
19 0.6345241 0.4361550 0.0280477 0.0167149
31 0.2775537 0.4963287 0.0280477 0.0167149
15 0.3489478 0.4963287 0.0280477 0.0167149
23 0.4190670 0.4963287 0.0280477 0.0167149
29 0.4917359 0.4963287 0.0280477 0.0167149
26 0.5631300 0.4963287 0.0280477 0.0167149
11 0.6345241 0.4963287 0.0280477 0.0167149
30 0.2061596 0.5565024 0.0280477 0.0167150
6 0.2775537 0.5565024 0.0280477 0.0167150
14 0.3489478 0.5565024 0.0280477 0.0167150
18 0.5631300 0.5565024 0.0280477 0.0167150
1 0.2775537 0.3759813 0.0280477 0.0167149
31 0.3489478 0.3158076 0.0280477 0.0167149
8 0.6345241 0.5565024 0.0280477 0.0167150
10 0.2061596 0.4963287 0.0280477 0.0167149
20 0.4917359 0.2556339 0.0280477 0.0167149
22 0.6345241 0.3759813 0.0280477 0.0167149
27 0.2061596 0.4361550 0.0280477 0.0167149
3 0.2775537 0.2556339 0.0280477 0.0167149
30 0.5631300 0.2556339 0.0280477 0.0167149
3 0.4917359 0.5565024 0.0280477 0.0167150
