9 0.5931203 0.5278886 0.0273770 0.0161379
27 0.5246779 0.6440816 0.0273769 0.0161379
32 0.5962314 0.4746335 0.5039850 0.4131306
8 0.3853043 0.3535991 0.0273769 0.0161379
30 0.4549911 0.3535991 0.0273769 0.0161379
9 0.5246779 0.3535991 0.0273769 0.0161379
2 0.5931203 0.3535991 0.0273770 0.0161379
34 0.6634294 0.3530612 0.0659536 0.0580965
29 0.6640515 0.3535991 0.0273769 0.0161379
26 0.7337384 0.3535991 0.0273770 0.0161379
19 0.8034251 0.3535991 0.0273769 0.0161379
25 0.3853043 0.4116956 0.0273769 0.0161379
31 0.5246779 0.4116956 0.0273769 0.0161379
12 0.5931203 0.4116956 0.0273770 0.0161379
29 0.6640515 0.4116956 0.0273769 0.0161379
10 0.8034251 0.4116956 0.0273769 0.0161379
24 0.3853043 0.4697921 0.0273769 0.0161379
7 0.5246779 0.4697921 0.0273769 0.0161379
4 0.6640515 0.4697921 0.0273769 0.0161379
27 0.7337384 0.4697921 0.0273770 0.0161379
14 0.8034251 0.4697921 0.0273769 0.0161379
16 0.4549911 0.5278886 0.0273769 0.0161379
15 0.5246779 0.5278886 0.0273769 0.0161379
22 0.7337384 0.5278886 0.0273770 0.0161379
1 0.8034251 0.5278886 0.0273769 0.0161379
5 0.3853043 0.5859851 0.0273769 0.0161380
21 0.4549911 0.5859851 0.0273769 0.0161380
18 0.5931203 0.5859851 0.0273770 0.0161380
11 0.6640515 0.5859851 0.0273769 0.0161380
6 0.4549911 0.6440816 0.0273769 0.0161379
23 0.5931203 0.6440816 0.0273770 0.0161379
17 0.6640515 0.6440816 0.0273769 0.0161379
13 0.7337384 0.6440816 0.0273770 0.0161379
3 0.8034251 0.6440816 0.0273769 0.0161379
8 0.7337384 0.5859851 0.0273770 0.0161380
30 0.6640515 0.5278886 0.0273769 0.0161379
18 0.4549911 0.4116956 0.0273769 0.0161379
18 0.5931203 0.4697921 0.0273770 0.0161379
9 0.3853043 0.6440816 0.0273769 0.0161379
28 0.8034251 0.5859851 0.0273769 0.0161380
28 0.5246779 0.5859851 0.0273769 0.0161380
29 0.4549911 0.4697921 0.0273769 0.0161379
19 0.3853043 0.5278886 0.0273769 0.0161379
8 0.7337384 0.4116956 0.0273770 0.0161379
