14 0.4849260 0.5081539 0.0272549 0.0174518
4 0.4849260 0.6966338 0.0272549 0.0174519
32 0.5561605 0.6390427 0.5017390 0.4467672
20 0.3461735 0.5081539 0.0272549 0.0174518
15 0.4155497 0.5081539 0.0272550 0.0174518
16 0.5530634 0.5081539 0.0272549 0.0174518
25 0.6236785 0.5081539 0.0272550 0.0174518
5 0.6930547 0.5081539 0.0272549 0.0174518
24 0.7624310 0.5081539 0.0272549 0.0174518
30 0.3461735 0.5709806 0.0272549 0.0174519
13 0.4155497 0.5709806 0.0272550 0.0174519
26 0.4849260 0.5709806 0.0272549 0.0174519
11 0.6930547 0.5709806 0.0272549 0.0174519
31 0.3461735 0.6338072 0.0272549 0.0174519
7 0.4155497 0.6338072 0.0272550 0.0174519
14 0.4849260 0.6338072 0.0272549 0.0174519
6 0.6236785 0.6338072 0.0272550 0.0174519
17 0.6930547 0.6338072 0.0272549 0.0174519
23 0.7624310 0.6338072 0.0272549 0.0174519
19 0.4155497 0.6966338 0.0272550 0.0174519
2 0.6236785 0.6966338 0.0272550 0.0174519
29 0.6930547 0.6966338 0.0272549 0.0174519
33 0.3461735 0.7588787 0.0644208 0.0628266
23 0.3461735 0.7594604 0.0272549 0.0174519
8 0.4849260 0.7594604 0.0272549 0.0174519
18 0.5530634 0.7594604 0.0272549 0.0174519
3 0.6236785 0.7594604 0.0272550 0.0174519
12 0.6930547 0.7594604 0.0272549 0.0174519
9 0.7624310 0.7594604 0.0272549 0.0174519
1 0.3461735 0.8222871 0.0272549 0.0174519
21 0.4155497 0.8222871 0.0272550 0.0174519
4 0.6236785 0.8222871 0.0272550 0.0174519
10 0.6930547 0.8222871 0.0272549 0.0174519
22 0.7624310 0.8222871 0.0272549 0.0174519
14 0.3461735 0.6966338 0.0272549 0.0174519
25 0.7624310 0.6966338 0.0272549 0.0174519
7 0.5530634 0.5709806 0.0272549 0.0174519
18 0.5530634 0.6966338 0.0272549 0.0174519
8 0.7624310 0.5709806 0.0272549 0.0174519
30 0.4849260 0.8222871 0.0272549 0.0174519
30 0.6236785 0.5709806 0.0272550 0.0174519
12 0.5530634 0.8222871 0.0272549 0.0174519
18 0.5530634 0.6338072 0.0272549 0.0174519
25 0.4155497 0.7594604 0.0272550 0.0174519
