6 0.4238131 0.5519639 0.0264686 0.0165592
25 0.1543143 0.4923509 0.0264686 0.0165592
32 0.3582430 0.3780927 0.4872634 0.4239144
29 0.1543143 0.2538991 0.0264686 0.0165592
26 0.2216890 0.2538991 0.0264686 0.0165592
3 0.2890637 0.2538991 0.0264686 0.0165592
1 0.3552353 0.2538991 0.0264686 0.0165592
27 0.4238131 0.2538991 0.0264686 0.0165592
9 0.5585625 0.2538991 0.0264686 0.0165592
10 0.1543143 0.3135120 0.0264686 0.0165591
4 0.2890637 0.3135120 0.0264686 0.0165591
16 0.3552353 0.3135120 0.0264686 0.0165591
24 0.4238131 0.3135120 0.0264686 0.0165591
23 0.4911877 0.3135120 0.0264686 0.0165591
30 0.1543143 0.3731250 0.0264686 0.0165591
14 0.2890637 0.3731250 0.0264686 0.0165591
31 0.3552353 0.3731250 0.0264686 0.0165591
33 0.4232115 0.3725730 0.0637653 0.0596130
29 0.4238131 0.3731250 0.0264686 0.0165591
22 0.4911877 0.3731250 0.0264686 0.0165591
5 0.5585625 0.3731250 0.0264686 0.0165591
21 0.1543143 0.4327379 0.0264686 0.0165592
6 0.2216890 0.4327379 0.0264686 0.0165592
13 0.2890637 0.4327379 0.0264686 0.0165592
15 0.4238131 0.4327379 0.0264686 0.0165592
18 0.2216890 0.4923509 0.0264686 0.0165592
2 0.2890637 0.4923509 0.0264686 0.0165592
17 0.3552353 0.4923509 0.0264686 0.0165592
12 0.4238131 0.4923509 0.0264686 0.0165592
20 0.4911877 0.4923509 0.0264686 0.0165592
25 0.2216890 0.5519639 0.0264686 0.0165592
11 0.3552353 0.5519639 0.0264686 0.0165592
8 0.4911877 0.5519639 0.0264686 0.0165592
7 0.5585625 0.5519639 0.0264686 0.0165592
18 0.4911877 0.2538991 0.0264686 0.0165592
14 0.4911877 0.4327379 0.0264686 0.0165592
25 0.2216890 0.3135120 0.0264686 0.0165591
3 0.2216890 0.3731250 0.0264686 0.0165591
9 0.5585625 0.4923509 0.0264686 0.0165592
3 0.3552353 0.4327379 0.0264686 0.0165592
16 0.5585625 0.3135120 0.0264686 0.0165591
22 0.5585625 0.4327379 0.0264686 0.0165592
20 0.1543143 0.5519639 0.0264686 0.0165592
5 0.2890637 0.5519639 0.0264686 0.0165592
