19 0.5476235 0.6725652 0.0267753 0.0172504
22 0.6157788 0.6725652 0.0267753 0.0172504
32 0.4131385 0.6156390 0.4929088 0.4416095
7 0.2068470 0.4862612 0.0267753 0.0172504
20 0.2750023 0.4862612 0.0267753 0.0172504
29 0.4100959 0.4862612 0.0267753 0.0172504
26 0.4794682 0.4862612 0.0267753 0.0172504
9 0.5476235 0.4862612 0.0267753 0.0172504
21 0.6157788 0.4862612 0.0267753 0.0172504
8 0.2068470 0.5483625 0.0267753 0.0172504
3 0.3431576 0.5483625 0.0267753 0.0172504
4 0.4100959 0.5483625 0.0267753 0.0172504
1 0.4794682 0.5483625 0.0267753 0.0172504
25 0.2750023 0.6104639 0.0267753 0.0172504
33 0.3431576 0.6098889 0.0632870 0.0621013
11 0.3431576 0.6104639 0.0267753 0.0172504
16 0.4100959 0.6104639 0.0267753 0.0172504
13 0.4794682 0.6104639 0.0267753 0.0172504
10 0.6157788 0.6104639 0.0267753 0.0172504
2 0.2068470 0.6725652 0.0267753 0.0172504
18 0.3431576 0.6725652 0.0267753 0.0172504
14 0.4100959 0.6725652 0.0267753 0.0172504
6 0.4794682 0.6725652 0.0267753 0.0172504
24 0.2068470 0.7346666 0.0267753 0.0172504
30 0.3431576 0.7346666 0.0267753 0.0172504
17 0.4100959 0.7346666 0.0267753 0.0172504
5 0.4794682 0.7346666 0.0267753 0.0172504
19 0.5476235 0.7346666 0.0267753 0.0172504
27 0.2068470 0.7967678 0.0267753 0.0172504
31 0.2750023 0.7967678 0.0267753 0.0172504
22 0.3431576 0.7967678 0.0267753 0.0172504
11 0.4100959 0.7967678 0.0267753 0.0172504
23 0.4794682 0.7967678 0.0267753 0.0172504
15 0.5476235 0.7967678 0.0267753 0.0172504
29 0.2750023 0.6725652 0.0267753 0.0172504
7 0.5476235 0.6104639 0.0267753 0.0172504
17 0.6157788 0.7967678 0.0267753 0.0172504
24 0.3431576 0.4862612 0.0267753 0.0172504
30 0.5476235 0.5483625 0.0267753 0.0172504
24 0.6157788 0.5483625 0.0267753 0.0172504
30 0.2750023 0.5483625 0.0267753 0.0172504
7 0.2750023 0.7346666 0.0267753 0.0172504
17 0.2068470 0.6104639 0.0267753 0.0172504
13 0.6157788 0.7346666 0.0267753 0.0172504
