14 0.3602454 0.5990016 0.0287085 0.0162830
29 0.5807788 0.5403827 0.0287085 0.0162830
32 0.3635078 0.5452676 0.5284971 0.4168460
16 0.2153981 0.4231447 0.0287085 0.0162830
7 0.2884743 0.4231447 0.0287085 0.0162830
5 0.4346265 0.4231447 0.0287085 0.0162830
24 0.5077027 0.4231447 0.0287085 0.0162830
20 0.5807788 0.4231447 0.0287085 0.0162830
12 0.1423220 0.4817637 0.0287085 0.0162831
18 0.2884743 0.4817637 0.0287085 0.0162831
17 0.3602454 0.4817637 0.0287085 0.0162831
30 0.4346265 0.4817637 0.0287085 0.0162831
25 0.5077027 0.4817637 0.0287085 0.0162831
3 0.5807788 0.4817637 0.0287085 0.0162831
26 0.2153981 0.5403827 0.0287085 0.0162830
2 0.2884743 0.5403827 0.0287085 0.0162830
9 0.3602454 0.5403827 0.0287085 0.0162830
34 0.4339741 0.5398399 0.0691614 0.0586190
4 0.4346265 0.5403827 0.0287085 0.0162830
8 0.1423220 0.5990016 0.0287085 0.0162830
10 0.2884743 0.5990016 0.0287085 0.0162830
21 0.4346265 0.5990016 0.0287085 0.0162830
11 0.5807788 0.5990016 0.0287085 0.0162830
19 0.1423220 0.6576206 0.0287085 0.0162830
1 0.2153981 0.6576206 0.0287085 0.0162830
29 0.2884743 0.6576206 0.0287085 0.0162830
22 0.3602454 0.6576206 0.0287085 0.0162830
27 0.4346265 0.6576206 0.0287085 0.0162830
13 0.1423220 0.7162396 0.0287085 0.0162830
15 0.2153981 0.7162396 0.0287085 0.0162830
14 0.2884743 0.7162396 0.0287085 0.0162830
31 0.4346265 0.7162396 0.0287085 0.0162830
6 0.5077027 0.7162396 0.0287085 0.0162830
4 0.5807788 0.7162396 0.0287085 0.0162830
15 0.1423220 0.4231447 0.0287085 0.0162830
18 0.5077027 0.5403827 0.0287085 0.0162830
24 0.5807788 0.6576206 0.0287085 0.0162830
20 0.3602454 0.4231447 0.0287085 0.0162830
13 0.2153981 0.5990016 0.0287085 0.0162830
10 0.5077027 0.6576206 0.0287085 0.0162830
1 0.5077027 0.5990016 0.0287085 0.0162830
31 0.1423220 0.5403827 0.0287085 0.0162830
10 0.2153981 0.4817637 0.0287085 0.0162831
30 0.3602454 0.7162396 0.0287085 0.0162830
