20 0.5720046 0.4823150 0.0285940 0.0164686
22 0.4992198 0.5416018 0.0285940 0.0164686
32 0.3555998 0.4279687 0.5263901 0.4215954
11 0.2080806 0.3044544 0.0285940 0.0164686
17 0.2808654 0.3044544 0.0285940 0.0164686
20 0.4264350 0.3044544 0.0285940 0.0164686
3 0.4992198 0.3044544 0.0285940 0.0164686
9 0.5720046 0.3044544 0.0285940 0.0164686
18 0.2080806 0.3637413 0.0285940 0.0164686
23 0.4992198 0.3637413 0.0285940 0.0164686
30 0.5720046 0.3637413 0.0285940 0.0164686
27 0.1352958 0.4230281 0.0285940 0.0164686
19 0.2080806 0.4230281 0.0285940 0.0164686
15 0.2808654 0.4230281 0.0285940 0.0164686
6 0.3523505 0.4230281 0.0285941 0.0164686
12 0.4264350 0.4230281 0.0285940 0.0164686
25 0.4992198 0.4230281 0.0285940 0.0164686
4 0.5720046 0.4230281 0.0285940 0.0164686
13 0.1352958 0.4823150 0.0285940 0.0164686
21 0.2080806 0.4823150 0.0285940 0.0164686
14 0.3523505 0.4823150 0.0285941 0.0164686
7 0.4264350 0.4823150 0.0285940 0.0164686
16 0.1352958 0.5416018 0.0285940 0.0164686
5 0.2080806 0.5416018 0.0285940 0.0164686
2 0.2808654 0.5416018 0.0285940 0.0164686
10 0.4264350 0.5416018 0.0285940 0.0164686
34 0.5720046 0.5410529 0.0675859 0.0592868
26 0.5720046 0.5416018 0.0285940 0.0164686
26 0.1352958 0.6008887 0.0285940 0.0164686
31 0.2080806 0.6008887 0.0285940 0.0164686
24 0.3523505 0.6008887 0.0285941 0.0164686
1 0.4264350 0.6008887 0.0285940 0.0164686
29 0.4992198 0.6008887 0.0285940 0.0164686
22 0.5720046 0.6008887 0.0285940 0.0164686
21 0.3523505 0.3637413 0.0285941 0.0164686
9 0.1352958 0.3637413 0.0285940 0.0164686
14 0.1352958 0.3044544 0.0285940 0.0164686
19 0.3523505 0.3044544 0.0285941 0.0164686
29 0.3523505 0.5416018 0.0285941 0.0164686
19 0.2808654 0.6008887 0.0285940 0.0164686
1 0.2808654 0.4823150 0.0285940 0.0164686
16 0.4264350 0.3637413 0.0285940 0.0164686
10 0.4992198 0.4823150 0.0285940 0.0164686
18 0.2808654 0.3637413 0.0285940 0.0164686
