6 0.2656182 0.3396493 0.0262708 0.0158699
24 0.3981661 0.5110440 0.0262708 0.0158699
32 0.4011515 0.4015418 0.4836210 0.4062690
11 0.1987471 0.2825177 0.0262708 0.0158699
4 0.2656182 0.2825177 0.0262708 0.0158699
29 0.3324892 0.2825177 0.0262708 0.0158699
10 0.3981661 0.2825177 0.0262708 0.0158699
23 0.4662313 0.2825177 0.0262708 0.0158699
18 0.5331024 0.2825177 0.0262708 0.0158699
30 0.5999734 0.2825177 0.0262708 0.0158699
22 0.1987471 0.3396493 0.0262708 0.0158699
25 0.4662313 0.3396493 0.0262708 0.0158699
12 0.5331024 0.3396493 0.0262708 0.0158699
1 0.5999734 0.3396493 0.0262708 0.0158699
26 0.1987471 0.3967808 0.0262708 0.0158699
21 0.2656182 0.3967808 0.0262708 0.0158699
14 0.3981661 0.3967808 0.0262708 0.0158699
15 0.4662313 0.3967808 0.0262708 0.0158699
9 0.5331024 0.3967808 0.0262708 0.0158699
8 0.2656182 0.4539125 0.0262708 0.0158699
6 0.3981661 0.4539125 0.0262708 0.0158699
24 0.4662313 0.4539125 0.0262708 0.0158699
19 0.5331024 0.4539125 0.0262708 0.0158699
3 0.5999734 0.4539125 0.0262708 0.0158699
16 0.1987471 0.5110440 0.0262708 0.0158699
7 0.2656182 0.5110440 0.0262708 0.0158699
5 0.4662313 0.5110440 0.0262708 0.0158699
34 0.5325053 0.5105150 0.0609004 0.0571316
10 0.5331024 0.5110440 0.0262708 0.0158699
20 0.5999734 0.5110440 0.0262708 0.0158699
2 0.2656182 0.5681756 0.0262708 0.0158699
31 0.3981661 0.5681756 0.0262708 0.0158699
13 0.4662313 0.5681756 0.0262708 0.0158699
27 0.5331024 0.5681756 0.0262708 0.0158699
5 0.3981661 0.3396493 0.0262708 0.0158699
7 0.5999734 0.5681756 0.0262708 0.0158699
10 0.3324892 0.5110440 0.0262708 0.0158699
18 0.1987471 0.5681756 0.0262708 0.0158699
2 0.3324892 0.3396493 0.0262708 0.0158699
21 0.3324892 0.3967808 0.0262708 0.0158699
9 0.5999734 0.3967808 0.0262708 0.0158699
4 0.3324892 0.5681756 0.0262708 0.0158699
27 0.1987471 0.4539125 0.0262708 0.0158699
21 0.3324892 0.4539125 0.0262708 0.0158699
