11 0.2820177 0.4723232 0.0276542 0.0174264
18 0.2820177 0.2841178 0.0276542 0.0174265
32 0.4950810 0.4148160 0.5090893 0.4461167
30 0.3524103 0.2841178 0.0276543 0.0174265
19 0.5635881 0.2841178 0.0276542 0.0174265
8 0.6339807 0.2841178 0.0276542 0.0174265
18 0.2820177 0.3468529 0.0276542 0.0174264
12 0.3524103 0.3468529 0.0276543 0.0174264
11 0.4228029 0.3468529 0.0276543 0.0174264
13 0.4919385 0.3468529 0.0276543 0.0174264
20 0.5635881 0.3468529 0.0276542 0.0174264
6 0.6339807 0.3468529 0.0276542 0.0174264
26 0.7043733 0.3468529 0.0276542 0.0174264
2 0.3524103 0.4095880 0.0276543 0.0174264
15 0.4228029 0.4095880 0.0276543 0.0174264
10 0.6339807 0.4095880 0.0276542 0.0174264
25 0.7043733 0.4095880 0.0276542 0.0174264
16 0.3524103 0.4723232 0.0276543 0.0174264
5 0.5635881 0.4723232 0.0276542 0.0174264
7 0.7043733 0.4723232 0.0276542 0.0174264
14 0.2820177 0.5350584 0.0276542 0.0174265
21 0.4228029 0.5350584 0.0276543 0.0174265
29 0.4919385 0.5350584 0.0276543 0.0174265
27 0.5635881 0.5350584 0.0276542 0.0174265
4 0.6339807 0.5350584 0.0276542 0.0174265
24 0.7043733 0.5350584 0.0276542 0.0174265
33 0.2820177 0.5972127 0.0653646 0.0627352
31 0.2820177 0.5977935 0.0276542 0.0174264
17 0.3524103 0.5977935 0.0276543 0.0174264
3 0.4228029 0.5977935 0.0276543 0.0174264
22 0.4919385 0.5977935 0.0276543 0.0174264
31 0.5635881 0.5977935 0.0276542 0.0174264
23 0.6339807 0.5977935 0.0276542 0.0174264
9 0.7043733 0.5977935 0.0276542 0.0174264
29 0.5635881 0.4095880 0.0276542 0.0174264
4 0.7043733 0.2841178 0.0276542 0.0174265
27 0.4919385 0.2841178 0.0276543 0.0174265
16 0.4228029 0.2841178 0.0276543 0.0174265
19 0.6339807 0.4723232 0.0276542 0.0174264
2 0.4919385 0.4095880 0.0276543 0.0174264
22 0.4919385 0.4723232 0.0276543 0.0174264
16 0.3524103 0.5350584 0.0276543 0.0174265
26 0.4228029 0.4723232 0.0276543 0.0174264
27 0.2820177 0.4095880 0.0276542 0.0174264
