25 0.3282803 0.5781759 0.0274823 0.0172818
26 0.5393945 0.5781759 0.0274823 0.0172818
32 0.3314034 0.5211457 0.5059244 0.4424160
19 0.1896196 0.3915316 0.0274823 0.0172819
1 0.2595745 0.3915316 0.0274823 0.0172819
7 0.3282803 0.3915316 0.0274823 0.0172819
3 0.3994845 0.3915316 0.0274823 0.0172819
30 0.4694395 0.3915316 0.0274823 0.0172819
33 0.1196646 0.4531703 0.0649582 0.0622148
28 0.1196646 0.4537463 0.0274823 0.0172819
12 0.1896196 0.4537463 0.0274823 0.0172819
20 0.2595745 0.4537463 0.0274823 0.0172819
25 0.3282803 0.4537463 0.0274823 0.0172819
27 0.3994845 0.4537463 0.0274823 0.0172819
14 0.1196646 0.5159611 0.0274823 0.0172819
13 0.2595745 0.5159611 0.0274823 0.0172819
29 0.3994845 0.5159611 0.0274823 0.0172819
8 0.4694395 0.5159611 0.0274823 0.0172819
10 0.5393945 0.5159611 0.0274823 0.0172819
15 0.2595745 0.5781759 0.0274823 0.0172818
26 0.3994845 0.5781759 0.0274823 0.0172818
16 0.1196646 0.6403906 0.0274823 0.0172818
9 0.1896196 0.6403906 0.0274823 0.0172818
18 0.2595745 0.6403906 0.0274823 0.0172818
22 0.3994845 0.6403906 0.0274823 0.0172818
21 0.4694395 0.6403906 0.0274823 0.0172818
31 0.5393945 0.6403906 0.0274823 0.0172818
6 0.1196646 0.7026053 0.0274823 0.0172819
5 0.1896196 0.7026053 0.0274823 0.0172819
4 0.2595745 0.7026053 0.0274823 0.0172819
17 0.3282803 0.7026053 0.0274823 0.0172819
24 0.3994845 0.7026053 0.0274823 0.0172819
2 0.4694395 0.7026053 0.0274823 0.0172819
23 0.5393945 0.7026053 0.0274823 0.0172819
5 0.1196646 0.5781759 0.0274823 0.0172818
3 0.1896196 0.5781759 0.0274823 0.0172818
4 0.1196646 0.3915316 0.0274823 0.0172819
20 0.3282803 0.5159611 0.0274823 0.0172819
22 0.3282803 0.6403906 0.0274823 0.0172818
8 0.4694395 0.5781759 0.0274823 0.0172818
4 0.5393945 0.3915316 0.0274823 0.0172819
26 0.5393945 0.4537463 0.0274823 0.0172819
22 0.4694395 0.4537463 0.0274823 0.0172819
9 0.1896196 0.5159611 0.0274823 0.0172819
