1 0.1773689 0.6013920 0.0280896 0.0172737
10 0.4633720 0.7257625 0.0280896 0.0172736
32 0.3937865 0.5443888 0.5171039 0.4422064
13 0.1773689 0.4148362 0.0280896 0.0172737
9 0.2488697 0.4148362 0.0280896 0.0172737
29 0.3203705 0.4148362 0.0280896 0.0172737
14 0.4633720 0.4148362 0.0280896 0.0172737
2 0.6063736 0.4148362 0.0280896 0.0172737
21 0.1773689 0.4770215 0.0280896 0.0172737
19 0.2488697 0.4770215 0.0280896 0.0172737
34 0.3203705 0.4764456 0.0663936 0.0621853
10 0.3203705 0.4770215 0.0280896 0.0172737
15 0.3905945 0.4770215 0.0280896 0.0172737
24 0.4633720 0.4770215 0.0280896 0.0172737
6 0.6063736 0.4770215 0.0280896 0.0172737
30 0.1773689 0.5392067 0.0280896 0.0172737
22 0.2488697 0.5392067 0.0280896 0.0172737
1 0.3203705 0.5392067 0.0280896 0.0172737
12 0.5348729 0.5392067 0.0280896 0.0172737
4 0.2488697 0.6013920 0.0280896 0.0172737
17 0.3203705 0.6013920 0.0280896 0.0172737
27 0.5348729 0.6013920 0.0280896 0.0172737
31 0.1773689 0.6635772 0.0280896 0.0172737
25 0.2488697 0.6635772 0.0280896 0.0172737
16 0.3203705 0.6635772 0.0280896 0.0172737
18 0.3905945 0.6635772 0.0280896 0.0172737
8 0.4633720 0.6635772 0.0280896 0.0172737
10 0.5348729 0.6635772 0.0280896 0.0172737
7 0.1773689 0.7257625 0.0280896 0.0172736
26 0.2488697 0.7257625 0.0280896 0.0172736
3 0.3203705 0.7257625 0.0280896 0.0172736
23 0.3905945 0.7257625 0.0280896 0.0172736
20 0.5348729 0.7257625 0.0280896 0.0172736
11 0.6063736 0.7257625 0.0280896 0.0172736
5 0.5348729 0.4770215 0.0280896 0.0172737
7 0.4633720 0.6013920 0.0280896 0.0172737
28 0.6063736 0.6013920 0.0280896 0.0172737
13 0.4633720 0.5392067 0.0280896 0.0172737
20 0.5348729 0.4148362 0.0280896 0.0172737
8 0.6063736 0.5392067 0.0280896 0.0172737
18 0.3905945 0.5392067 0.0280896 0.0172737
14 0.6063736 0.6635772 0.0280896 0.0172737
10 0.3905945 0.4148362 0.0280896 0.0172737
24 0.3905945 0.6013920 0.0280896 0.0172737
