7 0.3589863 0.4559787 0.0265042 0.0159475
26 0.5613822 0.6282111 0.0265042 0.0159475
32 0.4957240 0.5755846 0.4879187 0.4082547
5 0.2915210 0.4559787 0.0265042 0.0159475
3 0.4927122 0.4559787 0.0265042 0.0159475
4 0.5613822 0.4559787 0.0265042 0.0159475
10 0.6963128 0.4559787 0.0265042 0.0159475
6 0.2915210 0.5133895 0.0265042 0.0159475
13 0.3589863 0.5133895 0.0265042 0.0159475
31 0.4927122 0.5133895 0.0265042 0.0159475
19 0.5613822 0.5133895 0.0265042 0.0159475
18 0.6288475 0.5133895 0.0265042 0.0159475
1 0.6963128 0.5133895 0.0265042 0.0159475
30 0.6288475 0.5708003 0.0265042 0.0159474
12 0.6963128 0.5708003 0.0265042 0.0159474
2 0.2915210 0.6282111 0.0265042 0.0159475
26 0.3589863 0.6282111 0.0265042 0.0159475
7 0.4264516 0.6282111 0.0265042 0.0159475
27 0.4927122 0.6282111 0.0265042 0.0159475
21 0.6288475 0.6282111 0.0265042 0.0159475
9 0.2915210 0.6856219 0.0265042 0.0159474
25 0.3589863 0.6856219 0.0265042 0.0159474
23 0.4264516 0.6856219 0.0265042 0.0159474
17 0.4927122 0.6856219 0.0265042 0.0159474
29 0.5613822 0.6856219 0.0265042 0.0159474
22 0.6288475 0.6856219 0.0265042 0.0159474
11 0.6963128 0.6856219 0.0265042 0.0159474
24 0.2915210 0.7430328 0.0265042 0.0159475
14 0.3589863 0.7430328 0.0265042 0.0159475
16 0.4264516 0.7430328 0.0265042 0.0159475
34 0.4927122 0.7425012 0.0626463 0.0574108
28 0.4927122 0.7430328 0.0265042 0.0159475
8 0.5613822 0.7430328 0.0265042 0.0159475
15 0.6963128 0.7430328 0.0265042 0.0159475
18 0.5613822 0.5708003 0.0265042 0.0159474
20 0.6963128 0.6282111 0.0265042 0.0159475
6 0.4927122 0.5708003 0.0265042 0.0159474
29 0.4264516 0.4559787 0.0265042 0.0159475
21 0.6288475 0.7430328 0.0265042 0.0159475
15 0.3589863 0.5708003 0.0265042 0.0159474
22 0.2915210 0.5708003 0.0265042 0.0159474
2 0.6288475 0.4559787 0.0265042 0.0159475
8 0.4264516 0.5133895 0.0265042 0.0159475
13 0.4264516 0.5708003 0.0265042 0.0159474
