11 0.4296157 0.3484177 0.0264846 0.0172039
7 0.6992772 0.4722861 0.0264846 0.0172040
32 0.5662522 0.3535789 0.4875578 0.4404209
1 0.3622002 0.2245493 0.0264846 0.0172039
18 0.4296157 0.2245493 0.0264846 0.0172039
3 0.4970311 0.2245493 0.0264846 0.0172039
19 0.5632426 0.2245493 0.0264846 0.0172039
30 0.6318618 0.2245493 0.0264846 0.0172039
2 0.6992772 0.2245493 0.0264846 0.0172039
29 0.7666927 0.2245493 0.0264847 0.0172039
33 0.3622003 0.2859101 0.0626000 0.0619342
18 0.3622002 0.2864835 0.0264846 0.0172039
16 0.4970311 0.2864835 0.0264846 0.0172039
31 0.6318618 0.2864835 0.0264846 0.0172039
9 0.7666927 0.2864835 0.0264847 0.0172039
25 0.3622002 0.3484177 0.0264846 0.0172039
12 0.5632426 0.3484177 0.0264846 0.0172039
23 0.6992772 0.3484177 0.0264846 0.0172039
6 0.7666927 0.3484177 0.0264847 0.0172039
15 0.3622002 0.4103519 0.0264846 0.0172039
5 0.4296157 0.4103519 0.0264846 0.0172039
13 0.4970311 0.4103519 0.0264846 0.0172039
11 0.5632426 0.4103519 0.0264846 0.0172039
20 0.6318618 0.4103519 0.0264846 0.0172039
27 0.6992772 0.4103519 0.0264846 0.0172039
17 0.3622002 0.4722861 0.0264846 0.0172040
7 0.5632426 0.4722861 0.0264846 0.0172040
21 0.6318618 0.4722861 0.0264846 0.0172040
4 0.7666927 0.4722861 0.0264847 0.0172040
14 0.4296157 0.5342202 0.0264846 0.0172039
10 0.4970311 0.5342202 0.0264846 0.0172039
22 0.5632426 0.5342202 0.0264846 0.0172039
24 0.6318618 0.5342202 0.0264846 0.0172039
8 0.7666927 0.5342202 0.0264847 0.0172039
12 0.6992772 0.2864835 0.0264846 0.0172039
17 0.6992772 0.5342202 0.0264846 0.0172039
26 0.3622002 0.5342202 0.0264846 0.0172039
13 0.6318618 0.3484177 0.0264846 0.0172039
2 0.4296157 0.2864835 0.0264846 0.0172039
12 0.5632426 0.2864835 0.0264846 0.0172039
10 0.4970311 0.4722861 0.0264846 0.0172040
19 0.4296157 0.4722861 0.0264846 0.0172040
8 0.4970311 0.3484177 0.0264846 0.0172039
20 0.7666927 0.4103519 0.0264847 0.0172039
