27 0.5400219 0.7154340 0.0276612 0.0171972
18 0.4696115 0.7154340 0.0276612 0.0171972
32 0.3306767 0.5348633 0.5092181 0.4402484
21 0.1175595 0.4058843 0.0276612 0.0171972
13 0.1879699 0.4058843 0.0276612 0.0171972
22 0.2583803 0.4058843 0.0276612 0.0171972
9 0.3275333 0.4058843 0.0276612 0.0171972
6 0.3992011 0.4058843 0.0276612 0.0171972
10 0.4696115 0.4058843 0.0276612 0.0171972
34 0.5400219 0.4053110 0.0653811 0.0619100
3 0.5400219 0.4058843 0.0276612 0.0171972
15 0.1175595 0.4677942 0.0276612 0.0171972
31 0.1879699 0.4677942 0.0276612 0.0171972
23 0.2583803 0.4677942 0.0276612 0.0171972
24 0.3275333 0.4677942 0.0276612 0.0171972
18 0.5400219 0.4677942 0.0276612 0.0171972
7 0.1879699 0.5297041 0.0276612 0.0171972
5 0.2583803 0.5297041 0.0276612 0.0171972
30 0.4696115 0.5297041 0.0276612 0.0171972
29 0.5400219 0.5297041 0.0276612 0.0171972
19 0.1879699 0.5916140 0.0276612 0.0171972
11 0.2583803 0.5916140 0.0276612 0.0171972
14 0.3275333 0.5916140 0.0276612 0.0171972
12 0.3992011 0.5916140 0.0276612 0.0171972
2 0.4696115 0.5916140 0.0276612 0.0171972
26 0.1175595 0.6535240 0.0276612 0.0171973
27 0.1879699 0.6535240 0.0276612 0.0171973
1 0.2583803 0.6535240 0.0276612 0.0171973
17 0.3275333 0.6535240 0.0276612 0.0171973
8 0.4696115 0.6535240 0.0276612 0.0171973
16 0.1175595 0.7154340 0.0276612 0.0171972
3 0.1879699 0.7154340 0.0276612 0.0171972
4 0.2583803 0.7154340 0.0276612 0.0171972
20 0.3275333 0.7154340 0.0276612 0.0171972
25 0.3992011 0.6535240 0.0276612 0.0171973
4 0.5400219 0.6535240 0.0276612 0.0171973
19 0.3992011 0.4677942 0.0276612 0.0171972
30 0.1175595 0.5916140 0.0276612 0.0171972
22 0.1175595 0.5297041 0.0276612 0.0171972
27 0.3275333 0.5297041 0.0276612 0.0171972
4 0.3992011 0.7154340 0.0276612 0.0171972
6 0.4696115 0.4677942 0.0276612 0.0171972
29 0.5400219 0.5916140 0.0276612 0.0171972
6 0.3992011 0.5297041 0.0276612 0.0171972
