5 0.3840273 0.4393006 0.0288577 0.0174021
10 0.2371153 0.4393006 0.0288577 0.0174021
32 0.4594508 0.3818734 0.5312442 0.4454955
24 0.2371153 0.2513572 0.0288577 0.0174022
14 0.3105713 0.2513572 0.0288577 0.0174022
11 0.3840273 0.2513572 0.0288577 0.0174022
5 0.5309393 0.2513572 0.0288577 0.0174022
21 0.6043952 0.2513572 0.0288577 0.0174022
8 0.6778513 0.2513572 0.0288577 0.0174022
4 0.2371153 0.3140050 0.0288577 0.0174021
27 0.5309393 0.3140050 0.0288577 0.0174021
22 0.6043952 0.3140050 0.0288577 0.0174021
12 0.6778513 0.3140050 0.0288577 0.0174021
30 0.2371153 0.3766528 0.0288577 0.0174022
13 0.3105713 0.3766528 0.0288577 0.0174022
7 0.3840273 0.3766528 0.0288577 0.0174022
15 0.4561716 0.3766528 0.0288577 0.0174022
2 0.5309393 0.3766528 0.0288577 0.0174022
20 0.6043952 0.3766528 0.0288577 0.0174022
19 0.6778513 0.3766528 0.0288577 0.0174022
10 0.3105713 0.4393006 0.0288577 0.0174021
16 0.5309393 0.4393006 0.0288577 0.0174021
34 0.6778512 0.4387205 0.0682091 0.0626478
23 0.6778513 0.4393006 0.0288577 0.0174021
17 0.2371153 0.5019484 0.0288577 0.0174022
1 0.3840273 0.5019484 0.0288577 0.0174022
29 0.4561716 0.5019484 0.0288577 0.0174022
6 0.6043952 0.5019484 0.0288577 0.0174022
31 0.6778513 0.5019484 0.0288577 0.0174022
25 0.3840273 0.5645962 0.0288577 0.0174021
23 0.4561716 0.5645962 0.0288577 0.0174021
18 0.5309393 0.5645962 0.0288577 0.0174021
26 0.6043952 0.5645962 0.0288577 0.0174021
3 0.6778513 0.5645962 0.0288577 0.0174021
26 0.4561716 0.4393006 0.0288577 0.0174021
29 0.4561716 0.2513572 0.0288577 0.0174022
18 0.2371153 0.5645962 0.0288577 0.0174021
2 0.5309393 0.5019484 0.0288577 0.0174022
6 0.3105713 0.5019484 0.0288577 0.0174022
19 0.3105713 0.3140050 0.0288577 0.0174021
18 0.3840273 0.3140050 0.0288577 0.0174021
24 0.6043952 0.4393006 0.0288577 0.0174021
4 0.4561716 0.3140050 0.0288577 0.0174021
3 0.3105713 0.5645962 0.0288577 0.0174021
