25 0.4451824 0.5862071 0.0278082 0.0173887
29 0.3048775 0.7114061 0.0278082 0.0173888
32 0.4483424 0.5914238 0.5119233 0.4451518
33 0.2340931 0.4604286 0.0657284 0.0625995
8 0.2340931 0.4610082 0.0278082 0.0173887
1 0.3756620 0.4610082 0.0278082 0.0173887
12 0.4451824 0.4610082 0.0278082 0.0173887
5 0.5172309 0.4610082 0.0278082 0.0173887
17 0.6587997 0.4610082 0.0278082 0.0173887
8 0.2340931 0.5236077 0.0278082 0.0173887
23 0.3048775 0.5236077 0.0278082 0.0173887
6 0.3756620 0.5236077 0.0278082 0.0173887
2 0.6587997 0.5236077 0.0278082 0.0173887
13 0.3756620 0.5862071 0.0278082 0.0173887
21 0.5880154 0.5862071 0.0278082 0.0173887
4 0.6587997 0.5862071 0.0278082 0.0173887
25 0.2340931 0.6488066 0.0278082 0.0173888
9 0.3756620 0.6488066 0.0278082 0.0173888
22 0.4451824 0.6488066 0.0278082 0.0173888
30 0.5172309 0.6488066 0.0278082 0.0173888
14 0.5880154 0.6488066 0.0278082 0.0173888
19 0.6587997 0.6488066 0.0278082 0.0173888
26 0.2340931 0.7114061 0.0278082 0.0173888
15 0.3756620 0.7114061 0.0278082 0.0173888
27 0.4451824 0.7114061 0.0278082 0.0173888
18 0.5172309 0.7114061 0.0278082 0.0173888
16 0.5880154 0.7114061 0.0278082 0.0173888
11 0.2340931 0.7740055 0.0278082 0.0173887
10 0.3048775 0.7740055 0.0278082 0.0173887
7 0.3756620 0.7740055 0.0278082 0.0173887
29 0.5172309 0.7740055 0.0278082 0.0173887
24 0.5880154 0.7740055 0.0278082 0.0173887
20 0.6587997 0.7740055 0.0278082 0.0173887
19 0.2340931 0.5862071 0.0278082 0.0173887
30 0.5880154 0.5236077 0.0278082 0.0173887
1 0.4451824 0.5236077 0.0278082 0.0173887
14 0.3048775 0.4610082 0.0278082 0.0173887
4 0.5880154 0.4610082 0.0278082 0.0173887
10 0.3048775 0.5862071 0.0278082 0.0173887
16 0.5172309 0.5862071 0.0278082 0.0173887
21 0.5172309 0.5236077 0.0278082 0.0173887
16 0.3048775 0.6488066 0.0278082 0.0173888
28 0.6587997 0.7114061 0.0278082 0.0173888
25 0.4451824 0.7740055 0.0278082 0.0173887
