18 0.2932891 0.4732226 0.0277802 0.0159840
16 0.2932891 0.6458501 0.0277802 0.0159840
32 0.3658965 0.5355603 0.5114082 0.4091911
23 0.1518626 0.4156801 0.0277802 0.0159840
14 0.2225759 0.4156801 0.0277802 0.0159840
31 0.2932891 0.4156801 0.0277802 0.0159840
27 0.4347156 0.4156801 0.0277802 0.0159840
1 0.5054288 0.4156801 0.0277802 0.0159840
20 0.5761420 0.4156801 0.0277802 0.0159840
25 0.1518626 0.4732226 0.0277802 0.0159840
8 0.3627396 0.4732226 0.0277802 0.0159840
4 0.5054288 0.4732226 0.0277802 0.0159840
2 0.5761420 0.4732226 0.0277802 0.0159840
17 0.1518626 0.5307651 0.0277802 0.0159841
16 0.2225759 0.5307651 0.0277802 0.0159841
19 0.2932891 0.5307651 0.0277802 0.0159841
21 0.3627396 0.5307651 0.0277802 0.0159841
22 0.5054288 0.5307651 0.0277802 0.0159841
12 0.1518626 0.5883076 0.0277802 0.0159840
30 0.2225759 0.5883076 0.0277802 0.0159840
18 0.5761420 0.5883076 0.0277802 0.0159840
3 0.1518626 0.6458501 0.0277802 0.0159840
6 0.2225759 0.6458501 0.0277802 0.0159840
24 0.4347156 0.6458501 0.0277802 0.0159840
26 0.5054288 0.6458501 0.0277802 0.0159840
11 0.5761420 0.6458501 0.0277802 0.0159840
33 0.1518626 0.7028597 0.0656623 0.0575425
11 0.1518626 0.7033925 0.0277802 0.0159840
10 0.2225759 0.7033925 0.0277802 0.0159840
29 0.2932891 0.7033925 0.0277802 0.0159840
13 0.3627396 0.7033925 0.0277802 0.0159840
15 0.5054288 0.7033925 0.0277802 0.0159840
7 0.5761420 0.7033925 0.0277802 0.0159840
16 0.4347156 0.4732226 0.0277802 0.0159840
14 0.4347156 0.5883076 0.0277802 0.0159840
27 0.3627396 0.5883076 0.0277802 0.0159840
8 0.3627396 0.4156801 0.0277802 0.0159840
2 0.2225759 0.4732226 0.0277802 0.0159840
3 0.3627396 0.6458501 0.0277802 0.0159840
27 0.4347156 0.5307651 0.0277802 0.0159841
20 0.4347156 0.7033925 0.0277802 0.0159840
26 0.2932891 0.5883076 0.0277802 0.0159840
18 0.5761420 0.5307651 0.0277802 0.0159841
13 0.5054288 0.5883076 0.0277802 0.0159840
