30 0.4480205 0.4130445 0.0272011 0.0159998
22 0.3787812 0.4130445 0.0272012 0.0159998
32 0.3113966 0.3602450 0.5007481 0.4095962
30 0.1018243 0.2402462 0.0272011 0.0159999
1 0.1710635 0.2402462 0.0272011 0.0159999
26 0.2403028 0.2402462 0.0272011 0.0159999
21 0.3787812 0.2402462 0.0272012 0.0159999
15 0.4480205 0.2402462 0.0272011 0.0159999
16 0.5172598 0.2402462 0.0272011 0.0159999
6 0.1018243 0.2978456 0.0272011 0.0159999
10 0.1710635 0.2978456 0.0272011 0.0159999
23 0.3083056 0.2978456 0.0272011 0.0159999
24 0.5172598 0.2978456 0.0272011 0.0159999
12 0.1018243 0.3554451 0.0272011 0.0159999
25 0.1710635 0.3554451 0.0272011 0.0159999
19 0.2403028 0.3554451 0.0272011 0.0159999
11 0.3083056 0.3554451 0.0272011 0.0159999
18 0.5172598 0.3554451 0.0272011 0.0159999
31 0.1018243 0.4130445 0.0272011 0.0159998
7 0.1710635 0.4130445 0.0272011 0.0159998
9 0.2403028 0.4130445 0.0272011 0.0159998
22 0.5172598 0.4130445 0.0272011 0.0159998
4 0.1710635 0.4706440 0.0272011 0.0159999
27 0.2403028 0.4706440 0.0272011 0.0159999
29 0.3083056 0.4706440 0.0272011 0.0159999
17 0.3787812 0.4706440 0.0272012 0.0159999
2 0.4480205 0.4706440 0.0272011 0.0159999
3 0.1710635 0.5282434 0.0272011 0.0159998
5 0.2403028 0.5282434 0.0272011 0.0159998
13 0.3083056 0.5282434 0.0272011 0.0159998
33 0.3781630 0.5277101 0.0655300 0.0575995
4 0.3787812 0.5282434 0.0272012 0.0159998
20 0.4480205 0.5282434 0.0272011 0.0159998
15 0.1018243 0.5282434 0.0272011 0.0159998
12 0.2403028 0.2978456 0.0272011 0.0159999
11 0.3083056 0.4130445 0.0272011 0.0159998
28 0.5172598 0.4706440 0.0272011 0.0159999
11 0.5172598 0.5282434 0.0272011 0.0159998
14 0.4480205 0.3554451 0.0272011 0.0159999
9 0.1018243 0.4706440 0.0272011 0.0159999
20 0.3787812 0.3554451 0.0272012 0.0159999
7 0.3083056 0.2402462 0.0272011 0.0159999
22 0.3787812 0.2978456 0.0272012 0.0159999
27 0.4480205 0.2978456 0.0272011 0.0159999
