22 0.6728246 0.5062606 0.0262781 0.0166648
22 0.3383766 0.5662536 0.0262781 0.0166647
32 0.5408370 0.4512670 0.4837550 0.4266173
13 0.3383766 0.3262814 0.0262781 0.0166648
31 0.4721558 0.3262814 0.0262780 0.0166648
16 0.5378509 0.3262814 0.0262780 0.0166648
3 0.6059350 0.3262814 0.0262780 0.0166648
15 0.6728246 0.3262814 0.0262781 0.0166648
34 0.7397141 0.3257259 0.0621117 0.0599931
15 0.7397141 0.3262814 0.0262780 0.0166648
30 0.3383766 0.3862744 0.0262781 0.0166647
7 0.4052662 0.3862744 0.0262781 0.0166647
10 0.7397141 0.3862744 0.0262780 0.0166647
19 0.4052662 0.4462675 0.0262781 0.0166647
9 0.5378509 0.4462675 0.0262780 0.0166647
21 0.6728246 0.4462675 0.0262781 0.0166647
4 0.7397141 0.4462675 0.0262780 0.0166647
20 0.3383766 0.5062606 0.0262781 0.0166648
6 0.4052662 0.5062606 0.0262781 0.0166648
29 0.5378509 0.5062606 0.0262780 0.0166648
27 0.6059350 0.5062606 0.0262780 0.0166648
18 0.4052662 0.5662536 0.0262781 0.0166647
23 0.4721558 0.5662536 0.0262780 0.0166647
5 0.5378509 0.5662536 0.0262780 0.0166647
11 0.6059350 0.5662536 0.0262780 0.0166647
14 0.7397141 0.5662536 0.0262780 0.0166647
22 0.3383766 0.6262467 0.0262781 0.0166648
26 0.4052662 0.6262467 0.0262781 0.0166648
24 0.4721558 0.6262467 0.0262780 0.0166648
8 0.5378509 0.6262467 0.0262780 0.0166648
25 0.6059350 0.6262467 0.0262780 0.0166648
1 0.6728246 0.6262467 0.0262781 0.0166648
2 0.7397141 0.6262467 0.0262780 0.0166648
25 0.3383766 0.4462675 0.0262781 0.0166647
19 0.6059350 0.4462675 0.0262780 0.0166647
6 0.4721558 0.4462675 0.0262780 0.0166647
20 0.6728246 0.5662536 0.0262781 0.0166647
15 0.4721558 0.3862744 0.0262780 0.0166647
22 0.4052662 0.3262814 0.0262781 0.0166648
18 0.7397141 0.5062606 0.0262780 0.0166648
14 0.5378509 0.3862744 0.0262780 0.0166647
25 0.4721558 0.5062606 0.0262780 0.0166648
6 0.6059350 0.3862744 0.0262780 0.0166647
9 0.6728246 0.3862744 0.0262781 0.0166647
