31 0.4655616 0.6136064 0.0262230 0.0161284
12 0.5990607 0.6136064 0.0262230 0.0161284
32 0.4006001 0.6184449 0.4827420 0.4128873
13 0.2653131 0.4974818 0.0262230 0.0161284
7 0.3976202 0.4974818 0.0262230 0.0161284
8 0.5323111 0.4974818 0.0262230 0.0161284
9 0.1985636 0.5555441 0.0262230 0.0161284
16 0.3320626 0.5555441 0.0262230 0.0161284
4 0.3976202 0.5555441 0.0262230 0.0161284
18 0.5323111 0.5555441 0.0262230 0.0161284
30 0.5990607 0.5555441 0.0262230 0.0161284
20 0.1985636 0.6136064 0.0262230 0.0161284
21 0.2653131 0.6136064 0.0262230 0.0161284
27 0.3320626 0.6136064 0.0262230 0.0161284
10 0.3976202 0.6136064 0.0262230 0.0161284
1 0.5323111 0.6136064 0.0262230 0.0161284
17 0.1985636 0.6716686 0.0262230 0.0161284
12 0.2653131 0.6716686 0.0262230 0.0161284
6 0.3976202 0.6716686 0.0262230 0.0161284
3 0.4655616 0.6716686 0.0262230 0.0161284
25 0.5323111 0.6716686 0.0262230 0.0161284
31 0.1985636 0.7297309 0.0262230 0.0161284
15 0.2653131 0.7297309 0.0262230 0.0161284
24 0.3320626 0.7297309 0.0262230 0.0161284
26 0.4655616 0.7297309 0.0262230 0.0161284
29 0.5323111 0.7297309 0.0262230 0.0161284
5 0.5990607 0.7297309 0.0262230 0.0161284
19 0.1985636 0.7877931 0.0262230 0.0161284
33 0.3320626 0.7872556 0.0619817 0.0580623
16 0.3320626 0.7877931 0.0262230 0.0161284
11 0.3976202 0.7877931 0.0262230 0.0161284
22 0.4655616 0.7877931 0.0262230 0.0161284
2 0.5990607 0.7877931 0.0262230 0.0161284
30 0.4655616 0.5555441 0.0262230 0.0161284
15 0.5990607 0.6716686 0.0262230 0.0161284
26 0.3976202 0.7297309 0.0262230 0.0161284
8 0.4655616 0.4974818 0.0262230 0.0161284
13 0.3320626 0.4974818 0.0262230 0.0161284
4 0.2653131 0.5555441 0.0262230 0.0161284
26 0.1985636 0.4974818 0.0262230 0.0161284
1 0.2653131 0.7877931 0.0262230 0.0161284
6 0.5990607 0.4974818 0.0262230 0.0161284
27 0.5323111 0.7877931 0.0262230 0.0161284
17 0.3320626 0.6716686 0.0262230 0.0161284
