24 0.7779832 0.5708732 0.0272035 0.0159629
24 0.6394930 0.2835418 0.0272034 0.0159629
32 0.5721026 0.4032632 0.5007905 0.4086490
1 0.3625125 0.2835418 0.0272034 0.0159629
16 0.4317576 0.2835418 0.0272034 0.0159629
29 0.5690113 0.2835418 0.0272034 0.0159629
17 0.7779832 0.2835418 0.0272035 0.0159629
27 0.3625125 0.3410081 0.0272034 0.0159628
3 0.4317576 0.3410081 0.0272034 0.0159628
25 0.5010027 0.3410081 0.0272034 0.0159628
19 0.5690113 0.3410081 0.0272034 0.0159628
21 0.6394930 0.3410081 0.0272034 0.0159628
24 0.7087381 0.3410081 0.0272034 0.0159628
22 0.7779832 0.3410081 0.0272035 0.0159628
9 0.3625125 0.3984744 0.0272034 0.0159629
18 0.5010027 0.3984744 0.0272034 0.0159629
8 0.5690113 0.3984744 0.0272034 0.0159629
20 0.6394930 0.3984744 0.0272034 0.0159629
2 0.3625125 0.4559407 0.0272034 0.0159628
33 0.4311393 0.4554086 0.0630625 0.0574663
28 0.4317576 0.4559407 0.0272034 0.0159628
10 0.5010027 0.4559407 0.0272034 0.0159628
7 0.5690113 0.4559407 0.0272034 0.0159628
15 0.6394930 0.4559407 0.0272034 0.0159628
26 0.7779832 0.4559407 0.0272035 0.0159628
31 0.4317576 0.5134069 0.0272034 0.0159629
6 0.6394930 0.5134069 0.0272034 0.0159629
4 0.7087381 0.5134069 0.0272034 0.0159629
11 0.7779832 0.5134069 0.0272035 0.0159629
13 0.3625125 0.5708732 0.0272034 0.0159629
12 0.4317576 0.5708732 0.0272034 0.0159629
14 0.5010027 0.5708732 0.0272034 0.0159629
23 0.7087381 0.5708732 0.0272034 0.0159629
22 0.5010027 0.5134069 0.0272034 0.0159629
15 0.7779832 0.3984744 0.0272035 0.0159629
19 0.7087381 0.4559407 0.0272034 0.0159628
10 0.5690113 0.5134069 0.0272034 0.0159629
27 0.5010027 0.2835418 0.0272034 0.0159629
6 0.4317576 0.3984744 0.0272034 0.0159629
12 0.7087381 0.2835418 0.0272034 0.0159629
15 0.5690113 0.5708732 0.0272034 0.0159629
30 0.7087381 0.3984744 0.0272034 0.0159629
16 0.6394930 0.5708732 0.0272034 0.0159629
17 0.3625125 0.5134069 0.0272034 0.0159629
