1 0.3222606 0.5001784 0.0288468 0.0160879
24 0.3956888 0.2105969 0.0288468 0.0160878
32 0.4710838 0.3312559 0.5310434 0.4118493
17 0.2488323 0.2105969 0.0288468 0.0160878
13 0.3222606 0.2105969 0.0288468 0.0160878
3 0.4678058 0.2105969 0.0288468 0.0160878
24 0.5425452 0.2105969 0.0288468 0.0160878
27 0.6894017 0.2105969 0.0288467 0.0160878
9 0.2488323 0.2685132 0.0288468 0.0160878
4 0.3222606 0.2685132 0.0288468 0.0160878
11 0.3956888 0.2685132 0.0288468 0.0160878
7 0.6159735 0.2685132 0.0288468 0.0160878
14 0.3956888 0.3264295 0.0288468 0.0160878
5 0.4678058 0.3264295 0.0288468 0.0160878
33 0.5418896 0.3258932 0.0694946 0.0579163
3 0.5425452 0.3264295 0.0288468 0.0160878
19 0.6159735 0.3264295 0.0288468 0.0160878
12 0.6894017 0.3264295 0.0288467 0.0160878
23 0.2488323 0.3843458 0.0288468 0.0160878
15 0.3222606 0.3843458 0.0288468 0.0160878
10 0.3956888 0.3843458 0.0288468 0.0160878
1 0.4678058 0.3843458 0.0288468 0.0160878
18 0.5425452 0.3843458 0.0288468 0.0160878
30 0.6894017 0.3843458 0.0288467 0.0160878
6 0.2488323 0.4422621 0.0288468 0.0160878
29 0.3222606 0.4422621 0.0288468 0.0160878
26 0.4678058 0.4422621 0.0288468 0.0160878
21 0.6159735 0.4422621 0.0288468 0.0160878
2 0.6894017 0.4422621 0.0288467 0.0160878
22 0.2488323 0.5001784 0.0288468 0.0160879
31 0.3956888 0.5001784 0.0288468 0.0160879
16 0.6159735 0.5001784 0.0288468 0.0160879
20 0.6894017 0.5001784 0.0288467 0.0160879
12 0.4678058 0.5001784 0.0288468 0.0160879
2 0.5425452 0.5001784 0.0288468 0.0160879
26 0.3222606 0.3264295 0.0288468 0.0160878
10 0.3956888 0.4422621 0.0288468 0.0160878
16 0.4678058 0.2685132 0.0288468 0.0160878
17 0.6159735 0.2105969 0.0288468 0.0160878
30 0.5425452 0.2685132 0.0288468 0.0160878
6 0.2488323 0.3264295 0.0288468 0.0160878
3 0.6894017 0.2685132 0.0288467 0.0160878
16 0.6159735 0.3843458 0.0288468 0.0160878
11 0.5425452 0.4422621 0.0288468 0.0160878
