7 0.1998782 0.7265211 0.0274874 0.0168167
11 0.0599425 0.6659810 0.0274874 0.0168167
32 0.2717202 0.6104859 0.5060175 0.4305076
25 0.1299104 0.4843606 0.0274874 0.0168167
21 0.2685966 0.4843606 0.0274874 0.0168167
10 0.4097817 0.4843606 0.0274874 0.0168167
24 0.4797496 0.4843606 0.0274874 0.0168167
2 0.0599425 0.5449008 0.0274874 0.0168167
3 0.1299104 0.5449008 0.0274874 0.0168167
23 0.2685966 0.5449008 0.0274874 0.0168167
22 0.3398139 0.5449008 0.0274874 0.0168167
20 0.4097817 0.5449008 0.0274874 0.0168167
19 0.4797496 0.5449008 0.0274874 0.0168167
31 0.1299104 0.6054409 0.0274874 0.0168167
27 0.2685966 0.6054409 0.0274874 0.0168167
4 0.3398139 0.6054409 0.0274874 0.0168167
15 0.4097817 0.6054409 0.0274874 0.0168167
18 0.4797496 0.6054409 0.0274874 0.0168167
8 0.1299104 0.6659810 0.0274874 0.0168167
29 0.1998782 0.6659810 0.0274874 0.0168167
34 0.4091570 0.6654205 0.0637207 0.0605401
2 0.4097817 0.6659810 0.0274874 0.0168167
12 0.4797496 0.6659810 0.0274874 0.0168167
11 0.0599425 0.7265211 0.0274874 0.0168167
30 0.1299104 0.7265211 0.0274874 0.0168167
9 0.3398139 0.7265211 0.0274874 0.0168167
5 0.4797496 0.7265211 0.0274874 0.0168167
16 0.0599425 0.7870614 0.0274874 0.0168167
14 0.1299104 0.7870614 0.0274874 0.0168167
7 0.1998782 0.7870614 0.0274874 0.0168167
6 0.2685966 0.7870614 0.0274874 0.0168167
13 0.3398139 0.7870614 0.0274874 0.0168167
26 0.4097817 0.7870614 0.0274874 0.0168167
29 0.4797496 0.7870614 0.0274874 0.0168167
9 0.2685966 0.7265211 0.0274874 0.0168167
12 0.1998782 0.5449008 0.0274874 0.0168167
12 0.4097817 0.7265211 0.0274874 0.0168167
5 0.3398139 0.4843606 0.0274874 0.0168167
2 0.1998782 0.6054409 0.0274874 0.0168167
5 0.1998782 0.4843606 0.0274874 0.0168167
9 0.0599425 0.6054409 0.0274874 0.0168167
17 0.0599425 0.4843606 0.0274874 0.0168167
2 0.2685966 0.6659810 0.0274874 0.0168167
10 0.3398139 0.6659810 0.0274874 0.0168167
