14 0.3865591 0.4933919 0.0287973 0.0170841
11 0.2386457 0.6163974 0.0287973 0.0170841
32 0.2541171 0.6215226 0.5057341 0.4373530
13 0.0200480 0.4933919 0.0287973 0.0170841
4 0.1666525 0.4933919 0.0287973 0.0170841
27 0.2386457 0.4933919 0.0287973 0.0170841
24 0.3132569 0.4933919 0.0287973 0.0170841
23 0.0200480 0.5548946 0.0287973 0.0170841
16 0.0933502 0.5548946 0.0287973 0.0170841
12 0.2386457 0.5548946 0.0287973 0.0170841
31 0.3865591 0.5548946 0.0287973 0.0170841
11 0.4598613 0.5548946 0.0287973 0.0170841
25 0.0200480 0.6163974 0.0287973 0.0170841
34 0.0926958 0.6158279 0.0667574 0.0615028
4 0.0933502 0.6163974 0.0287973 0.0170841
22 0.1666525 0.6163974 0.0287973 0.0170841
6 0.3132569 0.6163974 0.0287973 0.0170841
7 0.3865591 0.6163974 0.0287973 0.0170841
15 0.0200480 0.6779002 0.0287973 0.0170841
14 0.1666525 0.6779002 0.0287973 0.0170841
19 0.3865591 0.6779002 0.0287973 0.0170841
18 0.4598613 0.6779002 0.0287973 0.0170841
20 0.0200480 0.7394029 0.0287973 0.0170841
21 0.0933502 0.7394029 0.0287973 0.0170841
1 0.2386457 0.7394029 0.0287973 0.0170841
29 0.3132569 0.7394029 0.0287973 0.0170841
26 0.3865591 0.7394029 0.0287973 0.0170841
2 0.0200480 0.8009058 0.0287973 0.0170841
30 0.0933502 0.8009058 0.0287973 0.0170841
17 0.1666525 0.8009058 0.0287973 0.0170841
3 0.2386457 0.8009058 0.0287973 0.0170841
10 0.3132569 0.8009058 0.0287973 0.0170841
8 0.4598613 0.8009058 0.0287973 0.0170841
6 0.3865591 0.8009058 0.0287973 0.0170841
8 0.0933502 0.6779002 0.0287973 0.0170841
22 0.1666525 0.5548946 0.0287973 0.0170841
3 0.3132569 0.5548946 0.0287973 0.0170841
31 0.4598613 0.4933919 0.0287973 0.0170841
13 0.1666525 0.7394029 0.0287973 0.0170841
4 0.3132569 0.6779002 0.0287973 0.0170841
8 0.2386457 0.6779002 0.0287973 0.0170841
10 0.4598613 0.7394029 0.0287973 0.0170841
7 0.0933502 0.4933919 0.0287973 0.0170841
11 0.4598613 0.6163974 0.0287973 0.0170841
