5 0.4921286 0.4914952 0.0276298 0.0164223
17 0.3502119 0.7870964 0.0276298 0.0164223
32 0.3533517 0.6146623 0.5086395 0.4204106
9 0.1404766 0.4914952 0.0276298 0.0164223
10 0.2108070 0.4914952 0.0276298 0.0164223
27 0.2811374 0.4914952 0.0276298 0.0164223
15 0.3502119 0.4914952 0.0276298 0.0164223
17 0.4217982 0.4914952 0.0276298 0.0164223
8 0.5624590 0.4914952 0.0276298 0.0164223
29 0.1404766 0.5506154 0.0276298 0.0164223
24 0.2811374 0.5506154 0.0276298 0.0164223
23 0.3502119 0.5506154 0.0276298 0.0164223
6 0.4217982 0.5506154 0.0276298 0.0164223
19 0.4921286 0.5506154 0.0276298 0.0164223
22 0.1404766 0.6097356 0.0276298 0.0164223
11 0.2108070 0.6097356 0.0276298 0.0164223
14 0.2811374 0.6097356 0.0276298 0.0164223
7 0.4217982 0.6097356 0.0276298 0.0164223
25 0.4921286 0.6097356 0.0276298 0.0164223
30 0.1404766 0.6688559 0.0276298 0.0164223
34 0.2101791 0.6683085 0.0640509 0.0591202
7 0.2108070 0.6688559 0.0276298 0.0164223
20 0.5624590 0.6688559 0.0276298 0.0164223
12 0.2108070 0.7279761 0.0276298 0.0164223
3 0.2811374 0.7279761 0.0276298 0.0164223
16 0.3502119 0.7279761 0.0276298 0.0164223
26 0.4217982 0.7279761 0.0276298 0.0164223
2 0.4921286 0.7279761 0.0276298 0.0164223
5 0.5624590 0.7279761 0.0276298 0.0164223
1 0.2108070 0.7870964 0.0276298 0.0164223
21 0.2811374 0.7870964 0.0276298 0.0164223
13 0.4217982 0.7870964 0.0276298 0.0164223
4 0.5624590 0.7870964 0.0276298 0.0164223
21 0.1404766 0.7870964 0.0276298 0.0164223
19 0.3502119 0.6097356 0.0276298 0.0164223
12 0.4921286 0.6688559 0.0276298 0.0164223
18 0.1404766 0.7279761 0.0276298 0.0164223
6 0.5624590 0.6097356 0.0276298 0.0164223
14 0.4921286 0.7870964 0.0276298 0.0164223
29 0.2108070 0.5506154 0.0276298 0.0164223
28 0.5624590 0.5506154 0.0276298 0.0164223
9 0.3502119 0.6688559 0.0276298 0.0164223
1 0.2811374 0.6688559 0.0276298 0.0164223
13 0.4217982 0.6688559 0.0276298 0.0164223
