1 0.3483433 0.4233950 0.0263775 0.0165558
11 0.5497716 0.3637943 0.0263775 0.0165558
32 0.4172845 0.4283617 0.4855860 0.4238273
3 0.4142871 0.3041936 0.0263775 0.0165558
18 0.5497716 0.3041936 0.0263775 0.0165558
33 0.6169144 0.3036418 0.0623468 0.0596007
1 0.6169144 0.3041936 0.0263775 0.0165558
31 0.2140578 0.3637943 0.0263775 0.0165558
7 0.3483433 0.3637943 0.0263775 0.0165558
4 0.4826288 0.3637943 0.0263775 0.0165558
30 0.2140578 0.4233950 0.0263775 0.0165558
14 0.4142871 0.4233950 0.0263775 0.0165558
23 0.4826288 0.4233950 0.0263775 0.0165558
25 0.5497716 0.4233950 0.0263775 0.0165558
21 0.6169144 0.4233950 0.0263775 0.0165558
10 0.2140578 0.4829957 0.0263775 0.0165557
5 0.2812005 0.4829957 0.0263775 0.0165557
16 0.3483433 0.4829957 0.0263775 0.0165557
12 0.4142871 0.4829957 0.0263775 0.0165557
13 0.4826288 0.4829957 0.0263775 0.0165557
1 0.6169144 0.4829957 0.0263775 0.0165557
19 0.2140578 0.5425965 0.0263775 0.0165558
29 0.2812005 0.5425965 0.0263775 0.0165558
24 0.3483433 0.5425965 0.0263775 0.0165558
15 0.4142871 0.5425965 0.0263775 0.0165558
6 0.4826288 0.5425965 0.0263775 0.0165558
9 0.6169144 0.5425965 0.0263775 0.0165558
2 0.2140578 0.6021971 0.0263775 0.0165558
22 0.2812005 0.6021971 0.0263775 0.0165558
20 0.3483433 0.6021971 0.0263775 0.0165558
11 0.4142871 0.6021971 0.0263775 0.0165558
17 0.5497716 0.6021971 0.0263775 0.0165558
26 0.6169144 0.6021971 0.0263775 0.0165558
10 0.5497716 0.4829957 0.0263775 0.0165557
19 0.2140578 0.3041936 0.0263775 0.0165558
3 0.6169144 0.3637943 0.0263775 0.0165558
6 0.3483433 0.3041936 0.0263775 0.0165558
18 0.4826288 0.6021971 0.0263775 0.0165558
7 0.5497716 0.5425965 0.0263775 0.0165558
6 0.2812005 0.4233950 0.0263775 0.0165558
7 0.2812005 0.3041936 0.0263775 0.0165558
1 0.4142871 0.3637943 0.0263775 0.0165558
7 0.4826288 0.3041936 0.0263775 0.0165558
11 0.2812005 0.3637943 0.0263775 0.0165558
