7 0.3142733 0.6876203 0.0287465 0.0169846
12 0.5350990 0.6264760 0.0287465 0.0169845
32 0.3175399 0.6315714 0.5291977 0.4348040
34 0.0960609 0.5036212 0.0679464 0.0611443
27 0.0960609 0.5041874 0.0287465 0.0169845
2 0.1692339 0.5041874 0.0287465 0.0169845
3 0.2424069 0.5041874 0.0287465 0.0169845
7 0.3887530 0.5041874 0.0287465 0.0169845
31 0.2424069 0.5653317 0.0287465 0.0169845
11 0.3142733 0.5653317 0.0287465 0.0169845
24 0.3887530 0.5653317 0.0287465 0.0169845
17 0.4619260 0.5653317 0.0287466 0.0169845
5 0.5350990 0.5653317 0.0287465 0.0169845
29 0.1692339 0.6264760 0.0287465 0.0169845
12 0.2424069 0.6264760 0.0287465 0.0169845
16 0.3142733 0.6264760 0.0287465 0.0169845
23 0.3887530 0.6264760 0.0287465 0.0169845
9 0.4619260 0.6264760 0.0287466 0.0169845
1 0.0960609 0.6876203 0.0287465 0.0169846
15 0.2424069 0.6876203 0.0287465 0.0169846
27 0.3887530 0.6876203 0.0287465 0.0169846
4 0.5350990 0.6876203 0.0287465 0.0169846
10 0.2424069 0.7487646 0.0287465 0.0169845
19 0.3142733 0.7487646 0.0287465 0.0169845
18 0.3887530 0.7487646 0.0287465 0.0169845
6 0.4619260 0.7487646 0.0287466 0.0169845
30 0.5350990 0.7487646 0.0287465 0.0169845
13 0.0960609 0.8099090 0.0287465 0.0169845
22 0.1692339 0.8099090 0.0287465 0.0169845
25 0.3142733 0.8099090 0.0287465 0.0169845
14 0.3887530 0.8099090 0.0287465 0.0169845
8 0.4619260 0.8099090 0.0287466 0.0169845
26 0.5350990 0.8099090 0.0287465 0.0169845
3 0.1692339 0.7487646 0.0287465 0.0169845
8 0.1692339 0.6876203 0.0287465 0.0169846
13 0.0960609 0.7487646 0.0287465 0.0169845
4 0.4619260 0.5041874 0.0287466 0.0169845
31 0.4619260 0.6876203 0.0287466 0.0169846
21 0.0960609 0.6264760 0.0287465 0.0169845
22 0.0960609 0.5653317 0.0287465 0.0169845
1 0.3142733 0.5041874 0.0287465 0.0169845
5 0.1692339 0.5653317 0.0287465 0.0169845
14 0.5350990 0.5041874 0.0287465 0.0169845
25 0.2424069 0.8099090 0.0287465 0.0169845
