10 0.1299478 0.6411122 0.0270273 0.0165628
10 0.1299478 0.4026075 0.0270273 0.0165628
32 0.3381810 0.5268287 0.4975484 0.4240083
30 0.2675414 0.4026075 0.0270273 0.0165628
7 0.3351097 0.4026075 0.0270273 0.0165628
31 0.4739318 0.4026075 0.0270273 0.0165628
20 0.5427287 0.4026075 0.0270273 0.0165628
4 0.1987446 0.4622337 0.0270273 0.0165628
2 0.2675414 0.4622337 0.0270273 0.0165628
14 0.3351097 0.4622337 0.0270273 0.0165628
8 0.4051350 0.4622337 0.0270273 0.0165628
18 0.4739318 0.4622337 0.0270273 0.0165628
11 0.5427287 0.4622337 0.0270273 0.0165628
3 0.1299478 0.5218598 0.0270273 0.0165628
13 0.1987446 0.5218598 0.0270273 0.0165628
12 0.2675414 0.5218598 0.0270273 0.0165628
26 0.3351097 0.5218598 0.0270273 0.0165628
29 0.4051350 0.5218598 0.0270273 0.0165628
10 0.4739318 0.5218598 0.0270273 0.0165628
27 0.5427287 0.5218598 0.0270273 0.0165628
21 0.1299478 0.5814860 0.0270273 0.0165628
6 0.1987446 0.5814860 0.0270273 0.0165628
33 0.3351097 0.5809340 0.0638828 0.0596261
18 0.3351097 0.5814860 0.0270273 0.0165628
9 0.4739318 0.5814860 0.0270273 0.0165628
16 0.5427287 0.5814860 0.0270273 0.0165628
17 0.2675414 0.6411122 0.0270273 0.0165628
5 0.3351097 0.6411122 0.0270273 0.0165628
24 0.4051350 0.6411122 0.0270273 0.0165628
15 0.1299478 0.7007384 0.0270273 0.0165628
25 0.2675414 0.7007384 0.0270273 0.0165628
22 0.3351097 0.7007384 0.0270273 0.0165628
1 0.5427287 0.7007384 0.0270273 0.0165628
19 0.2675414 0.5814860 0.0270273 0.0165628
22 0.4051350 0.7007384 0.0270273 0.0165628
27 0.5427287 0.6411122 0.0270273 0.0165628
21 0.1299478 0.4622337 0.0270273 0.0165628
3 0.1987446 0.6411122 0.0270273 0.0165628
16 0.1987446 0.4026075 0.0270273 0.0165628
13 0.4739318 0.6411122 0.0270273 0.0165628
27 0.4051350 0.5814860 0.0270273 0.0165628
14 0.4739318 0.7007384 0.0270273 0.0165628
30 0.4051350 0.4026075 0.0270273 0.0165628
1 0.1987446 0.7007384 0.0270273 0.0165628
