14 0.4850312 0.4683287 0.0271804 0.0168602
17 0.4850312 0.4076319 0.0271804 0.0168602
32 0.3485112 0.4733868 0.5003673 0.4316215
7 0.1390982 0.3469352 0.0271805 0.0168602
22 0.2082848 0.3469352 0.0271804 0.0168602
2 0.2774714 0.3469352 0.0271805 0.0168602
12 0.3454225 0.3469352 0.0271804 0.0168602
17 0.4158446 0.3469352 0.0271804 0.0168602
25 0.4850312 0.3469352 0.0271804 0.0168602
15 0.5542178 0.3469352 0.0271804 0.0168602
21 0.1390982 0.4076319 0.0271805 0.0168602
8 0.3454225 0.4076319 0.0271804 0.0168602
29 0.4158446 0.4076319 0.0271804 0.0168602
13 0.1390982 0.4683287 0.0271805 0.0168602
11 0.4158446 0.4683287 0.0271804 0.0168602
18 0.5542178 0.4683287 0.0271804 0.0168602
10 0.1390982 0.5290255 0.0271805 0.0168602
23 0.2082848 0.5290255 0.0271804 0.0168602
24 0.2774714 0.5290255 0.0271805 0.0168602
34 0.3454225 0.5284635 0.0642447 0.0606968
22 0.3454225 0.5290255 0.0271804 0.0168602
19 0.4158446 0.5290255 0.0271804 0.0168602
26 0.4850312 0.5290255 0.0271804 0.0168602
4 0.5542178 0.5290255 0.0271804 0.0168602
14 0.1390982 0.5897223 0.0271805 0.0168602
27 0.2082848 0.5897223 0.0271804 0.0168602
9 0.4158446 0.5897223 0.0271804 0.0168602
6 0.4850312 0.5897223 0.0271804 0.0168602
31 0.5542178 0.5897223 0.0271804 0.0168602
16 0.1390982 0.6504190 0.0271805 0.0168602
20 0.2774714 0.6504190 0.0271805 0.0168602
1 0.4158446 0.6504190 0.0271804 0.0168602
3 0.5542178 0.6504190 0.0271804 0.0168602
1 0.5542178 0.4076319 0.0271804 0.0168602
4 0.2082848 0.6504190 0.0271804 0.0168602
9 0.3454225 0.5897223 0.0271804 0.0168602
7 0.2082848 0.4683287 0.0271804 0.0168602
21 0.2082848 0.4076319 0.0271804 0.0168602
15 0.2774714 0.4683287 0.0271805 0.0168602
17 0.3454225 0.6504190 0.0271804 0.0168602
21 0.2774714 0.5897223 0.0271805 0.0168602
9 0.2774714 0.4076319 0.0271805 0.0168602
19 0.4850312 0.6504190 0.0271804 0.0168602
21 0.3454225 0.4683287 0.0271804 0.0168602
