20 0.5661524 0.7066007 0.0280178 0.0163007
2 0.8514250 0.5305532 0.0280178 0.0163007
32 0.6393809 0.5354434 0.5157832 0.4172981
27 0.4235161 0.4131881 0.0280178 0.0163007
18 0.4948343 0.4131881 0.0280178 0.0163007
1 0.5661524 0.4131881 0.0280178 0.0163007
22 0.6361971 0.4131881 0.0280179 0.0163007
34 0.7081520 0.4126447 0.0674976 0.0586825
7 0.7087888 0.4131881 0.0280179 0.0163007
25 0.7801070 0.4131881 0.0280178 0.0163007
31 0.4948343 0.4718706 0.0280178 0.0163007
29 0.5661524 0.4718706 0.0280178 0.0163007
15 0.6361971 0.4718706 0.0280179 0.0163007
7 0.7087888 0.4718706 0.0280179 0.0163007
12 0.4235161 0.5305532 0.0280178 0.0163007
16 0.4948343 0.5305532 0.0280178 0.0163007
20 0.5661524 0.5305532 0.0280178 0.0163007
30 0.7087888 0.5305532 0.0280179 0.0163007
4 0.7801070 0.5305532 0.0280178 0.0163007
13 0.4235161 0.5892357 0.0280178 0.0163007
5 0.4948343 0.5892357 0.0280178 0.0163007
9 0.5661524 0.5892357 0.0280178 0.0163007
8 0.6361971 0.5892357 0.0280179 0.0163007
10 0.7801070 0.5892357 0.0280178 0.0163007
2 0.8514250 0.5892357 0.0280178 0.0163007
24 0.4235161 0.6479182 0.0280178 0.0163007
21 0.5661524 0.6479182 0.0280178 0.0163007
26 0.6361971 0.6479182 0.0280179 0.0163007
6 0.7087888 0.6479182 0.0280179 0.0163007
23 0.7801070 0.6479182 0.0280178 0.0163007
3 0.4948343 0.7066007 0.0280178 0.0163007
11 0.7801070 0.7066007 0.0280178 0.0163007
17 0.8514250 0.7066007 0.0280178 0.0163007
29 0.4235161 0.7066007 0.0280178 0.0163007
5 0.8514250 0.4718706 0.0280178 0.0163007
1 0.6361971 0.5305532 0.0280179 0.0163007
21 0.4235161 0.4718706 0.0280178 0.0163007
19 0.6361971 0.7066007 0.0280179 0.0163007
6 0.8514250 0.4131881 0.0280178 0.0163007
17 0.4948343 0.6479182 0.0280178 0.0163007
1 0.7801070 0.4718706 0.0280178 0.0163007
11 0.8514250 0.6479182 0.0280178 0.0163007
28 0.7087888 0.5892357 0.0280179 0.0163007
4 0.7087888 0.7066007 0.0280179 0.0163007
