1 0.3313735 0.4721545 0.0285826 0.0161353
29 0.6223964 0.3559805 0.0285826 0.0161353
32 0.5515894 0.4769951 0.5261797 0.4130632
5 0.3313735 0.3559805 0.0285826 0.0161353
15 0.4768849 0.3559805 0.0285826 0.0161353
27 0.5483414 0.3559805 0.0285826 0.0161353
23 0.6951521 0.3559805 0.0285826 0.0161353
10 0.7679078 0.3559805 0.0285826 0.0161353
21 0.3313735 0.4140675 0.0285826 0.0161353
9 0.4041292 0.4140675 0.0285826 0.0161353
18 0.4768849 0.4140675 0.0285826 0.0161353
30 0.5483414 0.4140675 0.0285826 0.0161353
12 0.6951521 0.4140675 0.0285826 0.0161353
19 0.4768849 0.4721545 0.0285826 0.0161353
6 0.5483414 0.4721545 0.0285826 0.0161353
34 0.6217468 0.4716167 0.0688581 0.0580870
23 0.6223964 0.4721545 0.0285826 0.0161353
29 0.7679078 0.4721545 0.0285826 0.0161353
4 0.3313735 0.5302415 0.0285826 0.0161353
11 0.4041292 0.5302415 0.0285826 0.0161353
26 0.5483414 0.5302415 0.0285826 0.0161353
22 0.6223964 0.5302415 0.0285826 0.0161353
20 0.7679078 0.5302415 0.0285826 0.0161353
8 0.3313735 0.5883285 0.0285826 0.0161353
3 0.4041292 0.5883285 0.0285826 0.0161353
17 0.4768849 0.5883285 0.0285826 0.0161353
13 0.6223964 0.5883285 0.0285826 0.0161353
2 0.7679078 0.5883285 0.0285826 0.0161353
16 0.3313735 0.6464155 0.0285826 0.0161353
31 0.4041292 0.6464155 0.0285826 0.0161353
25 0.4768849 0.6464155 0.0285826 0.0161353
1 0.6223964 0.6464155 0.0285826 0.0161353
7 0.6951521 0.6464155 0.0285826 0.0161353
18 0.6223964 0.4140675 0.0285826 0.0161353
2 0.6951521 0.5302415 0.0285826 0.0161353
22 0.5483414 0.5883285 0.0285826 0.0161353
25 0.7679078 0.4140675 0.0285826 0.0161353
27 0.4768849 0.5302415 0.0285826 0.0161353
19 0.4041292 0.4721545 0.0285826 0.0161353
9 0.6951521 0.4721545 0.0285826 0.0161353
1 0.6951521 0.5883285 0.0285826 0.0161353
25 0.4041292 0.3559805 0.0285826 0.0161353
8 0.5483414 0.6464155 0.0285826 0.0161353
26 0.7679078 0.6464155 0.0285826 0.0161353
