5 0.3796881 0.6650766 0.0274923 0.0169441
28 0.7295903 0.4210815 0.0274923 0.0169441
32 0.5915040 0.5481623 0.5061086 0.4337691
23 0.3796881 0.4210815 0.0274923 0.0169441
9 0.5196490 0.4210815 0.0274923 0.0169441
3 0.6596100 0.4210815 0.0274923 0.0169441
7 0.7995708 0.4210815 0.0274923 0.0169441
11 0.4496686 0.4820803 0.0274923 0.0169441
10 0.5196490 0.4820803 0.0274923 0.0169441
5 0.5883798 0.4820803 0.0274923 0.0169441
4 0.6596100 0.4820803 0.0274923 0.0169441
6 0.7995708 0.4820803 0.0274923 0.0169441
17 0.4496686 0.5430791 0.0274923 0.0169441
30 0.5196490 0.5430791 0.0274923 0.0169441
14 0.6596100 0.5430791 0.0274923 0.0169441
13 0.7295903 0.5430791 0.0274923 0.0169441
25 0.7995708 0.5430791 0.0274923 0.0169441
19 0.3796881 0.6040778 0.0274923 0.0169441
15 0.4496686 0.6040778 0.0274923 0.0169441
29 0.5196490 0.6040778 0.0274923 0.0169441
26 0.5883798 0.6040778 0.0274923 0.0169441
16 0.6596100 0.6040778 0.0274923 0.0169441
8 0.4496686 0.6650766 0.0274923 0.0169441
2 0.5196490 0.6650766 0.0274923 0.0169441
12 0.5883798 0.6650766 0.0274923 0.0169441
33 0.7289655 0.6645119 0.0637321 0.0609987
1 0.7295903 0.6650766 0.0274923 0.0169441
24 0.7995708 0.6650766 0.0274923 0.0169441
1 0.3796881 0.7260754 0.0274923 0.0169441
22 0.4496686 0.7260754 0.0274923 0.0169441
18 0.6596100 0.7260754 0.0274923 0.0169441
20 0.7295903 0.7260754 0.0274923 0.0169441
31 0.7995708 0.7260754 0.0274923 0.0169441
19 0.5883798 0.4210815 0.0274923 0.0169441
5 0.3796881 0.5430791 0.0274923 0.0169441
25 0.3796881 0.4820803 0.0274923 0.0169441
8 0.5196490 0.7260754 0.0274923 0.0169441
28 0.7995708 0.6040778 0.0274923 0.0169441
11 0.6596100 0.6650766 0.0274923 0.0169441
9 0.4496686 0.4210815 0.0274923 0.0169441
13 0.5883798 0.7260754 0.0274923 0.0169441
10 0.5883798 0.5430791 0.0274923 0.0169441
13 0.7295903 0.6040778 0.0274923 0.0169441
1 0.7295903 0.4820803 0.0274923 0.0169441
