25 0.5017387 0.5378583 0.0281245 0.0174650
3 0.4301490 0.4121099 0.0281245 0.0174651
32 0.2888874 0.3544752 0.5177463 0.4471056
19 0.0722010 0.2234872 0.0281245 0.0174651
12 0.2153802 0.2234872 0.0281245 0.0174651
20 0.2856914 0.2234872 0.0281245 0.0174651
18 0.3585594 0.2234872 0.0281245 0.0174651
8 0.4301490 0.2234872 0.0281245 0.0174651
3 0.5017387 0.2234872 0.0281245 0.0174651
22 0.0722010 0.2863615 0.0281245 0.0174651
9 0.1437906 0.2863615 0.0281245 0.0174651
11 0.2153802 0.2863615 0.0281245 0.0174651
24 0.2856914 0.2863615 0.0281245 0.0174651
10 0.3585594 0.2863615 0.0281245 0.0174651
33 0.4295098 0.2857793 0.0651977 0.0628742
9 0.4301490 0.2863615 0.0281245 0.0174651
7 0.0722010 0.3492357 0.0281245 0.0174651
23 0.2153802 0.3492357 0.0281245 0.0174651
27 0.2856914 0.3492357 0.0281245 0.0174651
29 0.4301490 0.3492357 0.0281245 0.0174651
6 0.5017387 0.3492357 0.0281245 0.0174651
31 0.2153802 0.4121099 0.0281245 0.0174651
2 0.2856914 0.4121099 0.0281245 0.0174651
4 0.3585594 0.4121099 0.0281245 0.0174651
13 0.5017387 0.4121099 0.0281245 0.0174651
21 0.0722010 0.4749841 0.0281245 0.0174651
17 0.2856914 0.4749841 0.0281245 0.0174651
25 0.4301490 0.4749841 0.0281245 0.0174651
26 0.0722010 0.5378583 0.0281245 0.0174650
16 0.1437906 0.5378583 0.0281245 0.0174650
14 0.2153802 0.5378583 0.0281245 0.0174650
15 0.2856914 0.5378583 0.0281245 0.0174650
5 0.4301490 0.5378583 0.0281245 0.0174650
8 0.1437906 0.4121099 0.0281245 0.0174651
16 0.0722010 0.4121099 0.0281245 0.0174651
25 0.1437906 0.2234872 0.0281245 0.0174651
31 0.1437906 0.3492357 0.0281245 0.0174651
15 0.3585594 0.5378583 0.0281245 0.0174650
14 0.3585594 0.4749841 0.0281245 0.0174651
18 0.1437906 0.4749841 0.0281245 0.0174651
27 0.5017387 0.4749841 0.0281245 0.0174651
14 0.5017387 0.2863615 0.0281245 0.0174651
6 0.2153802 0.4749841 0.0281245 0.0174651
14 0.3585594 0.3492357 0.0281245 0.0174651
