14 0.7852386 0.3541204 0.0288503 0.0161012
11 0.3446157 0.4700489 0.0288503 0.0161012
32 0.5668941 0.4169150 0.5311079 0.4121902
23 0.3446157 0.2961562 0.0288503 0.0161012
24 0.4180528 0.2961562 0.0288503 0.0161012
19 0.6383643 0.2961562 0.0288504 0.0161012
16 0.7118014 0.2961562 0.0288503 0.0161012
12 0.7852386 0.2961562 0.0288503 0.0161012
30 0.3446157 0.3541204 0.0288503 0.0161012
2 0.4180528 0.3541204 0.0288503 0.0161012
20 0.5636157 0.3541204 0.0288503 0.0161012
15 0.6383643 0.3541204 0.0288504 0.0161012
9 0.3446157 0.4120847 0.0288503 0.0161011
13 0.4180528 0.4120847 0.0288503 0.0161011
8 0.4914900 0.4120847 0.0288503 0.0161011
34 0.5636157 0.4115480 0.0681916 0.0579642
28 0.5636157 0.4120847 0.0288503 0.0161011
5 0.6383643 0.4120847 0.0288504 0.0161011
25 0.7852386 0.4120847 0.0288503 0.0161011
27 0.4914900 0.4700489 0.0288503 0.0161012
3 0.5636157 0.4700489 0.0288503 0.0161012
4 0.6383643 0.4700489 0.0288504 0.0161012
31 0.7118014 0.4700489 0.0288503 0.0161012
21 0.7852386 0.4700489 0.0288503 0.0161012
1 0.4180528 0.5280131 0.0288503 0.0161011
22 0.4914900 0.5280131 0.0288503 0.0161011
17 0.5636157 0.5280131 0.0288503 0.0161011
29 0.6383643 0.5280131 0.0288504 0.0161011
14 0.7852386 0.5280131 0.0288503 0.0161011
10 0.4914900 0.5859774 0.0288503 0.0161012
26 0.5636157 0.5859774 0.0288503 0.0161012
7 0.6383643 0.5859774 0.0288504 0.0161012
6 0.7852386 0.5859774 0.0288503 0.0161012
31 0.7118014 0.5280131 0.0288503 0.0161011
29 0.4914900 0.2961562 0.0288503 0.0161012
26 0.4914900 0.3541204 0.0288503 0.0161012
8 0.7118014 0.4120847 0.0288503 0.0161011
25 0.4180528 0.4700489 0.0288503 0.0161012
9 0.3446157 0.5280131 0.0288503 0.0161011
21 0.7118014 0.5859774 0.0288503 0.0161012
5 0.7118014 0.3541204 0.0288503 0.0161012
25 0.5636157 0.2961562 0.0288503 0.0161012
3 0.4180528 0.5859774 0.0288503 0.0161012
24 0.3446157 0.5859774 0.0288503 0.0161012
