12 0.5375031 0.6889709 0.0273518 0.0161840
8 0.6071257 0.6889709 0.0273517 0.0161840
32 0.4697454 0.5190391 0.5035207 0.4143100
1 0.2590127 0.3976593 0.0273517 0.0161840
15 0.3286353 0.3976593 0.0273518 0.0161840
10 0.3982579 0.3976593 0.0273517 0.0161840
6 0.5375031 0.3976593 0.0273518 0.0161840
23 0.6767484 0.3976593 0.0273517 0.0161840
11 0.2590127 0.4559216 0.0273517 0.0161840
24 0.3286353 0.4559216 0.0273518 0.0161840
31 0.3982579 0.4559216 0.0273517 0.0161840
12 0.4666373 0.4559216 0.0273517 0.0161840
26 0.5375031 0.4559216 0.0273518 0.0161840
20 0.6767484 0.4559216 0.0273517 0.0161840
8 0.2590127 0.5141840 0.0273517 0.0161839
13 0.3286353 0.5141840 0.0273518 0.0161839
9 0.3982579 0.5141840 0.0273517 0.0161839
25 0.5375031 0.5141840 0.0273518 0.0161839
29 0.6071257 0.5141840 0.0273517 0.0161839
21 0.2590127 0.5724463 0.0273517 0.0161839
27 0.3286353 0.5724463 0.0273518 0.0161839
7 0.4666373 0.5724463 0.0273517 0.0161839
14 0.6071257 0.5724463 0.0273517 0.0161839
33 0.6767484 0.5719069 0.0646496 0.0582623
27 0.6767484 0.5724463 0.0273517 0.0161839
18 0.2590127 0.6307087 0.0273517 0.0161840
2 0.3982579 0.6307087 0.0273517 0.0161840
22 0.5375031 0.6307087 0.0273518 0.0161840
4 0.6071257 0.6307087 0.0273517 0.0161840
16 0.3286353 0.6889709 0.0273518 0.0161840
3 0.3982579 0.6889709 0.0273517 0.0161840
5 0.4666373 0.6889709 0.0273517 0.0161840
19 0.6767484 0.6889709 0.0273517 0.0161840
28 0.4666373 0.6307087 0.0273517 0.0161840
9 0.3982579 0.5724463 0.0273517 0.0161839
11 0.4666373 0.5141840 0.0273517 0.0161839
8 0.6071257 0.4559216 0.0273517 0.0161840
2 0.6767484 0.6307087 0.0273517 0.0161840
24 0.6767484 0.5141840 0.0273517 0.0161839
18 0.5375031 0.5724463 0.0273518 0.0161839
17 0.3286353 0.6307087 0.0273518 0.0161840
17 0.2590127 0.6889709 0.0273517 0.0161840
19 0.4666373 0.3976593 0.0273517 0.0161840
19 0.6071257 0.3976593 0.0273517 0.0161840
