3 0.4595100 0.6986561 0.0273150 0.0162266
21 0.1118644 0.6402405 0.0273150 0.0162266
32 0.3223141 0.5282769 0.5028445 0.4154010
6 0.1118644 0.4065774 0.0273150 0.0162266
4 0.1813935 0.4065774 0.0273150 0.0162266
5 0.2509226 0.4065774 0.0273150 0.0162266
14 0.3192102 0.4065774 0.0273150 0.0162266
9 0.4595100 0.4065774 0.0273150 0.0162266
11 0.5290391 0.4065774 0.0273150 0.0162266
30 0.1118644 0.4649931 0.0273150 0.0162266
18 0.1813935 0.4649931 0.0273150 0.0162266
24 0.2509226 0.4649931 0.0273150 0.0162266
27 0.3192102 0.4649931 0.0273150 0.0162266
26 0.4595100 0.4649931 0.0273150 0.0162266
34 0.5290391 0.4644522 0.0645628 0.0584158
25 0.5290391 0.4649931 0.0273150 0.0162266
17 0.1118644 0.5234089 0.0273150 0.0162266
13 0.1813935 0.5234089 0.0273150 0.0162266
16 0.4595100 0.5234089 0.0273150 0.0162266
10 0.5290391 0.5234089 0.0273150 0.0162266
7 0.1813935 0.5818247 0.0273150 0.0162266
23 0.3192102 0.5818247 0.0273150 0.0162266
8 0.3899809 0.5818247 0.0273150 0.0162266
3 0.5290391 0.5818247 0.0273150 0.0162266
29 0.1813935 0.6402405 0.0273150 0.0162266
2 0.2509226 0.6402405 0.0273150 0.0162266
19 0.3192102 0.6402405 0.0273150 0.0162266
15 0.3899809 0.6402405 0.0273150 0.0162266
1 0.1118644 0.6986561 0.0273150 0.0162266
22 0.1813935 0.6986561 0.0273150 0.0162266
12 0.2509226 0.6986561 0.0273150 0.0162266
20 0.3899809 0.6986561 0.0273150 0.0162266
21 0.5290391 0.6986561 0.0273150 0.0162266
5 0.3192102 0.5234089 0.0273150 0.0162266
31 0.3192102 0.6986561 0.0273150 0.0162266
30 0.2509226 0.5818247 0.0273150 0.0162266
15 0.3899809 0.4065774 0.0273150 0.0162266
17 0.3899809 0.4649931 0.0273150 0.0162266
3 0.4595100 0.5818247 0.0273150 0.0162266
17 0.2509226 0.5234089 0.0273150 0.0162266
21 0.4595100 0.6402405 0.0273150 0.0162266
29 0.3899809 0.5234089 0.0273150 0.0162266
1 0.1118644 0.5818247 0.0273150 0.0162266
4 0.5290391 0.6402405 0.0273150 0.0162266
