17 0.7728477 0.6192516 0.0285276 0.0160605
18 0.8454633 0.4457982 0.0285275 0.0160605
32 0.6295616 0.4506164 0.5251664 0.4111487
12 0.6263198 0.3301626 0.0285275 0.0160605
9 0.7002321 0.3301626 0.0285275 0.0160605
29 0.8454633 0.3301626 0.0285275 0.0160605
22 0.4097697 0.3879804 0.0285275 0.0160605
25 0.4823853 0.3879804 0.0285275 0.0160605
20 0.5550009 0.3879804 0.0285275 0.0160605
10 0.6263198 0.3879804 0.0285275 0.0160605
7 0.7002321 0.3879804 0.0285275 0.0160605
19 0.8454633 0.3879804 0.0285275 0.0160605
17 0.4097697 0.4457982 0.0285275 0.0160605
1 0.4823853 0.4457982 0.0285275 0.0160605
14 0.7728477 0.4457982 0.0285276 0.0160605
3 0.4097697 0.5036160 0.0285275 0.0160605
23 0.4823853 0.5036160 0.0285275 0.0160605
2 0.5550009 0.5036160 0.0285275 0.0160605
21 0.7728477 0.5036160 0.0285276 0.0160605
18 0.8454633 0.5036160 0.0285275 0.0160605
15 0.4823853 0.5614338 0.0285275 0.0160605
11 0.5550009 0.5614338 0.0285275 0.0160605
13 0.6263198 0.5614338 0.0285275 0.0160605
24 0.7002321 0.5614338 0.0285275 0.0160605
4 0.7728477 0.5614338 0.0285276 0.0160605
34 0.8454633 0.5608984 0.0674288 0.0578178
27 0.8454633 0.5614338 0.0285275 0.0160605
6 0.4097697 0.6192516 0.0285275 0.0160605
31 0.4823853 0.6192516 0.0285275 0.0160605
30 0.5550009 0.6192516 0.0285275 0.0160605
8 0.6263198 0.6192516 0.0285275 0.0160605
27 0.7002321 0.6192516 0.0285275 0.0160605
5 0.8454633 0.6192516 0.0285275 0.0160605
24 0.6263198 0.5036160 0.0285275 0.0160605
28 0.5550009 0.4457982 0.0285275 0.0160605
7 0.6263198 0.4457982 0.0285275 0.0160605
4 0.4097697 0.5614338 0.0285275 0.0160605
11 0.4823853 0.3301626 0.0285275 0.0160605
22 0.7002321 0.4457982 0.0285275 0.0160605
13 0.5550009 0.3301626 0.0285275 0.0160605
18 0.4097697 0.3301626 0.0285275 0.0160605
4 0.7002321 0.5036160 0.0285275 0.0160605
18 0.7728477 0.3879804 0.0285276 0.0160605
26 0.7728477 0.3301626 0.0285276 0.0160605
