13 0.5453151 0.8016503 0.0276633 0.0169331
1 0.5453151 0.5578151 0.0276633 0.0169330
32 0.3359543 0.6238538 0.5092559 0.4334848
20 0.3328107 0.4968564 0.0276633 0.0169330
13 0.4748994 0.4968564 0.0276633 0.0169330
9 0.1932369 0.5578151 0.0276633 0.0169330
15 0.2636525 0.5578151 0.0276633 0.0169330
4 0.3328107 0.5578151 0.0276633 0.0169330
24 0.4044838 0.5578151 0.0276633 0.0169330
5 0.4748994 0.5578151 0.0276633 0.0169330
17 0.1228212 0.6187739 0.0276633 0.0169330
12 0.1932369 0.6187739 0.0276633 0.0169330
30 0.3328107 0.6187739 0.0276633 0.0169330
21 0.4748994 0.6187739 0.0276633 0.0169330
7 0.5453151 0.6187739 0.0276633 0.0169330
10 0.1228212 0.6797327 0.0276633 0.0169331
22 0.1932369 0.6797327 0.0276633 0.0169331
27 0.2636525 0.6797327 0.0276633 0.0169331
3 0.3328107 0.6797327 0.0276633 0.0169331
2 0.4044838 0.6797327 0.0276633 0.0169331
1 0.4748994 0.6797327 0.0276633 0.0169331
19 0.5453151 0.6797327 0.0276633 0.0169331
6 0.1932369 0.7406915 0.0276633 0.0169331
26 0.2636525 0.7406915 0.0276633 0.0169331
16 0.3328107 0.7406915 0.0276633 0.0169331
29 0.4044838 0.7406915 0.0276633 0.0169331
31 0.4748994 0.7406915 0.0276633 0.0169331
34 0.5453151 0.7401271 0.0653860 0.0609588
22 0.5453151 0.7406915 0.0276633 0.0169331
23 0.2636525 0.8016503 0.0276633 0.0169331
14 0.3328107 0.8016503 0.0276633 0.0169331
18 0.4044838 0.8016503 0.0276633 0.0169331
25 0.4748994 0.8016503 0.0276633 0.0169331
21 0.1932369 0.4968564 0.0276633 0.0169330
25 0.1228212 0.8016503 0.0276633 0.0169331
21 0.4044838 0.4968564 0.0276633 0.0169330
5 0.4044838 0.6187739 0.0276633 0.0169330
24 0.2636525 0.4968564 0.0276633 0.0169330
5 0.2636525 0.6187739 0.0276633 0.0169330
3 0.5453151 0.4968564 0.0276633 0.0169330
25 0.1228212 0.7406915 0.0276633 0.0169331
15 0.1228212 0.5578151 0.0276633 0.0169330
5 0.1932369 0.8016503 0.0276633 0.0169331
18 0.1228212 0.4968564 0.0276633 0.0169330
