16 0.6344864 0.3141997 0.0277155 0.0165504
29 0.2817433 0.3141997 0.0277155 0.0165504
32 0.4247302 0.4383277 0.5102177 0.4236902
24 0.2111946 0.3141997 0.0277155 0.0165504
27 0.3522919 0.3141997 0.0277155 0.0165504
15 0.4215807 0.3141997 0.0277155 0.0165504
13 0.4933891 0.3141997 0.0277155 0.0165504
12 0.2111946 0.3737811 0.0277155 0.0165504
23 0.4215807 0.3737811 0.0277155 0.0165504
17 0.4933891 0.3737811 0.0277155 0.0165504
11 0.5639378 0.3737811 0.0277155 0.0165504
6 0.2111946 0.4333626 0.0277155 0.0165504
21 0.2817433 0.4333626 0.0277155 0.0165504
2 0.3522919 0.4333626 0.0277155 0.0165504
9 0.4933891 0.4333626 0.0277155 0.0165504
10 0.5639378 0.4333626 0.0277155 0.0165504
14 0.6344864 0.4333626 0.0277155 0.0165504
26 0.2817433 0.4929440 0.0277155 0.0165504
25 0.3522919 0.4929440 0.0277155 0.0165504
31 0.4215807 0.4929440 0.0277155 0.0165504
30 0.5639378 0.4929440 0.0277155 0.0165504
1 0.6344864 0.4929440 0.0277155 0.0165504
29 0.2111946 0.5525255 0.0277155 0.0165504
19 0.2817433 0.5525255 0.0277155 0.0165504
34 0.3522919 0.5519738 0.0655095 0.0595814
2 0.3522919 0.5525255 0.0277155 0.0165504
8 0.4933891 0.5525255 0.0277155 0.0165504
22 0.5639378 0.5525255 0.0277155 0.0165504
7 0.6344864 0.5525255 0.0277155 0.0165504
3 0.2111946 0.6121069 0.0277155 0.0165504
20 0.3522919 0.6121069 0.0277155 0.0165504
18 0.4215807 0.6121069 0.0277155 0.0165504
4 0.6344864 0.6121069 0.0277155 0.0165504
30 0.2817433 0.6121069 0.0277155 0.0165504
25 0.4215807 0.4333626 0.0277155 0.0165504
5 0.3522919 0.3737811 0.0277155 0.0165504
1 0.2111946 0.4929440 0.0277155 0.0165504
17 0.5639378 0.6121069 0.0277155 0.0165504
18 0.5639378 0.3141997 0.0277155 0.0165504
30 0.4933891 0.4929440 0.0277155 0.0165504
22 0.2817433 0.3737811 0.0277155 0.0165504
10 0.4933891 0.6121069 0.0277155 0.0165504
18 0.6344864 0.3737811 0.0277155 0.0165504
18 0.4215807 0.5525255 0.0277155 0.0165504
