7 0.6852319 0.2188398 0.0262233 0.0170505
16 0.4182301 0.4029847 0.0262234 0.0170504
32 0.4867685 0.3467182 0.4827487 0.4364917
4 0.3514796 0.2188398 0.0262234 0.0170505
8 0.4837886 0.2188398 0.0262234 0.0170505
17 0.5517310 0.2188398 0.0262234 0.0170505
26 0.6184814 0.2188398 0.0262234 0.0170505
11 0.2847292 0.2802214 0.0262234 0.0170505
24 0.4182301 0.2802214 0.0262234 0.0170505
1 0.6184814 0.2802214 0.0262234 0.0170505
13 0.6852319 0.2802214 0.0262233 0.0170505
25 0.2847292 0.3416031 0.0262234 0.0170504
15 0.4182301 0.3416031 0.0262234 0.0170504
29 0.4837886 0.3416031 0.0262234 0.0170504
10 0.5517310 0.3416031 0.0262234 0.0170504
5 0.6184814 0.3416031 0.0262234 0.0170504
22 0.3514796 0.4029847 0.0262234 0.0170504
6 0.4837886 0.4029847 0.0262234 0.0170504
18 0.5517310 0.4029847 0.0262234 0.0170504
2 0.6184814 0.4029847 0.0262234 0.0170504
20 0.6852319 0.4029847 0.0262233 0.0170504
21 0.2847292 0.4643664 0.0262234 0.0170504
33 0.3508836 0.4637980 0.0607906 0.0613816
18 0.3514796 0.4643664 0.0262234 0.0170504
30 0.5517310 0.4643664 0.0262234 0.0170504
14 0.6184814 0.4643664 0.0262234 0.0170504
9 0.2847292 0.5257480 0.0262234 0.0170505
12 0.3514796 0.5257480 0.0262234 0.0170505
31 0.4182301 0.5257480 0.0262234 0.0170505
23 0.4837886 0.5257480 0.0262234 0.0170505
19 0.5517310 0.5257480 0.0262234 0.0170505
27 0.6184814 0.5257480 0.0262234 0.0170505
16 0.6852319 0.5257480 0.0262233 0.0170505
22 0.3514796 0.2802214 0.0262234 0.0170505
3 0.4837886 0.2802214 0.0262234 0.0170505
13 0.5517310 0.2802214 0.0262234 0.0170505
21 0.2847292 0.4029847 0.0262234 0.0170504
22 0.6852319 0.4643664 0.0262233 0.0170504
11 0.4182301 0.4643664 0.0262234 0.0170504
5 0.2847292 0.2188398 0.0262234 0.0170505
3 0.4182301 0.2188398 0.0262234 0.0170505
16 0.3514796 0.3416031 0.0262234 0.0170504
3 0.6852319 0.3416031 0.0262233 0.0170504
6 0.4837886 0.4643664 0.0262234 0.0170504
