31 0.7016920 0.5667202 0.0287092 0.0164912
3 0.7747700 0.6260884 0.0287093 0.0164912
32 0.6305716 0.6310357 0.5285098 0.4221739
5 0.4824583 0.5073520 0.0287091 0.0164912
27 0.6273092 0.5073520 0.0287092 0.0164912
34 0.7010396 0.5068022 0.0691630 0.0593682
12 0.7016920 0.5073520 0.0287092 0.0164912
2 0.7747700 0.5073520 0.0287093 0.0164912
20 0.4824583 0.5667202 0.0287091 0.0164912
12 0.5555363 0.5667202 0.0287092 0.0164912
11 0.6273092 0.5667202 0.0287092 0.0164912
30 0.7747700 0.5667202 0.0287093 0.0164912
21 0.8478479 0.5667202 0.0287091 0.0164912
8 0.4824583 0.6260884 0.0287091 0.0164912
31 0.5555363 0.6260884 0.0287092 0.0164912
25 0.6273092 0.6260884 0.0287092 0.0164912
24 0.7016920 0.6260884 0.0287092 0.0164912
1 0.4093805 0.6854565 0.0287092 0.0164912
29 0.4824583 0.6854565 0.0287091 0.0164912
7 0.5555363 0.6854565 0.0287092 0.0164912
19 0.6273092 0.6854565 0.0287092 0.0164912
4 0.7747700 0.6854565 0.0287093 0.0164912
15 0.4093805 0.7448248 0.0287092 0.0164912
17 0.4824583 0.7448248 0.0287091 0.0164912
6 0.5555363 0.7448248 0.0287092 0.0164912
13 0.6273092 0.7448248 0.0287092 0.0164912
9 0.7016920 0.7448248 0.0287092 0.0164912
14 0.7747700 0.7448248 0.0287093 0.0164912
16 0.8478479 0.7448248 0.0287091 0.0164912
10 0.4093805 0.8041930 0.0287092 0.0164912
26 0.5555363 0.8041930 0.0287092 0.0164912
18 0.6273092 0.8041930 0.0287092 0.0164912
3 0.8478479 0.8041930 0.0287091 0.0164912
14 0.4093805 0.5073520 0.0287092 0.0164912
18 0.5555363 0.5073520 0.0287092 0.0164912
28 0.7747700 0.8041930 0.0287093 0.0164912
19 0.8478479 0.6854565 0.0287091 0.0164912
24 0.4093805 0.5667202 0.0287092 0.0164912
30 0.4824583 0.8041930 0.0287091 0.0164912
20 0.4093805 0.6260884 0.0287092 0.0164912
4 0.7016920 0.8041930 0.0287092 0.0164912
1 0.8478479 0.5073520 0.0287091 0.0164912
30 0.8478479 0.6260884 0.0287091 0.0164912
3 0.7016920 0.6854565 0.0287092 0.0164912
