14 0.2198189 0.5438614 0.0262994 0.0173971
26 0.4206512 0.6691206 0.0262994 0.0173971
32 0.3555002 0.6117101 0.4841492 0.4453662
20 0.1528748 0.4812317 0.0262995 0.0173971
18 0.2198189 0.4812317 0.0262994 0.0173971
9 0.2867630 0.4812317 0.0262995 0.0173971
30 0.3525117 0.4812317 0.0262995 0.0173971
13 0.1528748 0.5438614 0.0262995 0.0173971
8 0.2867630 0.5438614 0.0262995 0.0173971
16 0.3525117 0.5438614 0.0262995 0.0173971
29 0.4206512 0.5438614 0.0262994 0.0173971
31 0.4875953 0.5438614 0.0262994 0.0173971
5 0.5545393 0.5438614 0.0262994 0.0173971
7 0.1528748 0.6064910 0.0262995 0.0173971
14 0.2867630 0.6064910 0.0262995 0.0173971
2 0.3525117 0.6064910 0.0262995 0.0173971
10 0.4206512 0.6064910 0.0262994 0.0173971
23 0.5545393 0.6064910 0.0262994 0.0173971
19 0.1528748 0.6691206 0.0262995 0.0173971
1 0.2198189 0.6691206 0.0262994 0.0173971
17 0.2867630 0.6691206 0.0262995 0.0173971
21 0.3525117 0.6691206 0.0262995 0.0173971
6 0.4875953 0.6691206 0.0262994 0.0173971
15 0.1528748 0.7317502 0.0262995 0.0173972
11 0.2198189 0.7317502 0.0262994 0.0173972
34 0.2867630 0.7311703 0.0621624 0.0626295
26 0.2867630 0.7317502 0.0262995 0.0173972
3 0.3525117 0.7317502 0.0262995 0.0173972
22 0.4206512 0.7317502 0.0262994 0.0173972
27 0.2198189 0.7943799 0.0262994 0.0173972
25 0.2867630 0.7943799 0.0262995 0.0173972
24 0.3525117 0.7943799 0.0262995 0.0173972
26 0.5545393 0.7943799 0.0262994 0.0173972
8 0.4875953 0.6064910 0.0262994 0.0173971
8 0.1528748 0.7943799 0.0262995 0.0173972
18 0.2198189 0.6064910 0.0262994 0.0173971
4 0.4206512 0.4812317 0.0262994 0.0173971
25 0.4875953 0.7317502 0.0262994 0.0173972
19 0.4875953 0.4812317 0.0262994 0.0173971
29 0.5545393 0.7317502 0.0262994 0.0173972
21 0.4206512 0.7943799 0.0262994 0.0173972
8 0.5545393 0.6691206 0.0262994 0.0173971
16 0.5545393 0.4812317 0.0262994 0.0173971
24 0.4875953 0.7943799 0.0262994 0.0173972
