25 0.3146127 0.4669984 0.0274985 0.0167997
3 0.3846089 0.5274775 0.0274985 0.0167997
32 0.4564800 0.3510803 0.5062225 0.4300732
33 0.2446165 0.2245222 0.0649965 0.0604791
16 0.2446165 0.2250822 0.0274985 0.0167998
13 0.3146127 0.2250822 0.0274985 0.0167998
1 0.3846089 0.2250822 0.0274985 0.0167998
17 0.4533552 0.2250822 0.0274985 0.0167998
21 0.5246013 0.2250822 0.0274985 0.0167998
2 0.6645937 0.2250822 0.0274985 0.0167998
6 0.2446165 0.2855613 0.0274985 0.0167997
11 0.3146127 0.2855613 0.0274985 0.0167997
7 0.3846089 0.2855613 0.0274985 0.0167997
22 0.4533552 0.2855613 0.0274985 0.0167997
25 0.5246013 0.2855613 0.0274985 0.0167997
9 0.5945975 0.2855613 0.0274985 0.0167997
30 0.6645937 0.2855613 0.0274985 0.0167997
18 0.2446165 0.3460403 0.0274985 0.0167997
19 0.3846089 0.3460403 0.0274985 0.0167997
23 0.5945975 0.3460403 0.0274985 0.0167997
24 0.6645937 0.3460403 0.0274985 0.0167997
14 0.2446165 0.4065194 0.0274985 0.0167997
5 0.3146127 0.4065194 0.0274985 0.0167997
20 0.5246013 0.4065194 0.0274985 0.0167997
31 0.2446165 0.4669984 0.0274985 0.0167997
29 0.3846089 0.4669984 0.0274985 0.0167997
8 0.4533552 0.4669984 0.0274985 0.0167997
15 0.2446165 0.5274775 0.0274985 0.0167997
12 0.3146127 0.5274775 0.0274985 0.0167997
27 0.4533552 0.5274775 0.0274985 0.0167997
4 0.5246013 0.5274775 0.0274985 0.0167997
26 0.5945975 0.5274775 0.0274985 0.0167997
3 0.6645937 0.5274775 0.0274985 0.0167997
16 0.6645937 0.4065194 0.0274985 0.0167997
13 0.3146127 0.3460403 0.0274985 0.0167997
8 0.3846089 0.4065194 0.0274985 0.0167997
12 0.5945975 0.4065194 0.0274985 0.0167997
10 0.6645937 0.4669984 0.0274985 0.0167997
1 0.5246013 0.3460403 0.0274985 0.0167997
20 0.5246013 0.4669984 0.0274985 0.0167997
1 0.4533552 0.4065194 0.0274985 0.0167997
19 0.5945975 0.4669984 0.0274985 0.0167997
4 0.5945975 0.2250822 0.0274985 0.0167998
21 0.4533552 0.3460403 0.0274985 0.0167997
