7 0.7951401 0.2791826 0.0267100 0.0160500
18 0.5899587 0.5103027 0.0267100 0.0160500
32 0.5929940 0.3417776 0.4917067 0.4108802
31 0.3872056 0.2214026 0.0267100 0.0160500
10 0.4551947 0.2214026 0.0267100 0.0160500
26 0.5899587 0.2214026 0.0267100 0.0160500
16 0.7271510 0.2214026 0.0267101 0.0160500
2 0.7951401 0.2214026 0.0267100 0.0160500
19 0.5231837 0.2791826 0.0267100 0.0160500
12 0.5899587 0.2791826 0.0267100 0.0160500
21 0.6591619 0.2791826 0.0267101 0.0160500
25 0.7271510 0.2791826 0.0267101 0.0160500
7 0.3872056 0.3369626 0.0267100 0.0160500
18 0.4551947 0.3369626 0.0267100 0.0160500
20 0.5231837 0.3369626 0.0267100 0.0160500
24 0.5899587 0.3369626 0.0267100 0.0160500
15 0.7271510 0.3369626 0.0267101 0.0160500
30 0.7951401 0.3369626 0.0267100 0.0160500
33 0.3872056 0.3942077 0.0631327 0.0577800
20 0.3872056 0.3947427 0.0267100 0.0160500
8 0.4551947 0.3947427 0.0267100 0.0160500
4 0.5231837 0.3947427 0.0267100 0.0160500
13 0.5899587 0.3947427 0.0267100 0.0160500
5 0.6591619 0.3947427 0.0267101 0.0160500
6 0.7271510 0.3947427 0.0267101 0.0160500
29 0.7951401 0.3947427 0.0267100 0.0160500
22 0.3872056 0.4525227 0.0267100 0.0160500
23 0.5231837 0.4525227 0.0267100 0.0160500
9 0.5899587 0.4525227 0.0267100 0.0160500
14 0.6591619 0.4525227 0.0267101 0.0160500
17 0.5231837 0.5103027 0.0267100 0.0160500
11 0.6591619 0.5103027 0.0267101 0.0160500
1 0.7271510 0.5103027 0.0267101 0.0160500
24 0.4551947 0.4525227 0.0267100 0.0160500
14 0.4551947 0.5103027 0.0267100 0.0160500
16 0.7271510 0.4525227 0.0267101 0.0160500
28 0.3872056 0.5103027 0.0267100 0.0160500
5 0.3872056 0.2791826 0.0267100 0.0160500
13 0.5231837 0.2214026 0.0267100 0.0160500
6 0.6591619 0.3369626 0.0267101 0.0160500
16 0.4551947 0.2791826 0.0267100 0.0160500
22 0.6591619 0.2214026 0.0267101 0.0160500
31 0.7951401 0.4525227 0.0267100 0.0160500
3 0.7951401 0.5103027 0.0267100 0.0160500
