15 0.5398130 0.4484006 0.0268145 0.0163525
11 0.4715579 0.7427458 0.0268145 0.0163525
32 0.6098963 0.5710444 0.4936305 0.4186244
2 0.4033028 0.4484006 0.0268145 0.0163525
9 0.4715579 0.4484006 0.0268145 0.0163525
5 0.6068493 0.4484006 0.0268145 0.0163525
16 0.6763232 0.4484006 0.0268144 0.0163525
1 0.7445782 0.4484006 0.0268146 0.0163525
13 0.8128333 0.4484006 0.0268144 0.0163525
10 0.5398130 0.5072696 0.0268145 0.0163525
21 0.7445782 0.5072696 0.0268146 0.0163525
8 0.8128333 0.5072696 0.0268144 0.0163525
4 0.4715579 0.5661387 0.0268145 0.0163525
18 0.6068493 0.5661387 0.0268145 0.0163525
12 0.6763232 0.5661387 0.0268144 0.0163525
22 0.7445782 0.5661387 0.0268146 0.0163525
31 0.8128333 0.5661387 0.0268144 0.0163525
30 0.4033028 0.6250077 0.0268145 0.0163525
6 0.4715579 0.6250077 0.0268145 0.0163525
27 0.5398130 0.6250077 0.0268145 0.0163525
11 0.6068493 0.6250077 0.0268145 0.0163525
19 0.6763232 0.6250077 0.0268144 0.0163525
14 0.7445782 0.6250077 0.0268146 0.0163525
3 0.8128333 0.6250077 0.0268144 0.0163525
25 0.4033028 0.6838768 0.0268145 0.0163525
7 0.5398130 0.6838768 0.0268145 0.0163525
34 0.7439688 0.6833317 0.0621609 0.0588691
21 0.7445782 0.6838768 0.0268146 0.0163525
26 0.4033028 0.7427458 0.0268145 0.0163525
23 0.5398130 0.7427458 0.0268145 0.0163525
24 0.6068493 0.7427458 0.0268145 0.0163525
20 0.7445782 0.7427458 0.0268146 0.0163525
29 0.8128333 0.7427458 0.0268144 0.0163525
8 0.6763232 0.7427458 0.0268144 0.0163525
30 0.4033028 0.5072696 0.0268145 0.0163525
2 0.6763232 0.5072696 0.0268144 0.0163525
21 0.6068493 0.6838768 0.0268145 0.0163525
25 0.8128333 0.6838768 0.0268144 0.0163525
17 0.4715579 0.6838768 0.0268145 0.0163525
8 0.5398130 0.5661387 0.0268145 0.0163525
11 0.4715579 0.5072696 0.0268145 0.0163525
21 0.6763232 0.6838768 0.0268144 0.0163525
22 0.6068493 0.5072696 0.0268145 0.0163525
17 0.4033028 0.5661387 0.0268145 0.0163525
