13 0.8037559 0.4122593 0.0277364 0.0170099
27 0.7331543 0.2285523 0.0277364 0.0170099
32 0.5938422 0.3561266 0.5106010 0.4354537
6 0.3801462 0.2285523 0.0277364 0.0170099
16 0.5213494 0.2285523 0.0277364 0.0170099
3 0.5906903 0.2285523 0.0277364 0.0170099
2 0.8037559 0.2285523 0.0277364 0.0170099
7 0.3801462 0.2897879 0.0277364 0.0170100
4 0.4507478 0.2897879 0.0277364 0.0170100
12 0.5906903 0.2897879 0.0277364 0.0170100
14 0.6625526 0.2897879 0.0277364 0.0170100
10 0.7331543 0.2897879 0.0277364 0.0170100
1 0.8037559 0.2897879 0.0277364 0.0170100
21 0.4507478 0.3510236 0.0277364 0.0170099
17 0.5213494 0.3510236 0.0277364 0.0170099
18 0.5906903 0.3510236 0.0277364 0.0170099
8 0.6625526 0.3510236 0.0277364 0.0170099
5 0.7331543 0.3510236 0.0277364 0.0170099
27 0.8037559 0.3510236 0.0277364 0.0170099
24 0.3801462 0.4122593 0.0277364 0.0170099
13 0.5213494 0.4122593 0.0277364 0.0170099
22 0.5906903 0.4122593 0.0277364 0.0170099
23 0.7331543 0.4122593 0.0277364 0.0170099
31 0.3801462 0.4734950 0.0277364 0.0170099
34 0.4501174 0.4729280 0.0642979 0.0612357
8 0.4507478 0.4734950 0.0277364 0.0170099
30 0.5906903 0.4734950 0.0277364 0.0170099
19 0.6625526 0.4734950 0.0277364 0.0170099
20 0.7331543 0.4734950 0.0277364 0.0170099
15 0.8037559 0.4734950 0.0277364 0.0170099
26 0.4507478 0.5347306 0.0277364 0.0170099
11 0.5906903 0.5347306 0.0277364 0.0170099
25 0.8037559 0.5347306 0.0277364 0.0170099
18 0.3801462 0.5347306 0.0277364 0.0170099
8 0.7331543 0.5347306 0.0277364 0.0170099
10 0.4507478 0.4122593 0.0277364 0.0170099
21 0.6625526 0.2285523 0.0277364 0.0170099
28 0.5213494 0.2897879 0.0277364 0.0170100
10 0.6625526 0.5347306 0.0277364 0.0170099
24 0.3801462 0.3510236 0.0277364 0.0170099
12 0.4507478 0.2285523 0.0277364 0.0170099
6 0.5213494 0.4734950 0.0277364 0.0170099
18 0.6625526 0.4122593 0.0277364 0.0170099
18 0.5213494 0.5347306 0.0277364 0.0170099
