20 0.5172590 0.4606103 0.0280779 0.0159701
12 0.4457880 0.6330868 0.0280779 0.0159701
32 0.5906444 0.5803856 0.5168885 0.4088330
21 0.3743169 0.4606103 0.0280779 0.0159701
17 0.4457880 0.4606103 0.0280779 0.0159701
13 0.5874537 0.4606103 0.0280779 0.0159701
20 0.6602010 0.4606103 0.0280779 0.0159701
29 0.8031430 0.4606103 0.0280779 0.0159701
6 0.3743169 0.5181025 0.0280779 0.0159700
26 0.5874537 0.5181025 0.0280779 0.0159700
18 0.6602010 0.5181025 0.0280779 0.0159700
7 0.7316720 0.5181025 0.0280779 0.0159700
24 0.8031430 0.5181025 0.0280779 0.0159700
8 0.3743169 0.5755946 0.0280779 0.0159700
23 0.4457880 0.5755946 0.0280779 0.0159700
10 0.5172590 0.5755946 0.0280779 0.0159700
33 0.5874537 0.5750623 0.0663659 0.0574921
7 0.5874537 0.5755946 0.0280779 0.0159700
5 0.6602010 0.5755946 0.0280779 0.0159700
30 0.7316720 0.5755946 0.0280779 0.0159700
4 0.3743169 0.6330868 0.0280779 0.0159701
31 0.5172590 0.6330868 0.0280779 0.0159701
3 0.7316720 0.6330868 0.0280779 0.0159701
15 0.3743169 0.6905789 0.0280779 0.0159701
22 0.5172590 0.6905789 0.0280779 0.0159701
25 0.5874537 0.6905789 0.0280779 0.0159701
16 0.6602010 0.6905789 0.0280779 0.0159701
9 0.7316720 0.6905789 0.0280779 0.0159701
11 0.3743169 0.7480710 0.0280779 0.0159701
1 0.4457880 0.7480710 0.0280779 0.0159701
2 0.5874537 0.7480710 0.0280779 0.0159701
12 0.6602010 0.7480710 0.0280779 0.0159701
19 0.7316720 0.7480710 0.0280779 0.0159701
16 0.6602010 0.6330868 0.0280779 0.0159701
31 0.8031430 0.5755946 0.0280779 0.0159700
29 0.5172590 0.5181025 0.0280779 0.0159700
24 0.4457880 0.6905789 0.0280779 0.0159701
25 0.7316720 0.4606103 0.0280779 0.0159701
29 0.5172590 0.7480710 0.0280779 0.0159701
6 0.5874537 0.6330868 0.0280779 0.0159701
10 0.8031430 0.7480710 0.0280779 0.0159701
9 0.4457880 0.5181025 0.0280779 0.0159700
26 0.8031430 0.6330868 0.0280779 0.0159701
20 0.8031430 0.6905789 0.0280779 0.0159701
