7 0.4868025 0.4907733 0.0275134 0.0160840
15 0.1366317 0.6065778 0.0275134 0.0160839
32 0.2785759 0.4955985 0.5064971 0.4117492
20 0.0665975 0.3749688 0.0275134 0.0160840
10 0.1366317 0.3749688 0.0275134 0.0160840
4 0.2066658 0.3749688 0.0275134 0.0160840
2 0.2754494 0.3749688 0.0275134 0.0160840
7 0.3467342 0.3749688 0.0275134 0.0160840
13 0.4167683 0.3749688 0.0275134 0.0160840
24 0.0665975 0.4328711 0.0275134 0.0160840
8 0.1366317 0.4328711 0.0275134 0.0160840
17 0.2754494 0.4328711 0.0275134 0.0160840
26 0.3467342 0.4328711 0.0275134 0.0160840
22 0.4167683 0.4328711 0.0275134 0.0160840
29 0.0665975 0.4907733 0.0275134 0.0160840
18 0.2066658 0.4907733 0.0275134 0.0160840
19 0.2754494 0.4907733 0.0275134 0.0160840
34 0.4161430 0.4902372 0.0637811 0.0579022
3 0.4167683 0.4907733 0.0275134 0.0160840
11 0.0665975 0.5486756 0.0275134 0.0160839
30 0.1366317 0.5486756 0.0275134 0.0160839
9 0.2066658 0.5486756 0.0275134 0.0160839
15 0.2754494 0.5486756 0.0275134 0.0160839
23 0.3467342 0.5486756 0.0275134 0.0160839
25 0.4868025 0.5486756 0.0275134 0.0160839
12 0.0665975 0.6065778 0.0275134 0.0160839
1 0.3467342 0.6065778 0.0275134 0.0160839
14 0.4868025 0.6065778 0.0275134 0.0160839
27 0.0665975 0.6644800 0.0275134 0.0160840
21 0.1366317 0.6644800 0.0275134 0.0160840
3 0.2066658 0.6644800 0.0275134 0.0160840
6 0.2754494 0.6644800 0.0275134 0.0160840
16 0.4868025 0.6644800 0.0275134 0.0160840
22 0.2754494 0.6065778 0.0275134 0.0160839
29 0.4868025 0.3749688 0.0275134 0.0160840
11 0.2066658 0.6065778 0.0275134 0.0160839
26 0.1366317 0.4907733 0.0275134 0.0160840
12 0.4868025 0.4328711 0.0275134 0.0160840
27 0.2066658 0.4328711 0.0275134 0.0160840
13 0.3467342 0.6644800 0.0275134 0.0160840
11 0.4167683 0.5486756 0.0275134 0.0160839
24 0.4167683 0.6065778 0.0275134 0.0160839
15 0.4167683 0.6644800 0.0275134 0.0160840
1 0.3467342 0.4907733 0.0275134 0.0160840
