14 0.4515170 0.6487417 0.0279816 0.0161012
9 0.4515170 0.4748485 0.0279816 0.0161012
32 0.3821989 0.5956077 0.5151158 0.4121915
9 0.1666134 0.4748485 0.0279816 0.0161012
22 0.3790192 0.4748485 0.0279816 0.0161012
11 0.5939687 0.4748485 0.0279816 0.0161012
1 0.1666134 0.5328129 0.0279816 0.0161012
31 0.2378393 0.5328129 0.0279816 0.0161012
23 0.3090652 0.5328129 0.0279816 0.0161012
34 0.3790192 0.5322762 0.0661383 0.0579644
30 0.3790192 0.5328129 0.0279816 0.0161012
20 0.5939687 0.5328129 0.0279816 0.0161012
29 0.2378393 0.5907773 0.0279816 0.0161012
27 0.3090652 0.5907773 0.0279816 0.0161012
19 0.3790192 0.5907773 0.0279816 0.0161012
5 0.4515170 0.5907773 0.0279816 0.0161012
13 0.5227428 0.5907773 0.0279816 0.0161012
14 0.5939687 0.5907773 0.0279816 0.0161012
4 0.1666134 0.6487417 0.0279816 0.0161012
2 0.2378393 0.6487417 0.0279816 0.0161012
30 0.3090652 0.6487417 0.0279816 0.0161012
17 0.5227428 0.6487417 0.0279816 0.0161012
6 0.5939687 0.6487417 0.0279816 0.0161012
10 0.1666134 0.7067061 0.0279816 0.0161013
15 0.2378393 0.7067061 0.0279816 0.0161013
3 0.3790192 0.7067061 0.0279816 0.0161013
12 0.5227428 0.7067061 0.0279816 0.0161013
24 0.2378393 0.7646706 0.0279816 0.0161012
8 0.3090652 0.7646706 0.0279816 0.0161012
18 0.3790192 0.7646706 0.0279816 0.0161012
25 0.4515170 0.7646706 0.0279816 0.0161012
7 0.5227428 0.7646706 0.0279816 0.0161012
16 0.5939687 0.7646706 0.0279816 0.0161012
3 0.2378393 0.4748485 0.0279816 0.0161012
14 0.3090652 0.7067061 0.0279816 0.0161013
9 0.5939687 0.7067061 0.0279816 0.0161013
31 0.3090652 0.4748485 0.0279816 0.0161012
17 0.3790192 0.6487417 0.0279816 0.0161012
24 0.5227428 0.4748485 0.0279816 0.0161012
17 0.5227428 0.5328129 0.0279816 0.0161012
25 0.4515170 0.5328129 0.0279816 0.0161012
11 0.1666134 0.7646706 0.0279816 0.0161012
6 0.1666134 0.5907773 0.0279816 0.0161012
10 0.4515170 0.7067061 0.0279816 0.0161013
