9 0.2057508 0.6232624 0.0286912 0.0173631
2 0.0596864 0.4357414 0.0286912 0.0173630
32 0.2807392 0.5034573 0.5281794 0.4444941
19 0.0596864 0.3732345 0.0286912 0.0173630
31 0.2057508 0.3732345 0.0286912 0.0173630
6 0.2774789 0.3732345 0.0286912 0.0173630
25 0.3518153 0.3732345 0.0286912 0.0173630
26 0.4248475 0.3732345 0.0286912 0.0173630
1 0.4978797 0.3732345 0.0286913 0.0173630
16 0.1327186 0.4357414 0.0286912 0.0173630
24 0.2057508 0.4357414 0.0286912 0.0173630
14 0.2774789 0.4357414 0.0286912 0.0173630
29 0.3518153 0.4357414 0.0286912 0.0173630
3 0.4978797 0.4357414 0.0286913 0.0173630
4 0.2774789 0.4982484 0.0286912 0.0173631
34 0.3511632 0.4976696 0.0691198 0.0625070
20 0.3518153 0.4982484 0.0286912 0.0173631
23 0.4248475 0.4982484 0.0286912 0.0173631
22 0.4978797 0.4982484 0.0286913 0.0173631
8 0.0596864 0.5607554 0.0286912 0.0173631
30 0.1327186 0.5607554 0.0286912 0.0173631
11 0.2774789 0.5607554 0.0286912 0.0173631
18 0.4248475 0.5607554 0.0286912 0.0173631
13 0.4978797 0.5607554 0.0286913 0.0173631
5 0.0596864 0.6232624 0.0286912 0.0173631
10 0.1327186 0.6232624 0.0286912 0.0173631
17 0.2774789 0.6232624 0.0286912 0.0173631
27 0.3518153 0.6232624 0.0286912 0.0173631
9 0.4248475 0.6232624 0.0286912 0.0173631
21 0.0596864 0.6857693 0.0286912 0.0173630
2 0.1327186 0.6857693 0.0286912 0.0173630
7 0.2057508 0.6857693 0.0286912 0.0173630
12 0.3518153 0.6857693 0.0286912 0.0173630
3 0.0596864 0.4982484 0.0286912 0.0173631
2 0.4248475 0.4357414 0.0286912 0.0173630
1 0.4978797 0.6857693 0.0286913 0.0173630
12 0.2057508 0.4982484 0.0286912 0.0173631
15 0.4248475 0.6857693 0.0286912 0.0173630
7 0.1327186 0.4982484 0.0286912 0.0173631
3 0.4978797 0.6232624 0.0286913 0.0173631
1 0.2774789 0.6857693 0.0286912 0.0173630
20 0.1327186 0.3732345 0.0286912 0.0173630
25 0.2057508 0.5607554 0.0286912 0.0173631
31 0.3518153 0.5607554 0.0286912 0.0173631
