15 0.6464716 0.6151717 0.0282277 0.0168679
16 0.7901760 0.7973455 0.0282277 0.0168679
32 0.5765441 0.6202321 0.5196453 0.4318194
18 0.3590629 0.4937225 0.0282277 0.0168679
25 0.4309151 0.4937225 0.0282277 0.0168679
24 0.5027673 0.4937225 0.0282277 0.0168679
27 0.5733364 0.4937225 0.0282276 0.0168679
16 0.6464716 0.4937225 0.0282277 0.0168679
10 0.7183238 0.4937225 0.0282275 0.0168679
30 0.7901760 0.4937225 0.0282277 0.0168679
1 0.3590629 0.5544472 0.0282277 0.0168679
5 0.4309151 0.5544472 0.0282277 0.0168679
22 0.5027673 0.5544472 0.0282277 0.0168679
19 0.5733364 0.5544472 0.0282276 0.0168679
6 0.6464716 0.5544472 0.0282277 0.0168679
8 0.3590629 0.6151717 0.0282277 0.0168679
4 0.4309151 0.6151717 0.0282277 0.0168679
12 0.5733364 0.6151717 0.0282276 0.0168679
15 0.7183238 0.6151717 0.0282275 0.0168679
33 0.7901760 0.6146095 0.0667198 0.0607246
18 0.7901760 0.6151717 0.0282277 0.0168679
23 0.3590629 0.6758963 0.0282277 0.0168679
13 0.4309151 0.6758963 0.0282277 0.0168679
9 0.6464716 0.6758963 0.0282277 0.0168679
7 0.7183238 0.6758963 0.0282275 0.0168679
21 0.7901760 0.6758963 0.0282277 0.0168679
26 0.5027673 0.7366210 0.0282277 0.0168679
31 0.5733364 0.7366210 0.0282276 0.0168679
14 0.7183238 0.7366210 0.0282275 0.0168679
3 0.5027673 0.7973455 0.0282277 0.0168679
29 0.6464716 0.7973455 0.0282277 0.0168679
11 0.7183238 0.7973455 0.0282275 0.0168679
4 0.3590629 0.7366210 0.0282277 0.0168679
28 0.7901760 0.5544472 0.0282277 0.0168679
27 0.5027673 0.6151717 0.0282277 0.0168679
29 0.3590629 0.7973455 0.0282277 0.0168679
29 0.5733364 0.6758963 0.0282276 0.0168679
9 0.7901760 0.7366210 0.0282277 0.0168679
13 0.5027673 0.6758963 0.0282277 0.0168679
22 0.4309151 0.7366210 0.0282277 0.0168679
8 0.6464716 0.7366210 0.0282277 0.0168679
8 0.4309151 0.7973455 0.0282277 0.0168679
4 0.7183238 0.5544472 0.0282275 0.0168679
5 0.5733364 0.7973455 0.0282276 0.0168679
