27 0.5961826 0.5308998 0.0280419 0.0174832
14 0.5961826 0.7826570 0.0280419 0.0174832
32 0.5993692 0.5990841 0.5162259 0.4475684
25 0.5260779 0.4679605 0.0280419 0.0174831
13 0.5961826 0.4679605 0.0280419 0.0174831
33 0.7395787 0.4673777 0.0650062 0.0629393
25 0.7402161 0.4679605 0.0280419 0.0174831
31 0.8115955 0.4679605 0.0280419 0.0174831
3 0.3833192 0.5308998 0.0280419 0.0174832
20 0.6688367 0.5308998 0.0280419 0.0174832
23 0.8115955 0.5308998 0.0280419 0.0174832
16 0.3833192 0.5938391 0.0280419 0.0174831
12 0.5260779 0.5938391 0.0280419 0.0174831
14 0.5961826 0.5938391 0.0280419 0.0174831
4 0.6688367 0.5938391 0.0280419 0.0174831
30 0.7402161 0.5938391 0.0280419 0.0174831
26 0.8115955 0.5938391 0.0280419 0.0174831
11 0.3833192 0.6567784 0.0280419 0.0174831
22 0.4546985 0.6567784 0.0280419 0.0174831
17 0.5260779 0.6567784 0.0280419 0.0174831
6 0.7402161 0.6567784 0.0280419 0.0174831
10 0.8115955 0.6567784 0.0280419 0.0174831
24 0.3833192 0.7197177 0.0280419 0.0174831
1 0.4546985 0.7197177 0.0280419 0.0174831
15 0.5260779 0.7197177 0.0280419 0.0174831
7 0.5961826 0.7197177 0.0280419 0.0174831
29 0.7402161 0.7197177 0.0280419 0.0174831
5 0.8115955 0.7197177 0.0280419 0.0174831
19 0.4546985 0.7826570 0.0280419 0.0174832
8 0.5260779 0.7826570 0.0280419 0.0174832
9 0.6688367 0.7826570 0.0280419 0.0174832
21 0.7402161 0.7826570 0.0280419 0.0174832
14 0.8115955 0.7826570 0.0280419 0.0174832
28 0.5961826 0.6567784 0.0280419 0.0174831
21 0.6688367 0.7197177 0.0280419 0.0174831
21 0.4546985 0.5308998 0.0280419 0.0174832
30 0.4546985 0.4679605 0.0280419 0.0174831
7 0.5260779 0.5308998 0.0280419 0.0174832
6 0.4546985 0.5938391 0.0280419 0.0174831
27 0.3833192 0.4679605 0.0280419 0.0174831
9 0.6688367 0.6567784 0.0280419 0.0174831
8 0.7402161 0.5308998 0.0280419 0.0174832
26 0.6688367 0.4679605 0.0280419 0.0174831
12 0.3833192 0.7826570 0.0280419 0.0174832
