19 0.6018769 0.5423954 0.0278359 0.0174573
28 0.5310218 0.4795490 0.0278359 0.0174573
32 0.4620647 0.5476326 0.5124340 0.4469077
7 0.2476015 0.4167026 0.0278359 0.0174573
4 0.3184566 0.4167026 0.0278359 0.0174573
30 0.4589015 0.4167026 0.0278359 0.0174573
27 0.5310218 0.4167026 0.0278359 0.0174573
5 0.6727320 0.4167026 0.0278358 0.0174573
10 0.2476015 0.4795490 0.0278359 0.0174573
23 0.3184566 0.4795490 0.0278359 0.0174573
13 0.3893117 0.4795490 0.0278359 0.0174573
26 0.4589015 0.4795490 0.0278359 0.0174573
34 0.2476015 0.5418135 0.0657940 0.0628464
27 0.2476015 0.5423954 0.0278359 0.0174573
1 0.3893117 0.5423954 0.0278359 0.0174573
17 0.5310218 0.5423954 0.0278359 0.0174573
3 0.6727320 0.5423954 0.0278358 0.0174573
21 0.2476015 0.6052418 0.0278359 0.0174573
11 0.3184566 0.6052418 0.0278359 0.0174573
9 0.3893117 0.6052418 0.0278359 0.0174573
12 0.4589015 0.6052418 0.0278359 0.0174573
15 0.5310218 0.6052418 0.0278359 0.0174573
18 0.6727320 0.6052418 0.0278358 0.0174573
29 0.3184566 0.6680882 0.0278359 0.0174573
16 0.3893117 0.6680882 0.0278359 0.0174573
6 0.6018769 0.6680882 0.0278359 0.0174573
8 0.6727320 0.6680882 0.0278358 0.0174573
19 0.2476015 0.7309345 0.0278359 0.0174573
24 0.3184566 0.7309345 0.0278359 0.0174573
22 0.3893117 0.7309345 0.0278359 0.0174573
25 0.6018769 0.7309345 0.0278359 0.0174573
2 0.6727320 0.7309345 0.0278358 0.0174573
9 0.5310218 0.6680882 0.0278359 0.0174573
17 0.4589015 0.6680882 0.0278359 0.0174573
6 0.6018769 0.4795490 0.0278359 0.0174573
9 0.6018769 0.6052418 0.0278359 0.0174573
28 0.3893117 0.4167026 0.0278359 0.0174573
7 0.2476015 0.6680882 0.0278359 0.0174573
2 0.3184566 0.5423954 0.0278359 0.0174573
4 0.6727320 0.4795490 0.0278358 0.0174573
15 0.4589015 0.7309345 0.0278359 0.0174573
3 0.6018769 0.4167026 0.0278359 0.0174573
17 0.4589015 0.5423954 0.0278359 0.0174573
17 0.5310218 0.7309345 0.0278359 0.0174573
