9 0.5927285 0.4679045 0.0267594 0.0169815
18 0.5233973 0.6513044 0.0267594 0.0169815
32 0.5264381 0.4729989 0.4926162 0.4347256
22 0.3202691 0.3456379 0.0267594 0.0169815
2 0.3883840 0.3456379 0.0267594 0.0169815
33 0.4564988 0.3450719 0.0632495 0.0611333
23 0.4564988 0.3456379 0.0267594 0.0169815
4 0.6608434 0.3456379 0.0267594 0.0169815
30 0.3202691 0.4067712 0.0267594 0.0169815
31 0.4564988 0.4067712 0.0267594 0.0169815
9 0.5927285 0.4067712 0.0267594 0.0169815
13 0.6608434 0.4067712 0.0267594 0.0169815
24 0.7289581 0.4067712 0.0267593 0.0169815
8 0.3883840 0.4679045 0.0267594 0.0169815
16 0.4564988 0.4679045 0.0267594 0.0169815
29 0.5233973 0.4679045 0.0267594 0.0169815
3 0.6608434 0.4679045 0.0267594 0.0169815
21 0.7289581 0.4679045 0.0267593 0.0169815
14 0.3202691 0.5290377 0.0267594 0.0169815
5 0.4564988 0.5290377 0.0267594 0.0169815
1 0.5927285 0.5290377 0.0267594 0.0169815
17 0.6608434 0.5290377 0.0267594 0.0169815
12 0.7289581 0.5290377 0.0267593 0.0169815
27 0.3202691 0.5901710 0.0267594 0.0169814
15 0.3883840 0.5901710 0.0267594 0.0169814
7 0.5233973 0.5901710 0.0267594 0.0169814
6 0.5927285 0.5901710 0.0267594 0.0169814
18 0.7289581 0.5901710 0.0267593 0.0169814
11 0.3202691 0.6513044 0.0267594 0.0169815
26 0.3883840 0.6513044 0.0267594 0.0169815
23 0.4564988 0.6513044 0.0267594 0.0169815
10 0.6608434 0.6513044 0.0267594 0.0169815
26 0.5233973 0.4067712 0.0267594 0.0169815
19 0.6608434 0.5901710 0.0267594 0.0169814
26 0.5233973 0.5290377 0.0267594 0.0169815
26 0.5927285 0.6513044 0.0267594 0.0169815
27 0.5927285 0.3456379 0.0267594 0.0169815
12 0.4564988 0.5901710 0.0267594 0.0169814
6 0.5233973 0.3456379 0.0267594 0.0169815
20 0.3202691 0.4679045 0.0267594 0.0169815
5 0.7289581 0.6513044 0.0267593 0.0169815
4 0.3883840 0.4067712 0.0267594 0.0169815
28 0.3883840 0.5290377 0.0267594 0.0169815
6 0.7289581 0.3456379 0.0267593 0.0169815
