4 0.6010833 0.4589238 0.0284265 0.0161771
27 0.4563667 0.3424488 0.0284264 0.0161771
32 0.3859465 0.3473019 0.5233056 0.4141336
5 0.1669335 0.2259737 0.0284265 0.0161771
33 0.3116501 0.2254345 0.0671898 0.0582375
8 0.3116501 0.2259737 0.0284265 0.0161771
31 0.5287250 0.2259737 0.0284265 0.0161771
3 0.6010833 0.2259737 0.0284265 0.0161771
15 0.3827163 0.2842112 0.0284265 0.0161771
19 0.4563667 0.2842112 0.0284264 0.0161771
8 0.5287250 0.2842112 0.0284265 0.0161771
20 0.1669335 0.3424488 0.0284265 0.0161771
11 0.2392918 0.3424488 0.0284265 0.0161771
17 0.5287250 0.3424488 0.0284265 0.0161771
24 0.6010833 0.3424488 0.0284265 0.0161771
4 0.1669335 0.4006863 0.0284265 0.0161771
2 0.2392918 0.4006863 0.0284265 0.0161771
23 0.3116501 0.4006863 0.0284265 0.0161771
10 0.4563667 0.4006863 0.0284264 0.0161771
29 0.5287250 0.4006863 0.0284265 0.0161771
21 0.6010833 0.4006863 0.0284265 0.0161771
22 0.1669335 0.4589238 0.0284265 0.0161771
6 0.2392918 0.4589238 0.0284265 0.0161771
7 0.3116501 0.4589238 0.0284265 0.0161771
9 0.3827163 0.4589238 0.0284265 0.0161771
26 0.4563667 0.4589238 0.0284264 0.0161771
25 0.5287250 0.4589238 0.0284265 0.0161771
1 0.1669335 0.5171614 0.0284265 0.0161771
27 0.3116501 0.5171614 0.0284265 0.0161771
12 0.3827163 0.5171614 0.0284265 0.0161771
30 0.4563667 0.5171614 0.0284264 0.0161771
16 0.5287250 0.5171614 0.0284265 0.0161771
7 0.3827163 0.2259737 0.0284265 0.0161771
5 0.3827163 0.3424488 0.0284265 0.0161771
8 0.3116501 0.2842112 0.0284265 0.0161771
27 0.3827163 0.4006863 0.0284265 0.0161771
14 0.3116501 0.3424488 0.0284265 0.0161771
25 0.1669335 0.2842112 0.0284265 0.0161771
31 0.2392918 0.5171614 0.0284265 0.0161771
30 0.2392918 0.2259737 0.0284265 0.0161771
30 0.6010833 0.2842112 0.0284265 0.0161771
22 0.6010833 0.5171614 0.0284265 0.0161771
15 0.2392918 0.2842112 0.0284265 0.0161771
1 0.4563667 0.2259737 0.0284264 0.0161771
