31 0.7012711 0.2125882 0.0273741 0.0164315
18 0.6315913 0.4492025 0.0273742 0.0164316
32 0.5637778 0.3358248 0.5039346 0.4206478
9 0.4225517 0.2125882 0.0273742 0.0164315
14 0.7709509 0.2125882 0.0273742 0.0164315
5 0.3528719 0.2717418 0.0273742 0.0164315
30 0.4225517 0.2717418 0.0273742 0.0164315
18 0.5606672 0.2717418 0.0273742 0.0164315
13 0.6315913 0.2717418 0.0273742 0.0164315
26 0.7012711 0.2717418 0.0273741 0.0164315
2 0.7709509 0.2717418 0.0273742 0.0164315
11 0.3528719 0.3308954 0.0273742 0.0164315
21 0.4225517 0.3308954 0.0273742 0.0164315
6 0.4922316 0.3308954 0.0273743 0.0164315
16 0.5606672 0.3308954 0.0273742 0.0164315
19 0.6315913 0.3308954 0.0273742 0.0164315
33 0.7006490 0.3303476 0.0634584 0.0591536
12 0.7012711 0.3308954 0.0273741 0.0164315
10 0.7709509 0.3308954 0.0273742 0.0164315
25 0.4225517 0.3900489 0.0273742 0.0164315
29 0.4922316 0.3900489 0.0273743 0.0164315
8 0.5606672 0.3900489 0.0273742 0.0164315
31 0.7012711 0.3900489 0.0273741 0.0164315
4 0.7709509 0.3900489 0.0273742 0.0164315
15 0.3528719 0.4492025 0.0273742 0.0164316
12 0.4922316 0.4492025 0.0273743 0.0164316
23 0.7012711 0.4492025 0.0273741 0.0164316
22 0.7709509 0.4492025 0.0273742 0.0164316
27 0.3528719 0.5083562 0.0273742 0.0164315
17 0.4225517 0.5083562 0.0273742 0.0164315
24 0.6315913 0.5083562 0.0273742 0.0164315
20 0.7709509 0.5083562 0.0273742 0.0164315
5 0.4922316 0.2125882 0.0273743 0.0164315
6 0.5606672 0.5083562 0.0273742 0.0164315
19 0.7012711 0.5083562 0.0273741 0.0164315
5 0.6315913 0.3900489 0.0273742 0.0164315
19 0.4922316 0.5083562 0.0273743 0.0164315
15 0.3528719 0.3900489 0.0273742 0.0164315
7 0.4922316 0.2717418 0.0273743 0.0164315
6 0.3528719 0.2125882 0.0273742 0.0164315
4 0.4225517 0.4492025 0.0273742 0.0164316
30 0.5606672 0.4492025 0.0273742 0.0164316
19 0.5606672 0.2125882 0.0273742 0.0164315
30 0.6315913 0.2125882 0.0273742 0.0164315
