24 0.5613510 0.7858405 0.0266406 0.0166047
27 0.5613510 0.4869546 0.0266406 0.0166047
32 0.5643784 0.6114904 0.4904294 0.4250821
14 0.4269370 0.4869546 0.0266406 0.0166047
7 0.6303745 0.4869546 0.0266406 0.0166047
15 0.6981869 0.4869546 0.0266406 0.0166047
20 0.7659994 0.4869546 0.0266406 0.0166047
31 0.5613510 0.5467318 0.0266406 0.0166047
21 0.7659994 0.5467318 0.0266406 0.0166047
13 0.4269370 0.6065089 0.0266406 0.0166048
26 0.4947495 0.6065089 0.0266406 0.0166048
23 0.5613510 0.6065089 0.0266406 0.0166048
10 0.6981869 0.6065089 0.0266406 0.0166048
6 0.7659994 0.6065089 0.0266406 0.0166048
33 0.3591246 0.6657326 0.0629687 0.0597772
5 0.3591246 0.6662861 0.0266406 0.0166047
3 0.4269370 0.6662861 0.0266406 0.0166047
27 0.4947495 0.6662861 0.0266406 0.0166047
24 0.5613510 0.6662861 0.0266406 0.0166047
22 0.6303745 0.6662861 0.0266406 0.0166047
5 0.6981869 0.6662861 0.0266406 0.0166047
30 0.3591246 0.7260633 0.0266406 0.0166047
16 0.4269370 0.7260633 0.0266406 0.0166047
8 0.4947495 0.7260633 0.0266406 0.0166047
18 0.6303745 0.7260633 0.0266406 0.0166047
19 0.6981869 0.7260633 0.0266406 0.0166047
9 0.7659994 0.7260633 0.0266406 0.0166047
17 0.3591246 0.7858405 0.0266406 0.0166047
2 0.4269370 0.7858405 0.0266406 0.0166047
25 0.4947495 0.7858405 0.0266406 0.0166047
29 0.6303745 0.7858405 0.0266406 0.0166047
12 0.7659994 0.7858405 0.0266406 0.0166047
1 0.6981869 0.5467318 0.0266406 0.0166047
17 0.4269370 0.5467318 0.0266406 0.0166047
20 0.7659994 0.6662861 0.0266406 0.0166047
26 0.4947495 0.5467318 0.0266406 0.0166047
20 0.6981869 0.7858405 0.0266406 0.0166047
20 0.3591246 0.5467318 0.0266406 0.0166047
18 0.6303745 0.6065089 0.0266406 0.0166048
20 0.3591246 0.6065089 0.0266406 0.0166048
26 0.3591246 0.4869546 0.0266406 0.0166047
25 0.5613510 0.7260633 0.0266406 0.0166047
15 0.6303745 0.5467318 0.0266406 0.0166047
20 0.4947495 0.4869546 0.0266406 0.0166047
