8 0.2166482 0.4231594 0.0270546 0.0161967
22 0.1477820 0.2482348 0.0270546 0.0161967
32 0.3562252 0.3697102 0.4980500 0.4146361
15 0.2166482 0.2482348 0.0270546 0.0161967
20 0.2855144 0.2482348 0.0270546 0.0161967
33 0.4914980 0.2476949 0.0627174 0.0583082
8 0.4921129 0.2482348 0.0270546 0.0161967
8 0.5609790 0.2482348 0.0270546 0.0161967
16 0.1477820 0.3065430 0.0270546 0.0161967
11 0.2166482 0.3065430 0.0270546 0.0161967
2 0.2855144 0.3065430 0.0270546 0.0161967
1 0.4232467 0.3065430 0.0270546 0.0161967
26 0.4921129 0.3065430 0.0270546 0.0161967
14 0.1477820 0.3648512 0.0270546 0.0161967
7 0.2855144 0.3648512 0.0270546 0.0161967
13 0.4921129 0.3648512 0.0270546 0.0161967
29 0.5609790 0.3648512 0.0270546 0.0161967
12 0.2855144 0.4231594 0.0270546 0.0161967
24 0.3531508 0.4231594 0.0270546 0.0161967
3 0.4232467 0.4231594 0.0270546 0.0161967
25 0.4921129 0.4231594 0.0270546 0.0161967
23 0.1477820 0.4814676 0.0270546 0.0161968
9 0.2855144 0.4814676 0.0270546 0.0161968
17 0.4232467 0.4814676 0.0270546 0.0161968
30 0.4921129 0.4814676 0.0270546 0.0161968
4 0.5609790 0.4814676 0.0270546 0.0161968
6 0.1477820 0.5397758 0.0270546 0.0161967
18 0.2166482 0.5397758 0.0270546 0.0161967
5 0.2855144 0.5397758 0.0270546 0.0161967
19 0.4232467 0.5397758 0.0270546 0.0161967
21 0.4921129 0.5397758 0.0270546 0.0161967
22 0.5609790 0.5397758 0.0270546 0.0161967
4 0.5609790 0.4231594 0.0270546 0.0161967
22 0.4232467 0.3648512 0.0270546 0.0161967
2 0.2166482 0.4814676 0.0270546 0.0161968
19 0.5609790 0.3065430 0.0270546 0.0161967
11 0.4232467 0.2482348 0.0270546 0.0161967
8 0.3531508 0.2482348 0.0270546 0.0161967
1 0.1477820 0.4231594 0.0270546 0.0161967
3 0.3531508 0.4814676 0.0270546 0.0161968
29 0.3531508 0.3065430 0.0270546 0.0161967
17 0.3531508 0.3648512 0.0270546 0.0161967
15 0.2166482 0.3648512 0.0270546 0.0161967
27 0.3531508 0.5397758 0.0270546 0.0161967
