17 0.7139281 0.5834131 0.0287537 0.0163972
25 0.3479731 0.6424432 0.0287536 0.0163973
32 0.5695065 0.5293020 0.5293277 0.4197702
7 0.4943551 0.4063225 0.0287536 0.0163973
16 0.5662391 0.4063225 0.0287536 0.0163973
1 0.6407371 0.4063225 0.0287535 0.0163973
8 0.7139281 0.4063225 0.0287537 0.0163973
5 0.7871190 0.4063225 0.0287536 0.0163973
31 0.3479731 0.4653526 0.0287536 0.0163973
24 0.4211641 0.4653526 0.0287536 0.0163973
19 0.5662391 0.4653526 0.0287536 0.0163973
27 0.7139281 0.4653526 0.0287537 0.0163973
29 0.3479731 0.5243829 0.0287536 0.0163973
2 0.4211641 0.5243829 0.0287536 0.0163973
20 0.5662391 0.5243829 0.0287536 0.0163973
9 0.6407371 0.5243829 0.0287535 0.0163973
12 0.7139281 0.5243829 0.0287537 0.0163973
4 0.3479731 0.5834131 0.0287536 0.0163972
18 0.4211641 0.5834131 0.0287536 0.0163972
3 0.5662391 0.5834131 0.0287536 0.0163972
14 0.6407371 0.5834131 0.0287535 0.0163972
13 0.4211641 0.6424432 0.0287536 0.0163973
21 0.5662391 0.6424432 0.0287536 0.0163973
10 0.6407371 0.6424432 0.0287535 0.0163973
26 0.7139281 0.6424432 0.0287537 0.0163973
15 0.7871190 0.6424432 0.0287536 0.0163973
23 0.3479731 0.7014734 0.0287536 0.0163972
34 0.4205106 0.7009269 0.0666561 0.0590302
24 0.4211641 0.7014734 0.0287536 0.0163972
17 0.5662391 0.7014734 0.0287536 0.0163972
22 0.6407371 0.7014734 0.0287535 0.0163972
30 0.7871190 0.7014734 0.0287536 0.0163972
7 0.4211641 0.4063225 0.0287536 0.0163973
12 0.7139281 0.7014734 0.0287537 0.0163972
21 0.7871190 0.5834131 0.0287536 0.0163972
15 0.4943551 0.7014734 0.0287536 0.0163972
8 0.4943551 0.5243829 0.0287536 0.0163973
18 0.4943551 0.6424432 0.0287536 0.0163973
17 0.4943551 0.4653526 0.0287536 0.0163973
9 0.7871190 0.5243829 0.0287536 0.0163973
19 0.4943551 0.5834131 0.0287536 0.0163972
2 0.6407371 0.4653526 0.0287535 0.0163973
17 0.7871190 0.4653526 0.0287536 0.0163973
15 0.3479731 0.4063225 0.0287536 0.0163973
