12 0.1821599 0.4252765 0.0265060 0.0162579
18 0.5869794 0.4252765 0.0265060 0.0162579
32 0.3863769 0.4301539 0.4879521 0.4162038
31 0.1821599 0.3082191 0.0265060 0.0162580
5 0.2496298 0.3082191 0.0265060 0.0162580
26 0.3170997 0.3082191 0.0265060 0.0162580
25 0.3833648 0.3082191 0.0265060 0.0162580
11 0.4520396 0.3082191 0.0265060 0.0162580
7 0.5195095 0.3082191 0.0265060 0.0162580
30 0.5869794 0.3082191 0.0265060 0.0162580
21 0.1821599 0.3667478 0.0265060 0.0162580
9 0.2496298 0.3667478 0.0265060 0.0162580
24 0.3170997 0.3667478 0.0265060 0.0162580
33 0.3833648 0.3662059 0.0626506 0.0585286
9 0.3833648 0.3667478 0.0265060 0.0162580
19 0.4520396 0.3667478 0.0265060 0.0162580
20 0.5195095 0.3667478 0.0265060 0.0162580
27 0.5869794 0.3667478 0.0265060 0.0162580
16 0.3170997 0.4252765 0.0265060 0.0162579
15 0.4520396 0.4252765 0.0265060 0.0162579
1 0.5195095 0.4252765 0.0265060 0.0162579
13 0.3833648 0.4838051 0.0265060 0.0162579
8 0.5195095 0.4838051 0.0265060 0.0162579
17 0.5869794 0.4838051 0.0265060 0.0162579
22 0.3833648 0.5423337 0.0265060 0.0162579
4 0.4520396 0.5423337 0.0265060 0.0162579
10 0.5869794 0.5423337 0.0265060 0.0162579
14 0.1821599 0.6008624 0.0265060 0.0162580
6 0.3170997 0.6008624 0.0265060 0.0162580
3 0.3833648 0.6008624 0.0265060 0.0162580
23 0.4520396 0.6008624 0.0265060 0.0162580
29 0.5195095 0.6008624 0.0265060 0.0162580
9 0.5869794 0.6008624 0.0265060 0.0162580
6 0.2496298 0.5423337 0.0265060 0.0162579
5 0.3170997 0.5423337 0.0265060 0.0162579
25 0.3170997 0.4838051 0.0265060 0.0162579
16 0.4520396 0.4838051 0.0265060 0.0162579
3 0.3833648 0.4252765 0.0265060 0.0162579
9 0.2496298 0.4838051 0.0265060 0.0162579
10 0.2496298 0.4252765 0.0265060 0.0162579
5 0.2496298 0.6008624 0.0265060 0.0162580
19 0.1821599 0.4838051 0.0265060 0.0162579
1 0.1821599 0.5423337 0.0265060 0.0162579
27 0.5195095 0.5423337 0.0265060 0.0162579
