11 0.3263498 0.6816200 0.0269630 0.0171553
2 0.2577166 0.6816200 0.0269630 0.0171553
32 0.3968214 0.6250076 0.4963649 0.4391754
15 0.2577166 0.4963429 0.0269630 0.0171553
14 0.3263498 0.4963429 0.0269630 0.0171553
10 0.4636162 0.4963429 0.0269630 0.0171553
4 0.5322493 0.4963429 0.0269630 0.0171553
12 0.6008825 0.4963429 0.0269630 0.0171553
9 0.2577166 0.5581020 0.0269630 0.0171553
25 0.3263498 0.5581020 0.0269630 0.0171553
27 0.3937574 0.5581020 0.0269630 0.0171553
21 0.4636162 0.5581020 0.0269630 0.0171553
3 0.5322493 0.5581020 0.0269630 0.0171553
34 0.6008825 0.5575301 0.0637308 0.0617590
27 0.6008825 0.5581020 0.0269630 0.0171553
16 0.1890835 0.6198610 0.0269630 0.0171553
2 0.2577166 0.6198610 0.0269630 0.0171553
13 0.3263498 0.6198610 0.0269630 0.0171553
17 0.4636162 0.6198610 0.0269630 0.0171553
1 0.4636162 0.6816200 0.0269630 0.0171553
31 0.6008825 0.6816200 0.0269630 0.0171553
20 0.1890835 0.7433790 0.0269630 0.0171553
19 0.2577166 0.7433790 0.0269630 0.0171553
22 0.3937574 0.7433790 0.0269630 0.0171553
8 0.4636162 0.7433790 0.0269630 0.0171553
29 0.5322493 0.7433790 0.0269630 0.0171553
26 0.6008825 0.7433790 0.0269630 0.0171553
23 0.1890835 0.8051382 0.0269630 0.0171553
5 0.2577166 0.8051382 0.0269630 0.0171553
6 0.3263498 0.8051382 0.0269630 0.0171553
30 0.3937574 0.8051382 0.0269630 0.0171553
11 0.4636162 0.8051382 0.0269630 0.0171553
10 0.3937574 0.4963429 0.0269630 0.0171553
31 0.5322493 0.6816200 0.0269630 0.0171553
7 0.5322493 0.6198610 0.0269630 0.0171553
11 0.3937574 0.6198610 0.0269630 0.0171553
24 0.3937574 0.6816200 0.0269630 0.0171553
1 0.1890835 0.6816200 0.0269630 0.0171553
24 0.6008825 0.6198610 0.0269630 0.0171553
18 0.1890835 0.4963429 0.0269630 0.0171553
28 0.5322493 0.8051382 0.0269630 0.0171553
1 0.6008825 0.8051382 0.0269630 0.0171553
30 0.1890835 0.5581020 0.0269630 0.0171553
30 0.3263498 0.7433790 0.0269630 0.0171553
