7 0.1436435 0.7010875 0.0270653 0.0166926
20 0.2125371 0.4006210 0.0270653 0.0166926
32 0.2832760 0.5258154 0.4982483 0.4273302
14 0.0747499 0.4006210 0.0270653 0.0166926
8 0.1436435 0.4006210 0.0270653 0.0166926
10 0.3503242 0.4006210 0.0270653 0.0166926
31 0.4192178 0.4006210 0.0270654 0.0166926
24 0.4881114 0.4006210 0.0270653 0.0166926
12 0.1436435 0.4607142 0.0270653 0.0166926
27 0.2125371 0.4607142 0.0270653 0.0166926
17 0.2802004 0.4607142 0.0270653 0.0166926
25 0.4881114 0.4607142 0.0270653 0.0166926
19 0.0747499 0.5208076 0.0270653 0.0166926
9 0.1436435 0.5208076 0.0270653 0.0166926
11 0.2125371 0.5208076 0.0270653 0.0166926
22 0.3503242 0.5208076 0.0270653 0.0166926
20 0.4192178 0.5208076 0.0270654 0.0166926
26 0.0747499 0.5809009 0.0270653 0.0166926
7 0.1436435 0.5809009 0.0270653 0.0166926
13 0.2125371 0.5809009 0.0270653 0.0166926
29 0.3503242 0.5809009 0.0270653 0.0166926
23 0.4192178 0.5809009 0.0270654 0.0166926
1 0.0747499 0.6409942 0.0270653 0.0166926
30 0.2125371 0.6409942 0.0270653 0.0166926
21 0.2802004 0.6409942 0.0270653 0.0166926
3 0.4192178 0.6409942 0.0270654 0.0166926
15 0.4881114 0.6409942 0.0270653 0.0166926
5 0.0747499 0.7010875 0.0270653 0.0166926
16 0.2802004 0.7010875 0.0270653 0.0166926
2 0.3503242 0.7010875 0.0270653 0.0166926
33 0.4186027 0.7005311 0.0627424 0.0600933
31 0.4192178 0.7010875 0.0270654 0.0166926
18 0.3503242 0.6409942 0.0270653 0.0166926
21 0.0747499 0.4607142 0.0270653 0.0166926
25 0.4881114 0.7010875 0.0270653 0.0166926
21 0.4192178 0.4607142 0.0270654 0.0166926
28 0.4881114 0.5208076 0.0270653 0.0166926
9 0.2802004 0.5208076 0.0270653 0.0166926
3 0.1436435 0.6409942 0.0270653 0.0166926
3 0.4881114 0.5809009 0.0270653 0.0166926
29 0.2802004 0.4006210 0.0270653 0.0166926
16 0.3503242 0.4607142 0.0270653 0.0166926
21 0.2802004 0.5809009 0.0270653 0.0166926
21 0.2125371 0.7010875 0.0270653 0.0166926
