6 0.2953600 0.5189258 0.0277689 0.0160502
9 0.2246755 0.4611451 0.0277689 0.0160502
32 0.4386224 0.4659602 0.5112006 0.4108848
8 0.2246755 0.3455838 0.0277689 0.0160502
17 0.2953600 0.3455838 0.0277689 0.0160502
10 0.3660445 0.3455838 0.0277689 0.0160502
7 0.4354668 0.3455838 0.0277689 0.0160502
2 0.5780981 0.3455838 0.0277689 0.0160502
26 0.2246755 0.4033644 0.0277689 0.0160502
27 0.2953600 0.4033644 0.0277689 0.0160502
9 0.3660445 0.4033644 0.0277689 0.0160502
14 0.2953600 0.4611451 0.0277689 0.0160502
6 0.3660445 0.4611451 0.0277689 0.0160502
4 0.4354668 0.4611451 0.0277689 0.0160502
19 0.5074136 0.4611451 0.0277689 0.0160502
21 0.6487827 0.4611451 0.0277689 0.0160502
12 0.2246755 0.5189258 0.0277689 0.0160502
29 0.3660445 0.5189258 0.0277689 0.0160502
1 0.4354668 0.5189258 0.0277689 0.0160502
23 0.5780981 0.5189258 0.0277689 0.0160502
31 0.6487827 0.5189258 0.0277689 0.0160502
5 0.2246755 0.5767064 0.0277689 0.0160501
24 0.2953600 0.5767064 0.0277689 0.0160501
11 0.4354668 0.5767064 0.0277689 0.0160501
3 0.5074136 0.5767064 0.0277689 0.0160501
16 0.6487827 0.5767064 0.0277689 0.0160501
34 0.2246755 0.6339521 0.0656356 0.0577807
3 0.2246755 0.6344871 0.0277689 0.0160502
13 0.2953600 0.6344871 0.0277689 0.0160502
20 0.3660445 0.6344871 0.0277689 0.0160502
18 0.5074136 0.6344871 0.0277689 0.0160502
30 0.5780981 0.6344871 0.0277689 0.0160502
15 0.5074136 0.3455838 0.0277689 0.0160502
15 0.5780981 0.4033644 0.0277689 0.0160502
1 0.4354668 0.6344871 0.0277689 0.0160502
12 0.6487827 0.6344871 0.0277689 0.0160502
19 0.5074136 0.5189258 0.0277689 0.0160502
7 0.6487827 0.4033644 0.0277689 0.0160502
22 0.5074136 0.4033644 0.0277689 0.0160502
12 0.3660445 0.5767064 0.0277689 0.0160501
27 0.6487827 0.3455838 0.0277689 0.0160502
1 0.5780981 0.4611451 0.0277689 0.0160502
22 0.5780981 0.5767064 0.0277689 0.0160501
21 0.4354668 0.4033644 0.0277689 0.0160502
