22 0.6785535 0.5339510 0.0261555 0.0164079
3 0.4122436 0.5930196 0.0261554 0.0164079
32 0.6137594 0.4798048 0.4814978 0.4200434
16 0.4122436 0.3567452 0.0261554 0.0164079
21 0.5453986 0.3567452 0.0261554 0.0164079
20 0.6107872 0.3567452 0.0261555 0.0164079
17 0.8117085 0.3567452 0.0261555 0.0164079
34 0.4122436 0.4152669 0.0618219 0.0590686
20 0.4122436 0.4158138 0.0261554 0.0164079
19 0.4788211 0.4158138 0.0261554 0.0164079
5 0.6785535 0.4158138 0.0261555 0.0164079
9 0.4122436 0.4748824 0.0261554 0.0164079
12 0.4788211 0.4748824 0.0261554 0.0164079
23 0.6785535 0.4748824 0.0261555 0.0164079
11 0.7451310 0.4748824 0.0261555 0.0164079
31 0.8117085 0.4748824 0.0261555 0.0164079
10 0.4122436 0.5339510 0.0261554 0.0164079
27 0.4788211 0.5339510 0.0261554 0.0164079
22 0.5453986 0.5339510 0.0261554 0.0164079
30 0.7451310 0.5339510 0.0261555 0.0164079
13 0.8117085 0.5339510 0.0261555 0.0164079
4 0.4788211 0.5930196 0.0261554 0.0164079
18 0.5453986 0.5930196 0.0261554 0.0164079
2 0.6785535 0.5930196 0.0261555 0.0164079
29 0.7451310 0.5930196 0.0261555 0.0164079
15 0.8117085 0.5930196 0.0261555 0.0164079
24 0.4122436 0.6520882 0.0261554 0.0164079
25 0.4788211 0.6520882 0.0261554 0.0164079
1 0.5453986 0.6520882 0.0261554 0.0164079
26 0.6107872 0.6520882 0.0261555 0.0164079
8 0.7451310 0.6520882 0.0261555 0.0164079
6 0.8117085 0.6520882 0.0261555 0.0164079
18 0.6785535 0.3567452 0.0261555 0.0164079
18 0.6107872 0.5339510 0.0261555 0.0164079
24 0.4788211 0.3567452 0.0261554 0.0164079
19 0.7451310 0.3567452 0.0261555 0.0164079
3 0.6107872 0.4158138 0.0261555 0.0164079
12 0.6107872 0.4748824 0.0261555 0.0164079
11 0.5453986 0.4748824 0.0261554 0.0164079
12 0.6107872 0.5930196 0.0261555 0.0164079
25 0.7451310 0.4158138 0.0261555 0.0164079
18 0.8117085 0.4158138 0.0261555 0.0164079
31 0.5453986 0.4158138 0.0261554 0.0164079
2 0.6785535 0.6520882 0.0261555 0.0164079
