31 0.7165729 0.2426023 0.0279409 0.0171462
21 0.5743285 0.3660549 0.0279409 0.0171462
32 0.6473558 0.3711988 0.5143662 0.4389425
29 0.5032062 0.2426023 0.0279409 0.0171462
15 0.5743285 0.2426023 0.0279409 0.0171462
6 0.6441806 0.2426023 0.0279409 0.0171462
2 0.4320840 0.3043286 0.0279409 0.0171462
21 0.5032062 0.3043286 0.0279409 0.0171462
8 0.5743285 0.3043286 0.0279409 0.0171462
18 0.6441806 0.3043286 0.0279409 0.0171462
16 0.7165729 0.3043286 0.0279409 0.0171462
20 0.8588174 0.3043286 0.0279409 0.0171462
10 0.4320840 0.3660549 0.0279409 0.0171462
7 0.5032062 0.3660549 0.0279409 0.0171462
17 0.6441806 0.3660549 0.0279409 0.0171462
11 0.7165729 0.3660549 0.0279409 0.0171462
27 0.7876952 0.3660549 0.0279410 0.0171462
14 0.8588174 0.3660549 0.0279409 0.0171462
5 0.5032062 0.4277812 0.0279409 0.0171462
4 0.5743285 0.4277812 0.0279409 0.0171462
13 0.7165729 0.4277812 0.0279409 0.0171462
22 0.7876952 0.4277812 0.0279410 0.0171462
12 0.4320840 0.4895075 0.0279409 0.0171462
23 0.5032062 0.4895075 0.0279409 0.0171462
9 0.6441806 0.4895075 0.0279409 0.0171462
34 0.7159380 0.4889360 0.0673121 0.0617263
29 0.7165729 0.4895075 0.0279409 0.0171462
3 0.7876952 0.4895075 0.0279410 0.0171462
24 0.4320840 0.5512338 0.0279409 0.0171462
26 0.5743285 0.5512338 0.0279409 0.0171462
25 0.6441806 0.5512338 0.0279409 0.0171462
19 0.7876952 0.5512338 0.0279410 0.0171462
22 0.8588174 0.4895075 0.0279409 0.0171462
30 0.8588174 0.2426023 0.0279409 0.0171462
11 0.6441806 0.4277812 0.0279409 0.0171462
20 0.4320840 0.2426023 0.0279409 0.0171462
6 0.8588174 0.4277812 0.0279409 0.0171462
24 0.8588174 0.5512338 0.0279409 0.0171462
31 0.4320840 0.4277812 0.0279409 0.0171462
17 0.5743285 0.4895075 0.0279409 0.0171462
9 0.7165729 0.5512338 0.0279409 0.0171462
19 0.5032062 0.5512338 0.0279409 0.0171462
29 0.7876952 0.3043286 0.0279410 0.0171462
13 0.7876952 0.2426023 0.0279410 0.0171462
