29 0.4564761 0.5469679 0.0272584 0.0162005
5 0.5964852 0.4303246 0.0272584 0.0162005
32 0.4595737 0.5518281 0.5018023 0.4147317
26 0.2495601 0.4303246 0.0272584 0.0162005
4 0.3189451 0.4303246 0.0272584 0.0162005
25 0.3883302 0.4303246 0.0272584 0.0162005
18 0.5271002 0.4303246 0.0272584 0.0162005
11 0.6658702 0.4303246 0.0272584 0.0162005
33 0.2495601 0.4881063 0.0644289 0.0583217
12 0.2495601 0.4886463 0.0272584 0.0162005
22 0.3189451 0.4886463 0.0272584 0.0162005
9 0.3883302 0.4886463 0.0272584 0.0162005
31 0.2495601 0.5469679 0.0272584 0.0162005
15 0.3189451 0.5469679 0.0272584 0.0162005
7 0.3883302 0.5469679 0.0272584 0.0162005
1 0.5271002 0.5469679 0.0272584 0.0162005
24 0.5964852 0.5469679 0.0272584 0.0162005
8 0.6658702 0.5469679 0.0272584 0.0162005
21 0.2495601 0.6052896 0.0272584 0.0162005
3 0.3189451 0.6052896 0.0272584 0.0162005
23 0.4564761 0.6052896 0.0272584 0.0162005
19 0.5271002 0.6052896 0.0272584 0.0162005
30 0.5964852 0.6052896 0.0272584 0.0162005
13 0.6658702 0.6052896 0.0272584 0.0162005
12 0.2495601 0.6636112 0.0272584 0.0162004
2 0.3189451 0.6636112 0.0272584 0.0162004
20 0.4564761 0.6636112 0.0272584 0.0162004
17 0.2495601 0.7219328 0.0272584 0.0162005
6 0.3883302 0.7219328 0.0272584 0.0162005
14 0.4564761 0.7219328 0.0272584 0.0162005
10 0.5271002 0.7219328 0.0272584 0.0162005
16 0.5964852 0.7219328 0.0272584 0.0162005
2 0.3883302 0.6052896 0.0272584 0.0162005
15 0.3189451 0.7219328 0.0272584 0.0162005
11 0.5271002 0.6636112 0.0272584 0.0162004
3 0.6658702 0.7219328 0.0272584 0.0162005
24 0.4564761 0.4886463 0.0272584 0.0162005
12 0.3883302 0.6636112 0.0272584 0.0162004
7 0.5271002 0.4886463 0.0272584 0.0162005
26 0.5964852 0.6636112 0.0272584 0.0162004
24 0.6658702 0.4886463 0.0272584 0.0162005
29 0.4564761 0.4303246 0.0272584 0.0162005
9 0.6658702 0.6636112 0.0272584 0.0162004
10 0.5964852 0.4886463 0.0272584 0.0162005
