4 0.5491173 0.2928386 0.0288708 0.0165009
30 0.3286492 0.4710475 0.0288708 0.0165009
32 0.4775964 0.3571918 0.5314855 0.4224209
9 0.2551598 0.2334357 0.0288708 0.0165008
13 0.3286492 0.2334357 0.0288708 0.0165008
34 0.4021386 0.2328857 0.0682401 0.0594029
29 0.4021386 0.2334357 0.0288708 0.0165008
31 0.4743156 0.2334357 0.0288708 0.0165008
30 0.5491173 0.2334357 0.0288708 0.0165008
16 0.6226066 0.2334357 0.0288708 0.0165008
2 0.6960960 0.2334357 0.0288708 0.0165008
7 0.3286492 0.2928386 0.0288708 0.0165009
26 0.4743156 0.2928386 0.0288708 0.0165009
17 0.6226066 0.2928386 0.0288708 0.0165009
29 0.2551598 0.3522416 0.0288708 0.0165009
14 0.3286492 0.3522416 0.0288708 0.0165009
6 0.4021386 0.3522416 0.0288708 0.0165009
25 0.4743156 0.3522416 0.0288708 0.0165009
23 0.5491173 0.3522416 0.0288708 0.0165009
5 0.6226066 0.3522416 0.0288708 0.0165009
12 0.2551598 0.4116445 0.0288708 0.0165009
3 0.3286492 0.4116445 0.0288708 0.0165009
15 0.4743156 0.4116445 0.0288708 0.0165009
8 0.5491173 0.4116445 0.0288708 0.0165009
19 0.6226066 0.4116445 0.0288708 0.0165009
1 0.6960960 0.4116445 0.0288708 0.0165009
22 0.2551598 0.4710475 0.0288708 0.0165009
18 0.4743156 0.4710475 0.0288708 0.0165009
27 0.6226066 0.4710475 0.0288708 0.0165009
4 0.2551598 0.5304504 0.0288708 0.0165009
10 0.3286492 0.5304504 0.0288708 0.0165009
20 0.4021386 0.5304504 0.0288708 0.0165009
20 0.6960960 0.5304504 0.0288708 0.0165009
21 0.4021386 0.4116445 0.0288708 0.0165009
12 0.6960960 0.4710475 0.0288708 0.0165009
17 0.4021386 0.4710475 0.0288708 0.0165009
4 0.5491173 0.5304504 0.0288708 0.0165009
2 0.4021386 0.2928386 0.0288708 0.0165009
2 0.2551598 0.2928386 0.0288708 0.0165009
12 0.6960960 0.3522416 0.0288708 0.0165009
24 0.4743156 0.5304504 0.0288708 0.0165009
5 0.6226066 0.5304504 0.0288708 0.0165009
12 0.5491173 0.4710475 0.0288708 0.0165009
11 0.6960960 0.2928386 0.0288708 0.0165009
