27 0.4835463 0.5115800 0.0272285 0.0171427
31 0.2743815 0.2647260 0.0272285 0.0171426
32 0.2774757 0.3932958 0.5012528 0.4388515
23 0.1370011 0.2647260 0.0272285 0.0171426
19 0.2063102 0.2647260 0.0272285 0.0171426
9 0.3449282 0.2647260 0.0272285 0.0171426
31 0.4142373 0.2647260 0.0272285 0.0171426
17 0.4835463 0.2647260 0.0272285 0.0171426
15 0.0676921 0.3264395 0.0272285 0.0171426
6 0.2743815 0.3264395 0.0272285 0.0171426
22 0.3449282 0.3264395 0.0272285 0.0171426
14 0.4142373 0.3264395 0.0272285 0.0171426
11 0.4835463 0.3264395 0.0272285 0.0171426
10 0.0676921 0.3881530 0.0272285 0.0171427
18 0.1370011 0.3881530 0.0272285 0.0171427
20 0.2063102 0.3881530 0.0272285 0.0171427
25 0.2743815 0.3881530 0.0272285 0.0171427
33 0.3443094 0.3875815 0.0655960 0.0617135
18 0.3449282 0.3881530 0.0272285 0.0171427
30 0.0676921 0.4498665 0.0272285 0.0171426
12 0.1370011 0.4498665 0.0272285 0.0171426
1 0.2063102 0.4498665 0.0272285 0.0171426
26 0.3449282 0.4498665 0.0272285 0.0171426
29 0.4142373 0.4498665 0.0272285 0.0171426
21 0.4835463 0.4498665 0.0272285 0.0171426
27 0.2063102 0.5115800 0.0272285 0.0171427
5 0.2743815 0.5115800 0.0272285 0.0171427
3 0.3449282 0.5115800 0.0272285 0.0171427
4 0.4142373 0.5115800 0.0272285 0.0171427
24 0.0676921 0.5732935 0.0272285 0.0171426
16 0.1370011 0.5732935 0.0272285 0.0171426
7 0.4142373 0.5732935 0.0272285 0.0171426
22 0.2743815 0.5732935 0.0272285 0.0171426
8 0.2063102 0.3264395 0.0272285 0.0171426
11 0.4835463 0.3881530 0.0272285 0.0171427
3 0.0676921 0.2647260 0.0272285 0.0171426
9 0.3449282 0.5732935 0.0272285 0.0171426
15 0.4835463 0.5732935 0.0272285 0.0171426
2 0.1370011 0.3264395 0.0272285 0.0171426
22 0.2063102 0.5732935 0.0272285 0.0171426
16 0.1370011 0.5115800 0.0272285 0.0171427
7 0.4142373 0.3881530 0.0272285 0.0171427
29 0.2743815 0.4498665 0.0272285 0.0171426
16 0.0676921 0.5115800 0.0272285 0.0171427
