31 0.3020525 0.5727326 0.0281499 0.0159808
22 0.0883690 0.6302633 0.0281499 0.0159807
32 0.3052513 0.5199962 0.5182144 0.4091065
20 0.2316777 0.4001408 0.0281499 0.0159807
25 0.3020525 0.4001408 0.0281499 0.0159807
10 0.5182951 0.4001408 0.0281499 0.0159807
17 0.0883690 0.4576714 0.0281499 0.0159807
1 0.1600233 0.4576714 0.0281499 0.0159807
14 0.2316777 0.4576714 0.0281499 0.0159807
9 0.3020525 0.4576714 0.0281499 0.0159807
21 0.3749863 0.4576714 0.0281499 0.0159807
16 0.5182951 0.4576714 0.0281499 0.0159807
18 0.1600233 0.5152020 0.0281499 0.0159807
22 0.3020525 0.5152020 0.0281499 0.0159807
15 0.3749863 0.5152020 0.0281499 0.0159807
31 0.4466407 0.5152020 0.0281499 0.0159807
26 0.5182951 0.5152020 0.0281499 0.0159807
4 0.1600233 0.5727326 0.0281499 0.0159808
6 0.2316777 0.5727326 0.0281499 0.0159808
29 0.4466407 0.5727326 0.0281499 0.0159808
7 0.1600233 0.6302633 0.0281499 0.0159807
8 0.2316777 0.6302633 0.0281499 0.0159807
3 0.3749863 0.6302633 0.0281499 0.0159807
2 0.4466407 0.6302633 0.0281499 0.0159807
11 0.5182951 0.6302633 0.0281499 0.0159807
5 0.0883690 0.6877938 0.0281499 0.0159807
34 0.2316777 0.6872611 0.0665362 0.0575306
13 0.2316777 0.6877938 0.0281499 0.0159807
12 0.3020525 0.6877938 0.0281499 0.0159807
30 0.3749863 0.6877938 0.0281499 0.0159807
13 0.4466407 0.6877938 0.0281499 0.0159807
19 0.5182951 0.6877938 0.0281499 0.0159807
19 0.4466407 0.4576714 0.0281499 0.0159807
10 0.0883690 0.5727326 0.0281499 0.0159808
5 0.5182951 0.5727326 0.0281499 0.0159808
9 0.3020525 0.6302633 0.0281499 0.0159807
18 0.4466407 0.4001408 0.0281499 0.0159807
26 0.3749863 0.5727326 0.0281499 0.0159808
31 0.0883690 0.5152020 0.0281499 0.0159807
3 0.1600233 0.6877938 0.0281499 0.0159807
11 0.1600233 0.4001408 0.0281499 0.0159807
6 0.0883690 0.4001408 0.0281499 0.0159807
30 0.3749863 0.4001408 0.0281499 0.0159807
22 0.2316777 0.5152020 0.0281499 0.0159807
