28 0.2147782 0.7727461 0.0284335 0.0164020
26 0.5042824 0.5365569 0.0284334 0.0164020
32 0.4338450 0.6005248 0.5234340 0.4198918
12 0.2147782 0.4775097 0.0284335 0.0164020
22 0.2871542 0.4775097 0.0284334 0.0164020
16 0.4306139 0.4775097 0.0284335 0.0164020
5 0.5042824 0.4775097 0.0284334 0.0164020
20 0.5766584 0.4775097 0.0284335 0.0164020
3 0.2871542 0.5365569 0.0284334 0.0164020
9 0.3595303 0.5365569 0.0284335 0.0164020
18 0.4306139 0.5365569 0.0284335 0.0164020
4 0.2871542 0.5956042 0.0284334 0.0164020
30 0.3595303 0.5956042 0.0284335 0.0164020
34 0.4306139 0.5950575 0.0672063 0.0590473
5 0.4306139 0.5956042 0.0284335 0.0164020
8 0.5042824 0.5956042 0.0284334 0.0164020
2 0.5766584 0.5956042 0.0284335 0.0164020
7 0.6490345 0.5956042 0.0284334 0.0164020
31 0.2147782 0.6546516 0.0284335 0.0164020
17 0.3595303 0.6546516 0.0284335 0.0164020
19 0.4306139 0.6546516 0.0284335 0.0164020
14 0.5042824 0.6546516 0.0284334 0.0164020
27 0.5766584 0.6546516 0.0284335 0.0164020
29 0.6490345 0.6546516 0.0284334 0.0164020
23 0.2147782 0.7136988 0.0284335 0.0164020
24 0.3595303 0.7136988 0.0284335 0.0164020
26 0.5766584 0.7136988 0.0284335 0.0164020
10 0.6490345 0.7136988 0.0284334 0.0164020
25 0.3595303 0.7727461 0.0284335 0.0164020
6 0.4306139 0.7727461 0.0284335 0.0164020
21 0.5042824 0.7727461 0.0284334 0.0164020
15 0.5766584 0.7727461 0.0284335 0.0164020
22 0.6490345 0.7727461 0.0284334 0.0164020
22 0.5766584 0.5365569 0.0284335 0.0164020
1 0.6490345 0.5365569 0.0284334 0.0164020
4 0.2147782 0.5956042 0.0284335 0.0164020
25 0.4306139 0.7136988 0.0284335 0.0164020
15 0.2871542 0.6546516 0.0284334 0.0164020
2 0.5042824 0.7136988 0.0284334 0.0164020
11 0.6490345 0.4775097 0.0284334 0.0164020
14 0.2871542 0.7727461 0.0284334 0.0164020
25 0.3595303 0.4775097 0.0284335 0.0164020
31 0.2147782 0.5365569 0.0284335 0.0164020
16 0.2871542 0.7136988 0.0284334 0.0164020
