25 0.1034011 0.2761750 0.0285500 0.0172921
18 0.1034011 0.4629295 0.0285500 0.0172921
32 0.3233658 0.4058656 0.5255795 0.4426772
25 0.1760738 0.2761750 0.0285500 0.0172921
18 0.3201215 0.2761750 0.0285500 0.0172921
11 0.3940919 0.2761750 0.0285500 0.0172921
20 0.4667647 0.2761750 0.0285500 0.0172921
22 0.1760738 0.3384265 0.0285500 0.0172921
21 0.2487465 0.3384265 0.0285500 0.0172921
19 0.3201215 0.3384265 0.0285500 0.0172921
1 0.3940919 0.3384265 0.0285500 0.0172921
5 0.4667647 0.3384265 0.0285500 0.0172921
12 0.1034011 0.4006780 0.0285500 0.0172921
29 0.1760738 0.4006780 0.0285500 0.0172921
17 0.2487465 0.4006780 0.0285500 0.0172921
8 0.3201215 0.4006780 0.0285500 0.0172921
9 0.4667647 0.4006780 0.0285500 0.0172921
16 0.3201215 0.4629295 0.0285500 0.0172921
31 0.3940919 0.4629295 0.0285500 0.0172921
23 0.4667647 0.4629295 0.0285500 0.0172921
30 0.1034011 0.5251810 0.0285500 0.0172921
14 0.1760738 0.5251810 0.0285500 0.0172921
7 0.3201215 0.5251810 0.0285500 0.0172921
10 0.4667647 0.5251810 0.0285500 0.0172921
27 0.5394374 0.5251810 0.0285500 0.0172921
13 0.1034011 0.5874325 0.0285500 0.0172921
6 0.2487465 0.5874325 0.0285500 0.0172921
34 0.3201215 0.5868561 0.0674818 0.0622515
8 0.3201215 0.5874325 0.0285500 0.0172921
2 0.3940919 0.5874325 0.0285500 0.0172921
26 0.4667647 0.5874325 0.0285500 0.0172921
3 0.5394374 0.5874325 0.0285500 0.0172921
21 0.1034011 0.3384265 0.0285500 0.0172921
25 0.3940919 0.5251810 0.0285500 0.0172921
10 0.5394374 0.4629295 0.0285500 0.0172921
20 0.5394374 0.3384265 0.0285500 0.0172921
31 0.2487465 0.4629295 0.0285500 0.0172921
20 0.5394374 0.4006780 0.0285500 0.0172921
21 0.3940919 0.4006780 0.0285500 0.0172921
13 0.2487465 0.5251810 0.0285500 0.0172921
31 0.1760738 0.5874325 0.0285500 0.0172921
26 0.1760738 0.4629295 0.0285500 0.0172921
21 0.5394374 0.2761750 0.0285500 0.0172921
9 0.2487465 0.2761750 0.0285500 0.0172921
