14 0.1409671 0.3470417 0.0268787 0.0172814
4 0.2093855 0.5958932 0.0268787 0.0172814
32 0.2796365 0.4766519 0.4948117 0.4424028
29 0.2765821 0.3470417 0.0268787 0.0172814
1 0.4830591 0.3470417 0.0268787 0.0172814
31 0.0725487 0.4092546 0.0268787 0.0172814
23 0.1409671 0.4092546 0.0268787 0.0172814
9 0.2093855 0.4092546 0.0268787 0.0172814
18 0.2765821 0.4092546 0.0268787 0.0172814
22 0.3462223 0.4092546 0.0268787 0.0172814
16 0.4146407 0.4092546 0.0268787 0.0172814
21 0.0725487 0.4714675 0.0268787 0.0172814
14 0.1409671 0.4714675 0.0268787 0.0172814
5 0.2093855 0.4714675 0.0268787 0.0172814
3 0.2765821 0.4714675 0.0268787 0.0172814
12 0.4146407 0.4714675 0.0268787 0.0172814
13 0.4830591 0.4714675 0.0268787 0.0172814
6 0.2093855 0.5336804 0.0268787 0.0172814
33 0.2765821 0.5331043 0.0635314 0.0622129
22 0.2765821 0.5336804 0.0268787 0.0172814
15 0.3462223 0.5336804 0.0268787 0.0172814
20 0.4146407 0.5336804 0.0268787 0.0172814
24 0.4830591 0.5336804 0.0268787 0.0172814
4 0.0725487 0.5958932 0.0268787 0.0172814
11 0.3462223 0.5958932 0.0268787 0.0172814
8 0.4146407 0.5958932 0.0268787 0.0172814
7 0.4830591 0.5958932 0.0268787 0.0172814
19 0.0725487 0.6581061 0.0268787 0.0172814
26 0.1409671 0.6581061 0.0268787 0.0172814
10 0.2765821 0.6581061 0.0268787 0.0172814
30 0.4146407 0.6581061 0.0268787 0.0172814
2 0.4830591 0.6581061 0.0268787 0.0172814
6 0.4146407 0.3470417 0.0268787 0.0172814
12 0.2093855 0.6581061 0.0268787 0.0172814
10 0.3462223 0.4714675 0.0268787 0.0172814
19 0.3462223 0.3470417 0.0268787 0.0172814
1 0.0725487 0.5336804 0.0268787 0.0172814
17 0.2765821 0.5958932 0.0268787 0.0172814
26 0.2093855 0.3470417 0.0268787 0.0172814
4 0.1409671 0.5336804 0.0268787 0.0172814
31 0.0725487 0.3470417 0.0268787 0.0172814
13 0.1409671 0.5958932 0.0268787 0.0172814
28 0.3462223 0.6581061 0.0268787 0.0172814
12 0.4830591 0.4092546 0.0268787 0.0172814
