3 0.3281401 0.7461351 0.0288357 0.0165796
5 0.4015400 0.6864487 0.0288357 0.0165796
32 0.4769061 0.5720498 0.5308388 0.4244362
6 0.4015400 0.4477033 0.0288357 0.0165795
29 0.6217398 0.4477033 0.0288357 0.0165795
4 0.6951398 0.4477033 0.0288357 0.0165795
34 0.3274847 0.5068370 0.0668464 0.0596863
2 0.3281401 0.5073897 0.0288357 0.0165795
25 0.4015400 0.5073897 0.0288357 0.0165795
20 0.4736292 0.5073897 0.0288357 0.0165795
24 0.5483398 0.5073897 0.0288357 0.0165795
19 0.6217398 0.5073897 0.0288357 0.0165795
1 0.2547401 0.5670760 0.0288357 0.0165796
11 0.3281401 0.5670760 0.0288357 0.0165796
26 0.4015400 0.5670760 0.0288357 0.0165796
2 0.5483398 0.5670760 0.0288357 0.0165796
23 0.6217398 0.5670760 0.0288357 0.0165796
21 0.6951398 0.5670760 0.0288357 0.0165796
12 0.2547401 0.6267624 0.0288357 0.0165795
31 0.3281401 0.6267624 0.0288357 0.0165795
7 0.4015400 0.6267624 0.0288357 0.0165795
5 0.4736292 0.6267624 0.0288357 0.0165795
9 0.6217398 0.6267624 0.0288357 0.0165795
14 0.2547401 0.6864487 0.0288357 0.0165796
22 0.3281401 0.6864487 0.0288357 0.0165796
17 0.4736292 0.6864487 0.0288357 0.0165796
30 0.6951398 0.6864487 0.0288357 0.0165796
16 0.2547401 0.7461351 0.0288357 0.0165796
10 0.4015400 0.7461351 0.0288357 0.0165796
18 0.5483398 0.7461351 0.0288357 0.0165796
3 0.6217398 0.7461351 0.0288357 0.0165796
13 0.6951398 0.7461351 0.0288357 0.0165796
19 0.6951398 0.5073897 0.0288357 0.0165795
7 0.5483398 0.4477033 0.0288357 0.0165795
15 0.2547401 0.5073897 0.0288357 0.0165795
5 0.6951398 0.6267624 0.0288357 0.0165795
31 0.5483398 0.6864487 0.0288357 0.0165796
19 0.2547401 0.4477033 0.0288357 0.0165795
13 0.4736292 0.5670760 0.0288357 0.0165796
25 0.4736292 0.7461351 0.0288357 0.0165796
2 0.5483398 0.6267624 0.0288357 0.0165795
27 0.4736292 0.4477033 0.0288357 0.0165795
4 0.3281401 0.4477033 0.0288357 0.0165795
2 0.6217398 0.6864487 0.0288357 0.0165796
