26 0.6259843 0.2706364 0.0266687 0.0171174
15 0.6938683 0.5171268 0.0266687 0.0171174
32 0.5599188 0.3990169 0.4909461 0.4382052
22 0.3544488 0.2706364 0.0266687 0.0171174
18 0.5568883 0.2706364 0.0266687 0.0171174
24 0.7617522 0.2706364 0.0266687 0.0171174
27 0.4223327 0.3322590 0.0266687 0.0171174
6 0.5568883 0.3322590 0.0266687 0.0171174
34 0.6253783 0.3316884 0.0642473 0.0616226
30 0.6259843 0.3322590 0.0266687 0.0171174
11 0.6938683 0.3322590 0.0266687 0.0171174
12 0.7617522 0.3322590 0.0266687 0.0171174
16 0.3544488 0.3938816 0.0266687 0.0171174
3 0.4223327 0.3938816 0.0266687 0.0171174
30 0.5568883 0.3938816 0.0266687 0.0171174
4 0.6259843 0.3938816 0.0266687 0.0171174
23 0.6938683 0.3938816 0.0266687 0.0171174
26 0.7617522 0.3938816 0.0266687 0.0171174
31 0.4223327 0.4555042 0.0266687 0.0171174
19 0.4902166 0.4555042 0.0266686 0.0171174
7 0.5568883 0.4555042 0.0266687 0.0171174
15 0.6938683 0.4555042 0.0266687 0.0171174
8 0.7617522 0.4555042 0.0266687 0.0171174
29 0.3544488 0.5171268 0.0266687 0.0171174
25 0.4223327 0.5171268 0.0266687 0.0171174
9 0.5568883 0.5171268 0.0266687 0.0171174
21 0.6259843 0.5171268 0.0266687 0.0171174
13 0.3544488 0.5787495 0.0266687 0.0171174
14 0.4902166 0.5787495 0.0266686 0.0171174
2 0.6259843 0.5787495 0.0266687 0.0171174
17 0.6938683 0.5787495 0.0266687 0.0171174
1 0.7617522 0.5787495 0.0266687 0.0171174
14 0.6938683 0.2706364 0.0266687 0.0171174
11 0.5568883 0.5787495 0.0266687 0.0171174
3 0.4223327 0.5787495 0.0266687 0.0171174
10 0.6259843 0.4555042 0.0266687 0.0171174
12 0.4902166 0.2706364 0.0266686 0.0171174
30 0.7617522 0.5171268 0.0266687 0.0171174
18 0.3544488 0.3322590 0.0266687 0.0171174
4 0.4902166 0.5171268 0.0266686 0.0171174
12 0.4902166 0.3322590 0.0266686 0.0171174
17 0.3544488 0.4555042 0.0266687 0.0171174
20 0.4223327 0.2706364 0.0266687 0.0171174
17 0.4902166 0.3938816 0.0266686 0.0171174
