26 0.3750291 0.4469373 0.0273982 0.0169759
31 0.5145107 0.5080505 0.0273982 0.0169759
32 0.4466380 0.5131433 0.5043758 0.4345835
31 0.2355474 0.3858239 0.0273982 0.0169759
18 0.3052882 0.3858239 0.0273982 0.0169759
15 0.5145107 0.3858239 0.0273982 0.0169759
3 0.5842516 0.3858239 0.0273982 0.0169759
29 0.6539925 0.3858239 0.0273981 0.0169759
4 0.4435246 0.4469373 0.0273982 0.0169759
7 0.5145107 0.4469373 0.0273982 0.0169759
26 0.5842516 0.4469373 0.0273982 0.0169759
19 0.2355474 0.5080505 0.0273982 0.0169759
2 0.3052882 0.5080505 0.0273982 0.0169759
27 0.3750291 0.5080505 0.0273982 0.0169759
24 0.4435246 0.5080505 0.0273982 0.0169759
14 0.5842516 0.5080505 0.0273982 0.0169759
16 0.2355474 0.5691639 0.0273982 0.0169759
17 0.3052882 0.5691639 0.0273982 0.0169759
11 0.3750291 0.5691639 0.0273982 0.0169759
10 0.4435246 0.5691639 0.0273982 0.0169759
21 0.5145107 0.5691639 0.0273982 0.0169759
25 0.5842516 0.5691639 0.0273982 0.0169759
13 0.2355474 0.6302772 0.0273982 0.0169759
6 0.3052882 0.6302772 0.0273982 0.0169759
9 0.3750291 0.6302772 0.0273982 0.0169759
8 0.5145107 0.6302772 0.0273982 0.0169759
23 0.2355474 0.6913904 0.0273982 0.0169759
20 0.3052882 0.6913904 0.0273982 0.0169759
12 0.3750291 0.6913904 0.0273982 0.0169759
33 0.5836289 0.6908246 0.0635140 0.0611133
18 0.5842516 0.6913904 0.0273982 0.0169759
22 0.6539925 0.6913904 0.0273981 0.0169759
4 0.2355474 0.4469373 0.0273982 0.0169759
15 0.5145107 0.6913904 0.0273982 0.0169759
19 0.6539925 0.5080505 0.0273981 0.0169759
21 0.4435246 0.6913904 0.0273982 0.0169759
16 0.3750291 0.3858239 0.0273982 0.0169759
25 0.5842516 0.6302772 0.0273982 0.0169759
17 0.6539925 0.6302772 0.0273981 0.0169759
15 0.4435246 0.3858239 0.0273982 0.0169759
21 0.6539925 0.5691639 0.0273981 0.0169759
25 0.6539925 0.4469373 0.0273981 0.0169759
17 0.3052882 0.4469373 0.0273982 0.0169759
16 0.4435246 0.6302772 0.0273982 0.0169759
