19 0.2796270 0.4251978 0.0264027 0.0170730
25 0.3480339 0.6095862 0.0264027 0.0170730
32 0.2826273 0.5532453 0.4860493 0.4370688
30 0.2136203 0.4251978 0.0264027 0.0170730
3 0.3480339 0.4251978 0.0264027 0.0170730
13 0.4152408 0.4251978 0.0264027 0.0170730
15 0.0792067 0.4866606 0.0264027 0.0170730
26 0.1464135 0.4866606 0.0264027 0.0170730
9 0.2796270 0.4866606 0.0264027 0.0170730
6 0.4152408 0.4866606 0.0264027 0.0170730
8 0.4824476 0.4866606 0.0264027 0.0170730
22 0.0792067 0.5481234 0.0264027 0.0170730
12 0.1464135 0.5481234 0.0264027 0.0170730
7 0.2796270 0.5481234 0.0264027 0.0170730
11 0.4152408 0.5481234 0.0264027 0.0170730
16 0.4824476 0.5481234 0.0264027 0.0170730
14 0.0792067 0.6095862 0.0264027 0.0170730
31 0.1464135 0.6095862 0.0264027 0.0170730
17 0.2136203 0.6095862 0.0264027 0.0170730
27 0.4152408 0.6095862 0.0264027 0.0170730
20 0.0792067 0.6710490 0.0264027 0.0170730
5 0.1464135 0.6710490 0.0264027 0.0170730
1 0.2136203 0.6710490 0.0264027 0.0170730
10 0.2796270 0.6710490 0.0264027 0.0170730
29 0.4152408 0.6710490 0.0264027 0.0170730
33 0.4824476 0.6704799 0.0624063 0.0614628
23 0.4824476 0.6710490 0.0264027 0.0170730
19 0.0792067 0.7325118 0.0264027 0.0170730
18 0.1464135 0.7325118 0.0264027 0.0170730
21 0.2136203 0.7325118 0.0264027 0.0170730
23 0.3480339 0.7325118 0.0264027 0.0170730
4 0.4152408 0.7325118 0.0264027 0.0170730
18 0.2796270 0.6095862 0.0264027 0.0170730
3 0.3480339 0.5481234 0.0264027 0.0170730
16 0.3480339 0.4866606 0.0264027 0.0170730
22 0.4824476 0.4251978 0.0264027 0.0170730
16 0.4824476 0.6095862 0.0264027 0.0170730
7 0.1464135 0.4251978 0.0264027 0.0170730
27 0.4824476 0.7325118 0.0264027 0.0170730
4 0.3480339 0.6710490 0.0264027 0.0170730
10 0.2136203 0.5481234 0.0264027 0.0170730
6 0.2796270 0.7325118 0.0264027 0.0170730
25 0.2136203 0.4866606 0.0264027 0.0170730
14 0.0792067 0.4251978 0.0264027 0.0170730
