21 0.5081474 0.4800135 0.0276222 0.0158651
14 0.7893913 0.3657846 0.0276221 0.0158651
32 0.6506527 0.3705442 0.5084992 0.4061469
9 0.5784583 0.2515558 0.0276222 0.0158651
29 0.7190804 0.2515558 0.0276221 0.0158651
17 0.7893913 0.2515558 0.0276221 0.0158651
8 0.8597023 0.2515558 0.0276221 0.0158651
24 0.4378364 0.3086702 0.0276222 0.0158651
23 0.5784583 0.3086702 0.0276222 0.0158651
11 0.6475138 0.3086702 0.0276222 0.0158651
6 0.7893913 0.3086702 0.0276221 0.0158651
25 0.8597023 0.3086702 0.0276221 0.0158651
30 0.5784583 0.3657846 0.0276222 0.0158651
14 0.6475138 0.3657846 0.0276222 0.0158651
10 0.7190804 0.3657846 0.0276221 0.0158651
19 0.4378364 0.4228990 0.0276222 0.0158651
4 0.5784583 0.4228990 0.0276222 0.0158651
15 0.6475138 0.4228990 0.0276222 0.0158651
31 0.7190804 0.4228990 0.0276221 0.0158651
3 0.7893913 0.4228990 0.0276221 0.0158651
2 0.8597023 0.4228990 0.0276221 0.0158651
1 0.4378364 0.4800135 0.0276222 0.0158651
33 0.7184525 0.4794846 0.0665443 0.0571144
1 0.7190804 0.4800135 0.0276221 0.0158651
16 0.7893913 0.4800135 0.0276221 0.0158651
12 0.8597023 0.4800135 0.0276221 0.0158651
22 0.4378364 0.5371279 0.0276222 0.0158651
20 0.5081474 0.5371279 0.0276222 0.0158651
27 0.5784583 0.5371279 0.0276222 0.0158651
26 0.6475138 0.5371279 0.0276222 0.0158651
5 0.7190804 0.5371279 0.0276221 0.0158651
7 0.7893913 0.5371279 0.0276221 0.0158651
22 0.6475138 0.2515558 0.0276222 0.0158651
28 0.5784583 0.4800135 0.0276222 0.0158651
9 0.5081474 0.3086702 0.0276222 0.0158651
10 0.4378364 0.3657846 0.0276222 0.0158651
16 0.4378364 0.2515558 0.0276222 0.0158651
20 0.5081474 0.4228990 0.0276222 0.0158651
24 0.7190804 0.3086702 0.0276221 0.0158651
4 0.5081474 0.3657846 0.0276222 0.0158651
6 0.8597023 0.5371279 0.0276221 0.0158651
1 0.5081474 0.2515558 0.0276222 0.0158651
22 0.8597023 0.3657846 0.0276221 0.0158651
10 0.6475138 0.4800135 0.0276222 0.0158651
