19 0.6286194 0.4861083 0.0287225 0.0167612
12 0.1899496 0.4257680 0.0287224 0.0167612
32 0.4112428 0.3704560 0.5287538 0.4290869
33 0.2624084 0.2441882 0.0665838 0.0603403
12 0.2630612 0.2447470 0.0287224 0.0167612
23 0.3361728 0.2447470 0.0287225 0.0167612
8 0.4079789 0.2447470 0.0287224 0.0167612
25 0.5555077 0.2447470 0.0287224 0.0167612
27 0.6286194 0.2447470 0.0287225 0.0167612
6 0.3361728 0.3050873 0.0287225 0.0167612
22 0.4079789 0.3050873 0.0287224 0.0167612
12 0.4823961 0.3050873 0.0287224 0.0167612
29 0.5555077 0.3050873 0.0287224 0.0167612
26 0.6286194 0.3050873 0.0287225 0.0167612
14 0.1899496 0.3654277 0.0287224 0.0167612
19 0.3361728 0.3654277 0.0287225 0.0167612
10 0.4079789 0.3654277 0.0287224 0.0167612
20 0.5555077 0.3654277 0.0287224 0.0167612
7 0.6286194 0.3654277 0.0287225 0.0167612
15 0.2630612 0.4257680 0.0287224 0.0167612
16 0.3361728 0.4257680 0.0287225 0.0167612
18 0.4823961 0.4257680 0.0287224 0.0167612
31 0.5555077 0.4257680 0.0287224 0.0167612
2 0.6286194 0.4257680 0.0287225 0.0167612
21 0.2630612 0.4861083 0.0287224 0.0167612
11 0.3361728 0.4861083 0.0287225 0.0167612
24 0.4079789 0.4861083 0.0287224 0.0167612
4 0.4823961 0.4861083 0.0287224 0.0167612
5 0.5555077 0.4861083 0.0287224 0.0167612
3 0.1899496 0.5464487 0.0287224 0.0167612
13 0.3361728 0.5464487 0.0287225 0.0167612
9 0.6286194 0.5464487 0.0287225 0.0167612
5 0.2630612 0.3050873 0.0287224 0.0167612
2 0.4823961 0.5464487 0.0287224 0.0167612
8 0.1899496 0.4861083 0.0287224 0.0167612
7 0.2630612 0.3654277 0.0287224 0.0167612
13 0.2630612 0.5464487 0.0287224 0.0167612
25 0.4079789 0.4257680 0.0287224 0.0167612
26 0.1899496 0.3050873 0.0287224 0.0167612
30 0.4823961 0.3654277 0.0287224 0.0167612
4 0.1899496 0.2447470 0.0287224 0.0167612
27 0.5555077 0.5464487 0.0287224 0.0167612
2 0.4079789 0.5464487 0.0287224 0.0167612
26 0.4823961 0.2447470 0.0287224 0.0167612
