27 0.6915382 0.3242263 0.0262041 0.0164158
7 0.7582397 0.3833230 0.0262042 0.0164157
32 0.6266233 0.4473445 0.4823948 0.4202435
23 0.4914337 0.3242263 0.0262041 0.0164158
14 0.5581352 0.3242263 0.0262041 0.0164158
4 0.7582397 0.3242263 0.0262042 0.0164158
3 0.4247322 0.3833230 0.0262041 0.0164157
15 0.4914337 0.3833230 0.0262041 0.0164157
26 0.5581352 0.3833230 0.0262041 0.0164157
2 0.6236456 0.3833230 0.0262041 0.0164157
6 0.8249413 0.3833230 0.0262042 0.0164157
1 0.4914337 0.4424198 0.0262041 0.0164157
29 0.5581352 0.4424198 0.0262041 0.0164157
25 0.6915382 0.4424198 0.0262041 0.0164157
7 0.7582397 0.4424198 0.0262042 0.0164157
24 0.8249413 0.4424198 0.0262042 0.0164157
17 0.4914337 0.5015165 0.0262041 0.0164157
31 0.6236456 0.5015165 0.0262041 0.0164157
20 0.6915382 0.5015165 0.0262041 0.0164157
10 0.7582397 0.5015165 0.0262042 0.0164157
21 0.8249413 0.5015165 0.0262042 0.0164157
12 0.4247322 0.5606133 0.0262041 0.0164157
9 0.4914337 0.5606133 0.0262041 0.0164157
13 0.5581352 0.5606133 0.0262041 0.0164157
27 0.6915382 0.5606133 0.0262041 0.0164157
18 0.7582397 0.5606133 0.0262042 0.0164157
22 0.8249413 0.5606133 0.0262042 0.0164157
34 0.4247322 0.6191627 0.0619371 0.0590967
20 0.4247322 0.6197100 0.0262041 0.0164158
5 0.5581352 0.6197100 0.0262041 0.0164158
30 0.6236456 0.6197100 0.0262041 0.0164158
16 0.7582397 0.6197100 0.0262042 0.0164158
11 0.6236456 0.3242263 0.0262041 0.0164158
7 0.4247322 0.4424198 0.0262041 0.0164157
20 0.8249413 0.3242263 0.0262042 0.0164158
26 0.8249413 0.6197100 0.0262042 0.0164158
28 0.6236456 0.4424198 0.0262041 0.0164157
9 0.6915382 0.6197100 0.0262041 0.0164158
7 0.4914337 0.6197100 0.0262041 0.0164158
27 0.4247322 0.3242263 0.0262041 0.0164158
10 0.6915382 0.3833230 0.0262041 0.0164157
14 0.6236456 0.5606133 0.0262041 0.0164157
14 0.4247322 0.5015165 0.0262041 0.0164157
16 0.5581352 0.5015165 0.0262041 0.0164157
