1 0.2785221 0.3762783 0.0270652 0.0162269
22 0.2785221 0.4346951 0.0270652 0.0162269
32 0.3492607 0.4979799 0.4982457 0.4154082
1 0.1407357 0.3762783 0.0270652 0.0162269
25 0.2096289 0.3762783 0.0270652 0.0162269
11 0.3461851 0.3762783 0.0270652 0.0162269
13 0.4163086 0.3762783 0.0270652 0.0162269
15 0.4852018 0.3762783 0.0270652 0.0162269
2 0.5540950 0.3762783 0.0270652 0.0162269
27 0.1407357 0.4346951 0.0270652 0.0162269
8 0.2096289 0.4346951 0.0270652 0.0162269
23 0.3461851 0.4346951 0.0270652 0.0162269
22 0.4852018 0.4346951 0.0270652 0.0162269
12 0.5540950 0.4346951 0.0270652 0.0162269
6 0.1407357 0.4931119 0.0270652 0.0162269
26 0.2096289 0.4931119 0.0270652 0.0162269
10 0.4163086 0.4931119 0.0270652 0.0162269
31 0.4852018 0.4931119 0.0270652 0.0162269
14 0.5540950 0.4931119 0.0270652 0.0162269
24 0.1407357 0.5515286 0.0270652 0.0162269
34 0.2090138 0.5509878 0.0627420 0.0584167
20 0.2096289 0.5515286 0.0270652 0.0162269
18 0.2785221 0.5515286 0.0270652 0.0162269
5 0.3461851 0.5515286 0.0270652 0.0162269
21 0.4163086 0.5515286 0.0270652 0.0162269
16 0.4852018 0.5515286 0.0270652 0.0162269
9 0.5540950 0.5515286 0.0270652 0.0162269
3 0.3461851 0.6099454 0.0270652 0.0162269
30 0.2096289 0.6683622 0.0270652 0.0162269
20 0.3461851 0.6683622 0.0270652 0.0162269
4 0.4852018 0.6683622 0.0270652 0.0162269
17 0.5540950 0.6683622 0.0270652 0.0162269
17 0.2785221 0.6099454 0.0270652 0.0162269
18 0.3461851 0.4931119 0.0270652 0.0162269
9 0.2096289 0.6099454 0.0270652 0.0162269
27 0.4163086 0.4346951 0.0270652 0.0162269
15 0.1407357 0.6683622 0.0270652 0.0162269
25 0.4163086 0.6099454 0.0270652 0.0162269
1 0.2785221 0.6683622 0.0270652 0.0162269
13 0.2785221 0.4931119 0.0270652 0.0162269
14 0.4852018 0.6099454 0.0270652 0.0162269
28 0.5540950 0.6099454 0.0270652 0.0162269
26 0.4163086 0.6683622 0.0270652 0.0162269
19 0.1407357 0.6099454 0.0270652 0.0162269
