13 0.1807928 0.5901704 0.0284682 0.0168877
29 0.3981863 0.4685792 0.0284682 0.0168876
32 0.3276628 0.5344411 0.5240735 0.4323241
24 0.1807928 0.4077836 0.0284682 0.0168876
1 0.2532573 0.4077836 0.0284682 0.0168876
33 0.3244278 0.4072207 0.0672884 0.0607956
27 0.3244278 0.4077836 0.0284682 0.0168876
16 0.3981863 0.4077836 0.0284682 0.0168876
2 0.4706507 0.4077836 0.0284682 0.0168876
3 0.1083283 0.4685792 0.0284682 0.0168876
29 0.2532573 0.4685792 0.0284682 0.0168876
30 0.4706507 0.4685792 0.0284682 0.0168876
8 0.5431152 0.4685792 0.0284682 0.0168876
12 0.1083283 0.5293747 0.0284682 0.0168876
9 0.1807928 0.5293747 0.0284682 0.0168876
22 0.2532573 0.5293747 0.0284682 0.0168876
31 0.3244278 0.5293747 0.0284682 0.0168876
25 0.1083283 0.5901704 0.0284682 0.0168877
21 0.3244278 0.5901704 0.0284682 0.0168877
6 0.4706507 0.5901704 0.0284682 0.0168877
5 0.5431152 0.5901704 0.0284682 0.0168877
20 0.1083283 0.6509658 0.0284682 0.0168877
15 0.1807928 0.6509658 0.0284682 0.0168877
7 0.2532573 0.6509658 0.0284682 0.0168877
13 0.3244278 0.6509658 0.0284682 0.0168877
10 0.3981863 0.6509658 0.0284682 0.0168877
17 0.4706507 0.6509658 0.0284682 0.0168877
11 0.5431152 0.6509658 0.0284682 0.0168877
27 0.1083283 0.7117615 0.0284682 0.0168877
23 0.2532573 0.7117615 0.0284682 0.0168877
14 0.3981863 0.7117615 0.0284682 0.0168877
4 0.5431152 0.7117615 0.0284682 0.0168877
22 0.1083283 0.4077836 0.0284682 0.0168876
16 0.3981863 0.5901704 0.0284682 0.0168877
8 0.5431152 0.5293747 0.0284682 0.0168876
1 0.4706507 0.7117615 0.0284682 0.0168877
27 0.4706507 0.5293747 0.0284682 0.0168876
8 0.3244278 0.7117615 0.0284682 0.0168877
13 0.3981863 0.5293747 0.0284682 0.0168876
8 0.3244278 0.4685792 0.0284682 0.0168876
11 0.1807928 0.7117615 0.0284682 0.0168877
8 0.5431152 0.4077836 0.0284682 0.0168876
30 0.2532573 0.5901704 0.0284682 0.0168877
19 0.1807928 0.4685792 0.0284682 0.0168876
