5 0.5724335 0.6654745 0.0287928 0.0169686
21 0.3525609 0.7265615 0.0287928 0.0169686
32 0.4278149 0.5483911 0.5300499 0.4343963
30 0.2059792 0.4211266 0.0287928 0.0169686
23 0.2792701 0.4211266 0.0287928 0.0169686
2 0.3525609 0.4211266 0.0287928 0.0169686
10 0.4245430 0.4211266 0.0287928 0.0169686
29 0.4991426 0.4211266 0.0287928 0.0169686
1 0.6457243 0.4211266 0.0287928 0.0169686
7 0.2059792 0.4822135 0.0287928 0.0169686
11 0.2792701 0.4822135 0.0287928 0.0169686
3 0.3525609 0.4822135 0.0287928 0.0169686
15 0.4245430 0.4822135 0.0287928 0.0169686
6 0.4991426 0.4822135 0.0287928 0.0169686
34 0.6457243 0.4816479 0.0680558 0.0610870
8 0.6457243 0.4822135 0.0287928 0.0169686
5 0.2059792 0.5433005 0.0287928 0.0169687
4 0.4245430 0.5433005 0.0287928 0.0169687
13 0.5724335 0.5433005 0.0287928 0.0169687
27 0.6457243 0.5433005 0.0287928 0.0169687
16 0.2059792 0.6043875 0.0287928 0.0169687
24 0.2792701 0.6043875 0.0287928 0.0169687
18 0.4245430 0.6043875 0.0287928 0.0169687
12 0.6457243 0.6043875 0.0287928 0.0169687
8 0.3525609 0.6654745 0.0287928 0.0169686
22 0.4991426 0.6654745 0.0287928 0.0169686
25 0.2059792 0.7265615 0.0287928 0.0169686
17 0.2792701 0.7265615 0.0287928 0.0169686
19 0.4245430 0.7265615 0.0287928 0.0169686
9 0.4991426 0.7265615 0.0287928 0.0169686
26 0.5724335 0.7265615 0.0287928 0.0169686
21 0.6457243 0.7265615 0.0287928 0.0169686
24 0.3525609 0.6043875 0.0287928 0.0169687
8 0.2059792 0.6654745 0.0287928 0.0169686
26 0.4245430 0.6654745 0.0287928 0.0169686
11 0.5724335 0.4822135 0.0287928 0.0169686
4 0.2792701 0.6654745 0.0287928 0.0169686
27 0.4991426 0.6043875 0.0287928 0.0169687
21 0.2792701 0.5433005 0.0287928 0.0169687
7 0.5724335 0.6043875 0.0287928 0.0169687
19 0.4991426 0.5433005 0.0287928 0.0169687
11 0.6457243 0.6654745 0.0287928 0.0169686
27 0.3525609 0.5433005 0.0287928 0.0169687
9 0.5724335 0.4211266 0.0287928 0.0169686
