17 0.5311580 0.5256261 0.0285726 0.0172246
4 0.4584278 0.2775926 0.0285726 0.0172245
32 0.3149155 0.3447683 0.5259951 0.4409484
17 0.1675070 0.2155843 0.0285726 0.0172246
1 0.3116686 0.2155843 0.0285726 0.0172246
10 0.3856976 0.2155843 0.0285726 0.0172246
22 0.4584278 0.2155843 0.0285726 0.0172246
9 0.5311580 0.2155843 0.0285726 0.0172246
18 0.0947768 0.2775926 0.0285726 0.0172245
4 0.1675070 0.2775926 0.0285726 0.0172245
23 0.2402372 0.2775926 0.0285726 0.0172245
25 0.3116686 0.2775926 0.0285726 0.0172245
15 0.3856976 0.2775926 0.0285726 0.0172245
12 0.5311580 0.2775926 0.0285726 0.0172245
3 0.0947768 0.3396010 0.0285726 0.0172245
8 0.5311580 0.3396010 0.0285726 0.0172245
14 0.0947768 0.4016093 0.0285726 0.0172246
20 0.1675070 0.4016093 0.0285726 0.0172246
11 0.3116686 0.4016093 0.0285726 0.0172246
13 0.3856976 0.4016093 0.0285726 0.0172246
30 0.4584278 0.4016093 0.0285726 0.0172246
19 0.5311580 0.4016093 0.0285726 0.0172246
5 0.0947768 0.4636177 0.0285726 0.0172245
21 0.1675070 0.4636177 0.0285726 0.0172245
31 0.3116686 0.4636177 0.0285726 0.0172245
6 0.4584278 0.4636177 0.0285726 0.0172245
16 0.5311580 0.4636177 0.0285726 0.0172245
33 0.1668576 0.5250519 0.0662364 0.0620084
29 0.1675070 0.5256261 0.0285726 0.0172246
29 0.2402372 0.5256261 0.0285726 0.0172246
27 0.3856976 0.5256261 0.0285726 0.0172246
7 0.4584278 0.5256261 0.0285726 0.0172246
9 0.3116686 0.3396010 0.0285726 0.0172245
5 0.3856976 0.4636177 0.0285726 0.0172245
5 0.3116686 0.5256261 0.0285726 0.0172246
18 0.1675070 0.3396010 0.0285726 0.0172245
11 0.0947768 0.5256261 0.0285726 0.0172246
15 0.2402372 0.2155843 0.0285726 0.0172246
4 0.3856976 0.3396010 0.0285726 0.0172245
9 0.0947768 0.2155843 0.0285726 0.0172246
4 0.4584278 0.3396010 0.0285726 0.0172245
24 0.2402372 0.4016093 0.0285726 0.0172246
22 0.2402372 0.3396010 0.0285726 0.0172245
8 0.2402372 0.4636177 0.0285726 0.0172245
