3 0.6931052 0.4448026 0.0264168 0.0161142
29 0.6931052 0.6188356 0.0264168 0.0161142
32 0.5604209 0.5076478 0.4863087 0.4125228
13 0.4241344 0.3867916 0.0264167 0.0161142
17 0.6258625 0.3867916 0.0264167 0.0161142
12 0.7603478 0.3867916 0.0264168 0.0161142
10 0.3568917 0.4448026 0.0264167 0.0161142
2 0.4241344 0.4448026 0.0264167 0.0161142
8 0.4913771 0.4448026 0.0264168 0.0161142
14 0.5574191 0.4448026 0.0264167 0.0161142
23 0.6258625 0.4448026 0.0264167 0.0161142
16 0.7603478 0.4448026 0.0264168 0.0161142
1 0.3568917 0.5028136 0.0264167 0.0161142
26 0.4241344 0.5028136 0.0264167 0.0161142
6 0.4913771 0.5028136 0.0264168 0.0161142
11 0.5574191 0.5028136 0.0264167 0.0161142
33 0.6252621 0.5022764 0.0636404 0.0580110
22 0.6258625 0.5028136 0.0264167 0.0161142
25 0.6931052 0.5028136 0.0264168 0.0161142
31 0.3568917 0.5608246 0.0264167 0.0161142
9 0.4241344 0.5608246 0.0264167 0.0161142
29 0.5574191 0.5608246 0.0264167 0.0161142
27 0.6931052 0.5608246 0.0264168 0.0161142
3 0.4913771 0.6188356 0.0264168 0.0161142
24 0.5574191 0.6188356 0.0264167 0.0161142
18 0.6258625 0.6188356 0.0264167 0.0161142
21 0.7603478 0.6188356 0.0264168 0.0161142
20 0.3568917 0.6768467 0.0264167 0.0161142
19 0.4241344 0.6768467 0.0264167 0.0161142
4 0.4913771 0.6768467 0.0264168 0.0161142
30 0.6931052 0.6768467 0.0264168 0.0161142
22 0.7603478 0.6768467 0.0264168 0.0161142
27 0.3568917 0.6188356 0.0264167 0.0161142
16 0.4241344 0.6188356 0.0264167 0.0161142
1 0.6258625 0.5608246 0.0264167 0.0161142
12 0.4913771 0.3867916 0.0264168 0.0161142
2 0.5574191 0.3867916 0.0264167 0.0161142
10 0.7603478 0.5028136 0.0264168 0.0161142
22 0.7603478 0.5608246 0.0264168 0.0161142
1 0.6258625 0.6768467 0.0264167 0.0161142
11 0.3568917 0.3867916 0.0264167 0.0161142
4 0.4913771 0.5608246 0.0264168 0.0161142
2 0.5574191 0.6768467 0.0264167 0.0161142
27 0.6931052 0.3867916 0.0264168 0.0161142
