13 0.4450784 0.5087120 0.0285618 0.0161405
2 0.3710775 0.5668179 0.0285618 0.0161405
32 0.3743231 0.5716601 0.5257964 0.4131979
18 0.1542676 0.4506060 0.0285618 0.0161405
25 0.2996730 0.4506060 0.0285618 0.0161405
27 0.3710775 0.4506060 0.0285618 0.0161405
2 0.5904839 0.4506060 0.0285618 0.0161405
23 0.2996730 0.5087120 0.0285618 0.0161405
13 0.3710775 0.5087120 0.0285618 0.0161405
24 0.5177811 0.5087120 0.0285618 0.0161405
26 0.5904839 0.5087120 0.0285618 0.0161405
16 0.1542676 0.5668179 0.0285618 0.0161405
22 0.2269703 0.5668179 0.0285618 0.0161405
8 0.2996730 0.5668179 0.0285618 0.0161405
9 0.4450784 0.5668179 0.0285618 0.0161405
12 0.5177811 0.5668179 0.0285618 0.0161405
7 0.5904839 0.5668179 0.0285618 0.0161405
14 0.1542676 0.6249238 0.0285618 0.0161405
31 0.2269703 0.6249238 0.0285618 0.0161405
11 0.4450784 0.6249238 0.0285618 0.0161405
33 0.5171320 0.6243859 0.0662114 0.0581059
5 0.5177811 0.6249238 0.0285618 0.0161405
1 0.1542676 0.6830299 0.0285618 0.0161405
4 0.2269703 0.6830299 0.0285618 0.0161405
17 0.2996730 0.6830299 0.0285618 0.0161405
10 0.5904839 0.6830299 0.0285618 0.0161405
30 0.1542676 0.7411358 0.0285618 0.0161405
3 0.2996730 0.7411358 0.0285618 0.0161405
6 0.3710775 0.7411358 0.0285618 0.0161405
20 0.4450784 0.7411358 0.0285618 0.0161405
29 0.5177811 0.7411358 0.0285618 0.0161405
21 0.5904839 0.7411358 0.0285618 0.0161405
20 0.3710775 0.6830299 0.0285618 0.0161405
15 0.2996730 0.6249238 0.0285618 0.0161405
31 0.3710775 0.6249238 0.0285618 0.0161405
8 0.2269703 0.7411358 0.0285618 0.0161405
7 0.5904839 0.6249238 0.0285618 0.0161405
10 0.5177811 0.6830299 0.0285618 0.0161405
25 0.5177811 0.4506060 0.0285618 0.0161405
15 0.2269703 0.5087120 0.0285618 0.0161405
30 0.1542676 0.5087120 0.0285618 0.0161405
1 0.2269703 0.4506060 0.0285618 0.0161405
20 0.4450784 0.6830299 0.0285618 0.0161405
31 0.4450784 0.4506060 0.0285618 0.0161405
