4 0.4656496 0.6482480 0.0268597 0.0167468
7 0.5327989 0.7688247 0.0268597 0.0167468
32 0.5358512 0.5929837 0.4944632 0.4287170
29 0.3972794 0.4673830 0.0268597 0.0167468
10 0.5327989 0.4673830 0.0268597 0.0167468
23 0.6023901 0.4673830 0.0268597 0.0167468
15 0.6707603 0.4673830 0.0268597 0.0167468
21 0.7391305 0.4673830 0.0268597 0.0167468
26 0.3289092 0.5276714 0.0268597 0.0167468
31 0.3972794 0.5276714 0.0268597 0.0167468
13 0.4656496 0.5276714 0.0268597 0.0167468
24 0.5327989 0.5276714 0.0268597 0.0167468
1 0.6023901 0.5276714 0.0268597 0.0167468
8 0.6707603 0.5276714 0.0268597 0.0167468
20 0.7391305 0.5276714 0.0268597 0.0167468
18 0.3972794 0.5879597 0.0268597 0.0167468
27 0.4656496 0.5879597 0.0268597 0.0167468
3 0.6023901 0.5879597 0.0268597 0.0167468
14 0.6707603 0.5879597 0.0268597 0.0167468
5 0.3289092 0.6482480 0.0268597 0.0167468
33 0.3966689 0.6476898 0.0622657 0.0602884
3 0.3972794 0.6482480 0.0268597 0.0167468
6 0.6707603 0.6482480 0.0268597 0.0167468
7 0.3289092 0.7085364 0.0268597 0.0167468
9 0.5327989 0.7085364 0.0268597 0.0167468
12 0.6707603 0.7085364 0.0268597 0.0167468
16 0.7391305 0.7085364 0.0268597 0.0167468
19 0.3289092 0.7688247 0.0268597 0.0167468
30 0.3972794 0.7688247 0.0268597 0.0167468
4 0.4656496 0.7688247 0.0268597 0.0167468
17 0.6707603 0.7688247 0.0268597 0.0167468
2 0.7391305 0.7688247 0.0268597 0.0167468
22 0.5327989 0.5879597 0.0268597 0.0167468
7 0.5327989 0.6482480 0.0268597 0.0167468
27 0.7391305 0.6482480 0.0268597 0.0167468
24 0.6023901 0.7085364 0.0268597 0.0167468
3 0.4656496 0.7085364 0.0268597 0.0167468
18 0.4656496 0.4673830 0.0268597 0.0167468
7 0.3289092 0.4673830 0.0268597 0.0167468
2 0.6023901 0.7688247 0.0268597 0.0167468
20 0.6023901 0.6482480 0.0268597 0.0167468
16 0.3289092 0.5879597 0.0268597 0.0167468
11 0.3972794 0.7085364 0.0268597 0.0167468
26 0.7391305 0.5879597 0.0268597 0.0167468
