3 0.3545330 0.7725415 0.0271713 0.0170720
1 0.4928597 0.7110822 0.0271713 0.0170720
32 0.5638757 0.5932853 0.5001992 0.4370437
31 0.5607880 0.4652452 0.0271713 0.0170720
18 0.6311864 0.4652452 0.0271712 0.0170720
10 0.7003497 0.4652452 0.0271713 0.0170720
19 0.7695131 0.4652452 0.0271713 0.0170720
26 0.3545330 0.5267044 0.0271713 0.0170720
5 0.4236964 0.5267044 0.0271713 0.0170720
8 0.6311864 0.5267044 0.0271712 0.0170720
1 0.7695131 0.5267044 0.0271713 0.0170720
4 0.3545330 0.5881637 0.0271713 0.0170720
2 0.4236964 0.5881637 0.0271713 0.0170720
27 0.4928597 0.5881637 0.0271713 0.0170720
6 0.5607880 0.5881637 0.0271713 0.0170720
25 0.6311864 0.5881637 0.0271712 0.0170720
7 0.7003497 0.5881637 0.0271713 0.0170720
17 0.3545330 0.6496229 0.0271713 0.0170720
30 0.4236964 0.6496229 0.0271713 0.0170720
14 0.5607880 0.6496229 0.0271713 0.0170720
24 0.7003497 0.6496229 0.0271713 0.0170720
34 0.7695131 0.6490539 0.0642231 0.0614593
25 0.7695131 0.6496229 0.0271713 0.0170720
21 0.3545330 0.7110822 0.0271713 0.0170720
3 0.4236964 0.7110822 0.0271713 0.0170720
13 0.5607880 0.7110822 0.0271713 0.0170720
22 0.6311864 0.7110822 0.0271712 0.0170720
12 0.7003497 0.7110822 0.0271713 0.0170720
23 0.7695131 0.7110822 0.0271713 0.0170720
9 0.4928597 0.7725415 0.0271713 0.0170720
15 0.5607880 0.7725415 0.0271713 0.0170720
16 0.4928597 0.4652452 0.0271713 0.0170720
12 0.7003497 0.5267044 0.0271713 0.0170720
18 0.4236964 0.7725415 0.0271713 0.0170720
14 0.4928597 0.5267044 0.0271713 0.0170720
16 0.4928597 0.6496229 0.0271713 0.0170720
25 0.7695131 0.5881637 0.0271713 0.0170720
4 0.6311864 0.6496229 0.0271712 0.0170720
22 0.7003497 0.7725415 0.0271713 0.0170720
8 0.5607880 0.5267044 0.0271713 0.0170720
5 0.3545330 0.4652452 0.0271713 0.0170720
20 0.7695131 0.7725415 0.0271713 0.0170720
22 0.4236964 0.4652452 0.0271713 0.0170720
18 0.6311864 0.7725415 0.0271712 0.0170720
