27 0.2887431 0.6358306 0.0284521 0.0162864
11 0.2887431 0.6944619 0.0284521 0.0162865
32 0.2919763 0.5234540 0.5237767 0.4169336
4 0.0727660 0.4013055 0.0284521 0.0162865
15 0.1451895 0.4013055 0.0284521 0.0162865
16 0.2176129 0.4013055 0.0284521 0.0162865
3 0.2887431 0.4013055 0.0284521 0.0162865
13 0.3624598 0.4013055 0.0284520 0.0162865
19 0.5073067 0.4013055 0.0284521 0.0162865
7 0.0727660 0.4599368 0.0284521 0.0162865
27 0.1451895 0.4599368 0.0284521 0.0162865
5 0.2176129 0.4599368 0.0284521 0.0162865
23 0.2887431 0.4599368 0.0284521 0.0162865
9 0.3624598 0.4599368 0.0284520 0.0162865
25 0.4348833 0.4599368 0.0284521 0.0162865
30 0.2176129 0.5185681 0.0284521 0.0162865
24 0.2887431 0.5185681 0.0284521 0.0162865
22 0.4348833 0.5185681 0.0284521 0.0162865
31 0.5073067 0.5185681 0.0284521 0.0162865
12 0.0727660 0.5771994 0.0284521 0.0162865
26 0.1451895 0.5771994 0.0284521 0.0162865
33 0.2176129 0.5766565 0.0672503 0.0586313
26 0.2176129 0.5771994 0.0284521 0.0162865
2 0.3624598 0.5771994 0.0284520 0.0162865
1 0.4348833 0.5771994 0.0284521 0.0162865
18 0.2176129 0.6358306 0.0284521 0.0162864
14 0.3624598 0.6358306 0.0284520 0.0162864
8 0.5073067 0.6358306 0.0284521 0.0162864
17 0.3624598 0.6944619 0.0284520 0.0162865
29 0.4348833 0.6944619 0.0284521 0.0162865
20 0.5073067 0.6944619 0.0284521 0.0162865
2 0.5073067 0.4599368 0.0284521 0.0162865
5 0.3624598 0.5185681 0.0284520 0.0162865
19 0.0727660 0.6944619 0.0284521 0.0162865
22 0.2176129 0.6944619 0.0284521 0.0162865
1 0.2887431 0.5771994 0.0284521 0.0162865
7 0.1451895 0.5185681 0.0284521 0.0162865
8 0.4348833 0.6358306 0.0284521 0.0162864
15 0.5073067 0.5771994 0.0284521 0.0162865
19 0.1451895 0.6358306 0.0284521 0.0162864
12 0.0727660 0.6358306 0.0284521 0.0162864
19 0.1451895 0.6944619 0.0284521 0.0162865
1 0.0727660 0.5185681 0.0284521 0.0162865
22 0.4348833 0.4013055 0.0284521 0.0162865
