3 0.2074465 0.6428071 0.0286042 0.0161697
19 0.1346359 0.7010179 0.0286042 0.0161696
32 0.3550180 0.5894472 0.5265767 0.4139434
17 0.1346359 0.4681746 0.0286042 0.0161697
29 0.2802571 0.4681746 0.0286042 0.0161697
6 0.3517675 0.4681746 0.0286042 0.0161697
34 0.4252282 0.4676357 0.0689100 0.0582108
9 0.4258783 0.4681746 0.0286042 0.0161697
2 0.4986889 0.4681746 0.0286042 0.0161697
20 0.5714995 0.4681746 0.0286042 0.0161697
9 0.2074465 0.5263855 0.0286042 0.0161697
22 0.2802571 0.5263855 0.0286042 0.0161697
1 0.3517675 0.5263855 0.0286042 0.0161697
13 0.1346359 0.5845963 0.0286042 0.0161696
19 0.2074465 0.5845963 0.0286042 0.0161696
5 0.2802571 0.5845963 0.0286042 0.0161696
25 0.4258783 0.5845963 0.0286042 0.0161696
15 0.4986889 0.5845963 0.0286042 0.0161696
4 0.2802571 0.6428071 0.0286042 0.0161697
27 0.3517675 0.6428071 0.0286042 0.0161697
21 0.2074465 0.7010179 0.0286042 0.0161696
14 0.2802571 0.7010179 0.0286042 0.0161696
18 0.4258783 0.7010179 0.0286042 0.0161696
30 0.4986889 0.7010179 0.0286042 0.0161696
11 0.1346359 0.7592287 0.0286042 0.0161697
16 0.2074465 0.7592287 0.0286042 0.0161697
12 0.2802571 0.7592287 0.0286042 0.0161697
24 0.3517675 0.7592287 0.0286042 0.0161697
8 0.4258783 0.7592287 0.0286042 0.0161697
31 0.4986889 0.7592287 0.0286042 0.0161697
3 0.5714995 0.7592287 0.0286042 0.0161697
1 0.3517675 0.7010179 0.0286042 0.0161696
1 0.3517675 0.5845963 0.0286042 0.0161696
9 0.5714995 0.5845963 0.0286042 0.0161696
24 0.4258783 0.6428071 0.0286042 0.0161697
31 0.2074465 0.4681746 0.0286042 0.0161697
6 0.1346359 0.5263855 0.0286042 0.0161697
20 0.4258783 0.5263855 0.0286042 0.0161697
13 0.1346359 0.6428071 0.0286042 0.0161697
25 0.5714995 0.5263855 0.0286042 0.0161697
14 0.5714995 0.6428071 0.0286042 0.0161697
27 0.4986889 0.6428071 0.0286042 0.0161697
6 0.5714995 0.7010179 0.0286042 0.0161696
11 0.4986889 0.5263855 0.0286042 0.0161697
