7 0.0903477 0.4526751 0.0279122 0.0169365
16 0.5166433 0.4526751 0.0279122 0.0169365
32 0.3053986 0.4577560 0.5138385 0.4335743
18 0.0903477 0.3307323 0.0279122 0.0169365
13 0.1613969 0.3307323 0.0279122 0.0169365
12 0.2324462 0.3307323 0.0279122 0.0169365
19 0.4455940 0.3307323 0.0279122 0.0169365
5 0.0903477 0.3917037 0.0279122 0.0169365
25 0.1613969 0.3917037 0.0279122 0.0169365
20 0.3745448 0.3917037 0.0279122 0.0169365
9 0.5166433 0.3917037 0.0279122 0.0169365
31 0.1613969 0.4526751 0.0279122 0.0169365
7 0.3022268 0.4526751 0.0279122 0.0169365
33 0.3739104 0.4521105 0.0672431 0.0609714
11 0.3745448 0.4526751 0.0279122 0.0169365
6 0.4455940 0.4526751 0.0279122 0.0169365
26 0.0903477 0.5136464 0.0279122 0.0169364
21 0.1613969 0.5136464 0.0279122 0.0169364
2 0.3745448 0.5136464 0.0279122 0.0169364
10 0.4455940 0.5136464 0.0279122 0.0169364
11 0.5166433 0.5136464 0.0279122 0.0169364
27 0.0903477 0.5746178 0.0279122 0.0169365
15 0.2324462 0.5746178 0.0279122 0.0169365
29 0.3745448 0.5746178 0.0279122 0.0169365
8 0.4455940 0.5746178 0.0279122 0.0169365
17 0.5166433 0.5746178 0.0279122 0.0169365
14 0.0903477 0.6355892 0.0279122 0.0169365
24 0.1613969 0.6355892 0.0279122 0.0169365
16 0.3022268 0.6355892 0.0279122 0.0169365
1 0.4455940 0.6355892 0.0279122 0.0169365
3 0.5166433 0.6355892 0.0279122 0.0169365
16 0.3022268 0.3917037 0.0279122 0.0169365
30 0.2324462 0.4526751 0.0279122 0.0169365
13 0.5166433 0.3307323 0.0279122 0.0169365
7 0.3022268 0.3307323 0.0279122 0.0169365
22 0.3745448 0.3307323 0.0279122 0.0169365
22 0.4455940 0.3917037 0.0279122 0.0169365
27 0.3022268 0.5746178 0.0279122 0.0169365
8 0.1613969 0.5746178 0.0279122 0.0169365
12 0.3022268 0.5136464 0.0279122 0.0169364
19 0.3745448 0.6355892 0.0279122 0.0169365
11 0.2324462 0.5136464 0.0279122 0.0169364
20 0.2324462 0.6355892 0.0279122 0.0169365
14 0.2324462 0.3917037 0.0279122 0.0169365
