19 0.6191037 0.5100043 0.0280577 0.0165517
24 0.6191037 0.6291764 0.0280577 0.0165516
32 0.4781776 0.6341418 0.5165166 0.4237228
20 0.2620058 0.5100043 0.0280577 0.0165517
34 0.3327877 0.5094527 0.0650428 0.0595860
21 0.3334254 0.5100043 0.0280577 0.0165517
26 0.4048450 0.5100043 0.0280577 0.0165517
15 0.4749892 0.5100043 0.0280577 0.0165517
12 0.5476841 0.5100043 0.0280577 0.0165517
2 0.2620058 0.5695904 0.0280577 0.0165516
13 0.3334254 0.5695904 0.0280577 0.0165516
31 0.4048450 0.5695904 0.0280577 0.0165516
23 0.4749892 0.5695904 0.0280577 0.0165516
11 0.6905233 0.5695904 0.0280577 0.0165516
30 0.2620058 0.6291764 0.0280577 0.0165516
3 0.3334254 0.6291764 0.0280577 0.0165516
21 0.4048450 0.6291764 0.0280577 0.0165516
16 0.3334254 0.6887625 0.0280577 0.0165516
5 0.4048450 0.6887625 0.0280577 0.0165516
8 0.4749892 0.6887625 0.0280577 0.0165516
14 0.5476841 0.6887625 0.0280577 0.0165516
1 0.6191037 0.6887625 0.0280577 0.0165516
22 0.2620058 0.7483485 0.0280577 0.0165518
19 0.4048450 0.7483485 0.0280577 0.0165518
17 0.4749892 0.7483485 0.0280577 0.0165518
29 0.5476841 0.7483485 0.0280577 0.0165518
4 0.6191037 0.7483485 0.0280577 0.0165518
27 0.2620058 0.8079344 0.0280577 0.0165516
24 0.3334254 0.8079344 0.0280577 0.0165516
25 0.4749892 0.8079344 0.0280577 0.0165516
6 0.6905233 0.8079344 0.0280577 0.0165516
14 0.6905233 0.5100043 0.0280577 0.0165517
25 0.4749892 0.6291764 0.0280577 0.0165516
22 0.6191037 0.8079344 0.0280577 0.0165516
13 0.5476841 0.8079344 0.0280577 0.0165516
22 0.6905233 0.6887625 0.0280577 0.0165516
18 0.6905233 0.7483485 0.0280577 0.0165518
13 0.4048450 0.8079344 0.0280577 0.0165516
17 0.5476841 0.5695904 0.0280577 0.0165516
18 0.6905233 0.6291764 0.0280577 0.0165516
16 0.5476841 0.6291764 0.0280577 0.0165516
25 0.3334254 0.7483485 0.0280577 0.0165518
30 0.6191037 0.5695904 0.0280577 0.0165516
3 0.2620058 0.6887625 0.0280577 0.0165516
