26 0.7504214 0.4239947 0.0283408 0.0169075
31 0.7504214 0.3022609 0.0283408 0.0169075
32 0.6080735 0.3682001 0.5217277 0.4328314
8 0.3897208 0.2413940 0.0283408 0.0169075
24 0.4618610 0.2413940 0.0283408 0.0169075
7 0.6048530 0.2413940 0.0283408 0.0169075
11 0.7504214 0.2413940 0.0283408 0.0169075
13 0.8225616 0.2413940 0.0283408 0.0169075
23 0.3897208 0.3022609 0.0283408 0.0169075
19 0.4618610 0.3022609 0.0283408 0.0169075
10 0.5340011 0.3022609 0.0283408 0.0169075
15 0.8225616 0.3022609 0.0283408 0.0169075
20 0.3897208 0.3631278 0.0283408 0.0169075
31 0.4618610 0.3631278 0.0283408 0.0169075
25 0.5340011 0.3631278 0.0283408 0.0169075
4 0.6048530 0.3631278 0.0283408 0.0169075
14 0.7504214 0.3631278 0.0283408 0.0169075
1 0.8225616 0.3631278 0.0283408 0.0169075
5 0.3897208 0.4239947 0.0283408 0.0169075
3 0.4618610 0.4239947 0.0283408 0.0169075
17 0.5340011 0.4239947 0.0283408 0.0169075
12 0.8225616 0.4239947 0.0283408 0.0169075
16 0.3897208 0.4848616 0.0283408 0.0169075
18 0.4618610 0.4848616 0.0283408 0.0169075
33 0.6776372 0.4842981 0.0682755 0.0608669
20 0.6782813 0.4848616 0.0283408 0.0169075
29 0.3897208 0.5457285 0.0283408 0.0169075
30 0.6048530 0.5457285 0.0283408 0.0169075
9 0.6782813 0.5457285 0.0283408 0.0169075
26 0.7504214 0.5457285 0.0283408 0.0169075
27 0.8225616 0.5457285 0.0283408 0.0169075
9 0.6048530 0.4848616 0.0283408 0.0169075
17 0.8225616 0.4848616 0.0283408 0.0169075
8 0.4618610 0.5457285 0.0283408 0.0169075
26 0.5340011 0.5457285 0.0283408 0.0169075
21 0.6782813 0.3631278 0.0283408 0.0169075
18 0.6048530 0.3022609 0.0283408 0.0169075
9 0.5340011 0.2413940 0.0283408 0.0169075
28 0.7504214 0.4848616 0.0283408 0.0169075
6 0.6782813 0.4239947 0.0283408 0.0169075
16 0.5340011 0.4848616 0.0283408 0.0169075
10 0.6048530 0.4239947 0.0283408 0.0169075
18 0.6782813 0.3022609 0.0283408 0.0169075
13 0.6782813 0.2413940 0.0283408 0.0169075
