1 0.6022427 0.6141529 0.0284621 0.0163454
1 0.5297936 0.3787796 0.0284621 0.0163454
32 0.3868361 0.5013698 0.5239620 0.4184414
6 0.1675483 0.3787796 0.0284621 0.0163454
1 0.3124464 0.3787796 0.0284621 0.0163454
26 0.4573445 0.3787796 0.0284621 0.0163454
3 0.6022427 0.3787796 0.0284621 0.0163454
20 0.1675483 0.4376229 0.0284621 0.0163454
8 0.3836017 0.4376229 0.0284621 0.0163454
13 0.4573445 0.4376229 0.0284621 0.0163454
24 0.5297936 0.4376229 0.0284621 0.0163454
19 0.1675483 0.4964662 0.0284621 0.0163454
9 0.2399973 0.4964662 0.0284621 0.0163454
12 0.3124464 0.4964662 0.0284621 0.0163454
14 0.3836017 0.4964662 0.0284621 0.0163454
4 0.4573445 0.4964662 0.0284621 0.0163454
29 0.5297936 0.4964662 0.0284621 0.0163454
22 0.6022427 0.4964662 0.0284621 0.0163454
21 0.1675483 0.5553096 0.0284621 0.0163454
7 0.3124464 0.5553096 0.0284621 0.0163454
34 0.3836018 0.5547647 0.0672741 0.0588434
18 0.3836017 0.5553096 0.0284621 0.0163454
31 0.6022427 0.5553096 0.0284621 0.0163454
2 0.2399973 0.6141529 0.0284621 0.0163454
16 0.3836017 0.6141529 0.0284621 0.0163454
18 0.4573445 0.6141529 0.0284621 0.0163454
11 0.5297936 0.6141529 0.0284621 0.0163454
17 0.3124464 0.6729962 0.0284621 0.0163454
5 0.3836017 0.6729962 0.0284621 0.0163454
23 0.5297936 0.6729962 0.0284621 0.0163454
27 0.6022427 0.6729962 0.0284621 0.0163454
15 0.3836017 0.3787796 0.0284621 0.0163454
21 0.4573445 0.6729962 0.0284621 0.0163454
2 0.6022427 0.4376229 0.0284621 0.0163454
1 0.4573445 0.5553096 0.0284621 0.0163454
24 0.2399973 0.3787796 0.0284621 0.0163454
22 0.2399973 0.5553096 0.0284621 0.0163454
19 0.1675483 0.6141529 0.0284621 0.0163454
24 0.5297936 0.5553096 0.0284621 0.0163454
29 0.3124464 0.6141529 0.0284621 0.0163454
29 0.2399973 0.4376229 0.0284621 0.0163454
26 0.2399973 0.6729962 0.0284621 0.0163454
20 0.3124464 0.4376229 0.0284621 0.0163454
15 0.1675483 0.6729962 0.0284621 0.0163454
