16 0.4318640 0.2612306 0.0266280 0.0170871
28 0.2950928 0.2612306 0.0266280 0.0170871
32 0.2981187 0.3893836 0.4901976 0.4374288
14 0.0929620 0.2612306 0.0266280 0.0170871
18 0.1607424 0.2612306 0.0266280 0.0170871
31 0.2285228 0.2612306 0.0266280 0.0170871
20 0.3640836 0.2612306 0.0266280 0.0170871
25 0.4996444 0.2612306 0.0266280 0.0170871
13 0.1607424 0.3227440 0.0266280 0.0170871
7 0.2285228 0.3227440 0.0266280 0.0170871
5 0.2950928 0.3227440 0.0266280 0.0170871
22 0.3640836 0.3227440 0.0266280 0.0170871
21 0.4318640 0.3227440 0.0266280 0.0170871
26 0.4996444 0.3227440 0.0266280 0.0170871
23 0.0929620 0.3842575 0.0266280 0.0170871
6 0.2950928 0.3842575 0.0266280 0.0170871
10 0.3640836 0.3842575 0.0266280 0.0170871
11 0.4996444 0.3842575 0.0266280 0.0170871
19 0.0929620 0.4457709 0.0266280 0.0170871
34 0.2950928 0.4452013 0.0629389 0.0615134
5 0.2950928 0.4457709 0.0266280 0.0170871
1 0.3640836 0.4457709 0.0266280 0.0170871
29 0.4318640 0.4457709 0.0266280 0.0170871
8 0.4996444 0.4457709 0.0266280 0.0170871
12 0.0929620 0.5072844 0.0266280 0.0170871
15 0.1607424 0.5072844 0.0266280 0.0170871
2 0.4996444 0.5072844 0.0266280 0.0170871
17 0.0929620 0.5687978 0.0266280 0.0170871
9 0.1607424 0.5687978 0.0266280 0.0170871
3 0.2285228 0.5687978 0.0266280 0.0170871
16 0.4996444 0.5687978 0.0266280 0.0170871
4 0.2285228 0.3842575 0.0266280 0.0170871
10 0.3640836 0.5072844 0.0266280 0.0170871
21 0.1607424 0.3842575 0.0266280 0.0170871
31 0.1607424 0.4457709 0.0266280 0.0170871
2 0.4318640 0.5687978 0.0266280 0.0170871
21 0.0929620 0.3227440 0.0266280 0.0170871
21 0.2285228 0.5072844 0.0266280 0.0170871
27 0.4318640 0.3842575 0.0266280 0.0170871
28 0.4318640 0.5072844 0.0266280 0.0170871
3 0.2285228 0.4457709 0.0266280 0.0170871
9 0.2950928 0.5687978 0.0266280 0.0170871
22 0.3640836 0.5687978 0.0266280 0.0170871
28 0.2950928 0.5072844 0.0266280 0.0170871
