24 0.4099701 0.4555831 0.0273969 0.0169732
29 0.2007572 0.3944796 0.0273969 0.0169732
32 0.2723628 0.4606750 0.5043524 0.4345135
3 0.2007572 0.3333762 0.0273969 0.0169732
25 0.2692495 0.3333762 0.0273969 0.0169732
16 0.3402324 0.3333762 0.0273969 0.0169732
22 0.4099701 0.3333762 0.0273969 0.0169732
11 0.4797076 0.3333762 0.0273969 0.0169732
29 0.0612820 0.3944796 0.0273969 0.0169732
27 0.2692495 0.3944796 0.0273969 0.0169732
6 0.4099701 0.3944796 0.0273969 0.0169732
8 0.4797076 0.3944796 0.0273969 0.0169732
30 0.1310196 0.4555831 0.0273969 0.0169732
12 0.2692495 0.4555831 0.0273969 0.0169732
31 0.2007572 0.5166865 0.0273969 0.0169732
5 0.2692495 0.5166865 0.0273969 0.0169732
2 0.3402324 0.5166865 0.0273969 0.0169732
17 0.4099701 0.5166865 0.0273969 0.0169732
15 0.4797076 0.5166865 0.0273969 0.0169732
10 0.0612820 0.5777900 0.0273969 0.0169731
1 0.1310196 0.5777900 0.0273969 0.0169731
13 0.2007572 0.5777900 0.0273969 0.0169731
18 0.3402324 0.5777900 0.0273969 0.0169731
20 0.4099701 0.5777900 0.0273969 0.0169731
26 0.0612820 0.6388935 0.0273969 0.0169732
19 0.2007572 0.6388935 0.0273969 0.0169732
23 0.2692495 0.6388935 0.0273969 0.0169732
34 0.3396098 0.6383277 0.0660017 0.0611035
23 0.3402324 0.6388935 0.0273969 0.0169732
14 0.4099701 0.6388935 0.0273969 0.0169732
4 0.4797076 0.6388935 0.0273969 0.0169732
25 0.1310196 0.5166865 0.0273969 0.0169732
21 0.2007572 0.4555831 0.0273969 0.0169732
27 0.1310196 0.6388935 0.0273969 0.0169732
18 0.0612820 0.5166865 0.0273969 0.0169732
14 0.0612820 0.3333762 0.0273969 0.0169732
3 0.3402324 0.3944796 0.0273969 0.0169732
29 0.1310196 0.3333762 0.0273969 0.0169732
7 0.4797076 0.4555831 0.0273969 0.0169732
31 0.3402324 0.4555831 0.0273969 0.0169732
11 0.0612820 0.4555831 0.0273969 0.0169732
21 0.2692495 0.5777900 0.0273969 0.0169731
31 0.1310196 0.3944796 0.0273969 0.0169732
10 0.4797076 0.5777900 0.0273969 0.0169731
