8 0.4574977 0.6869903 0.0264222 0.0167008
5 0.3902414 0.4464980 0.0264221 0.0167008
32 0.3247866 0.5717544 0.4864074 0.4275420
14 0.1884724 0.4464980 0.0264221 0.0167008
15 0.2557287 0.4464980 0.0264221 0.0167008
17 0.3217841 0.4464980 0.0264221 0.0167008
12 0.4574977 0.4464980 0.0264222 0.0167008
21 0.1212161 0.5066211 0.0264221 0.0167008
31 0.1884724 0.5066211 0.0264221 0.0167008
13 0.3217841 0.5066211 0.0264221 0.0167008
9 0.5247541 0.5066211 0.0264221 0.0167008
22 0.1212161 0.5667441 0.0264221 0.0167008
8 0.1884724 0.5667441 0.0264221 0.0167008
30 0.3902414 0.5667441 0.0264221 0.0167008
3 0.4574977 0.5667441 0.0264222 0.0167008
7 0.5247541 0.5667441 0.0264221 0.0167008
20 0.1884724 0.6268673 0.0264221 0.0167008
10 0.2557287 0.6268673 0.0264221 0.0167008
18 0.3217841 0.6268673 0.0264221 0.0167008
27 0.3902414 0.6268673 0.0264221 0.0167008
19 0.5247541 0.6268673 0.0264221 0.0167008
2 0.1884724 0.6869903 0.0264221 0.0167008
24 0.2557287 0.6869903 0.0264221 0.0167008
23 0.5247541 0.6869903 0.0264221 0.0167008
4 0.1884724 0.7471134 0.0264221 0.0167008
6 0.2557287 0.7471134 0.0264221 0.0167008
34 0.3217841 0.7465567 0.0624523 0.0601230
10 0.3217841 0.7471134 0.0264221 0.0167008
1 0.3902414 0.7471134 0.0264221 0.0167008
16 0.4574977 0.7471134 0.0264222 0.0167008
29 0.5247541 0.7471134 0.0264221 0.0167008
8 0.4574977 0.5066211 0.0264222 0.0167008
9 0.2557287 0.5066211 0.0264221 0.0167008
3 0.1212161 0.6869903 0.0264221 0.0167008
22 0.1212161 0.7471134 0.0264221 0.0167008
7 0.3217841 0.6869903 0.0264221 0.0167008
2 0.4574977 0.6268673 0.0264222 0.0167008
1 0.3902414 0.5066211 0.0264221 0.0167008
11 0.2557287 0.5667441 0.0264221 0.0167008
26 0.1212161 0.6268673 0.0264221 0.0167008
26 0.1212161 0.4464980 0.0264221 0.0167008
16 0.3217841 0.5667441 0.0264221 0.0167008
2 0.5247541 0.4464980 0.0264221 0.0167008
3 0.3902414 0.6869903 0.0264221 0.0167008
