17 0.6320617 0.3554132 0.0270436 0.0167868
29 0.2190329 0.3554132 0.0270436 0.0167868
32 0.4273912 0.3604493 0.4978473 0.4297428
24 0.2878710 0.2345480 0.0270436 0.0167868
7 0.3567092 0.2345480 0.0270435 0.0167868
5 0.4243180 0.2345480 0.0270435 0.0167868
6 0.4943855 0.2345480 0.0270436 0.0167868
11 0.6320617 0.2345480 0.0270436 0.0167868
30 0.2190329 0.2949806 0.0270436 0.0167868
17 0.2878710 0.2949806 0.0270436 0.0167868
4 0.3567092 0.2949806 0.0270435 0.0167868
27 0.4243180 0.2949806 0.0270435 0.0167868
13 0.4943855 0.2949806 0.0270436 0.0167868
19 0.5632236 0.2949806 0.0270435 0.0167868
25 0.2878710 0.3554132 0.0270436 0.0167868
18 0.3567092 0.3554132 0.0270435 0.0167868
20 0.2190329 0.4158458 0.0270436 0.0167868
33 0.2872564 0.4152862 0.0626919 0.0604326
10 0.2878710 0.4158458 0.0270436 0.0167868
2 0.3567092 0.4158458 0.0270435 0.0167868
10 0.4243180 0.4158458 0.0270435 0.0167868
29 0.4943855 0.4158458 0.0270436 0.0167868
31 0.5632236 0.4158458 0.0270435 0.0167868
21 0.6320617 0.4158458 0.0270436 0.0167868
23 0.2878710 0.4762783 0.0270436 0.0167868
9 0.3567092 0.4762783 0.0270435 0.0167868
8 0.4243180 0.4762783 0.0270435 0.0167868
12 0.6320617 0.4762783 0.0270436 0.0167868
16 0.2190329 0.5367110 0.0270436 0.0167868
14 0.3567092 0.5367110 0.0270435 0.0167868
3 0.5632236 0.5367110 0.0270435 0.0167868
1 0.2878710 0.5367110 0.0270436 0.0167868
6 0.4243180 0.3554132 0.0270435 0.0167868
9 0.4943855 0.3554132 0.0270436 0.0167868
19 0.5632236 0.4762783 0.0270435 0.0167868
3 0.4943855 0.4762783 0.0270436 0.0167868
6 0.2190329 0.4762783 0.0270436 0.0167868
6 0.6320617 0.2949806 0.0270436 0.0167868
11 0.4943855 0.5367110 0.0270436 0.0167868
5 0.4243180 0.5367110 0.0270435 0.0167868
2 0.5632236 0.2345480 0.0270435 0.0167868
16 0.2190329 0.2345480 0.0270436 0.0167868
22 0.5632236 0.3554132 0.0270435 0.0167868
31 0.6320617 0.5367110 0.0270436 0.0167868
