10 0.7881184 0.3261614 0.0271999 0.0170474
20 0.4419377 0.6330138 0.0271999 0.0170473
32 0.5822645 0.4540166 0.5007255 0.4364124
20 0.3727016 0.3261614 0.0271999 0.0170474
5 0.4419377 0.3261614 0.0271999 0.0170474
18 0.5111739 0.3261614 0.0271999 0.0170474
25 0.5791736 0.3261614 0.0271999 0.0170474
23 0.3727016 0.3875318 0.0271999 0.0170473
31 0.5111739 0.3875318 0.0271999 0.0170473
22 0.6496461 0.3875318 0.0271999 0.0170473
30 0.7188822 0.3875318 0.0271999 0.0170473
16 0.3727016 0.4489023 0.0271999 0.0170474
13 0.5111739 0.4489023 0.0271999 0.0170474
17 0.6496461 0.4489023 0.0271999 0.0170474
3 0.7188822 0.4489023 0.0271999 0.0170474
27 0.7881184 0.4489023 0.0271999 0.0170474
12 0.3727016 0.5102728 0.0271999 0.0170474
34 0.5111739 0.5097046 0.0642907 0.0613705
24 0.5111739 0.5102728 0.0271999 0.0170474
2 0.5791736 0.5102728 0.0271999 0.0170474
1 0.6496461 0.5102728 0.0271999 0.0170474
26 0.3727016 0.5716433 0.0271999 0.0170473
10 0.4419377 0.5716433 0.0271999 0.0170473
8 0.5111739 0.5716433 0.0271999 0.0170473
11 0.5791736 0.5716433 0.0271999 0.0170473
19 0.7188822 0.5716433 0.0271999 0.0170473
14 0.7881184 0.5716433 0.0271999 0.0170473
6 0.3727016 0.6330138 0.0271999 0.0170473
29 0.5791736 0.6330138 0.0271999 0.0170473
21 0.6496461 0.6330138 0.0271999 0.0170473
4 0.7881184 0.6330138 0.0271999 0.0170473
10 0.4419377 0.3875318 0.0271999 0.0170473
27 0.5791736 0.3875318 0.0271999 0.0170473
27 0.7188822 0.6330138 0.0271999 0.0170473
31 0.5791736 0.4489023 0.0271999 0.0170474
3 0.5111739 0.6330138 0.0271999 0.0170473
21 0.4419377 0.4489023 0.0271999 0.0170474
9 0.7881184 0.5102728 0.0271999 0.0170474
19 0.7881184 0.3875318 0.0271999 0.0170473
3 0.6496461 0.5716433 0.0271999 0.0170473
12 0.4419377 0.5102728 0.0271999 0.0170474
11 0.7188822 0.3261614 0.0271999 0.0170474
15 0.6496461 0.3261614 0.0271999 0.0170474
7 0.7188822 0.5102728 0.0271999 0.0170474
