15 0.4887441 0.5895064 0.0284721 0.0159454
6 0.7061676 0.5895064 0.0284721 0.0159454
32 0.6356344 0.4220793 0.5241458 0.4082032
26 0.4162697 0.3024886 0.0284721 0.0159454
33 0.4880971 0.3019571 0.0660035 0.0574036
20 0.4887441 0.3024886 0.0284721 0.0159454
1 0.5612186 0.3024886 0.0284721 0.0159454
24 0.6323989 0.3024886 0.0284721 0.0159454
7 0.4162697 0.3598921 0.0284721 0.0159454
10 0.4887441 0.3598921 0.0284721 0.0159454
8 0.5612186 0.3598921 0.0284721 0.0159454
12 0.6323989 0.3598921 0.0284721 0.0159454
17 0.7786420 0.3598921 0.0284721 0.0159454
6 0.8511166 0.3598921 0.0284721 0.0159454
19 0.4162697 0.4172957 0.0284721 0.0159454
20 0.5612186 0.4172957 0.0284721 0.0159454
13 0.6323989 0.4172957 0.0284721 0.0159454
18 0.7061676 0.4172957 0.0284721 0.0159454
31 0.7786420 0.4172957 0.0284721 0.0159454
21 0.8511166 0.4172957 0.0284721 0.0159454
25 0.4887441 0.4746993 0.0284721 0.0159454
9 0.5612186 0.4746993 0.0284721 0.0159454
14 0.7061676 0.4746993 0.0284721 0.0159454
16 0.4887441 0.5321028 0.0284721 0.0159454
30 0.5612186 0.5321028 0.0284721 0.0159454
3 0.7061676 0.5321028 0.0284721 0.0159454
4 0.7786420 0.5321028 0.0284721 0.0159454
29 0.5612186 0.5895064 0.0284721 0.0159454
15 0.6323989 0.5895064 0.0284721 0.0159454
2 0.7786420 0.5895064 0.0284721 0.0159454
5 0.8511166 0.5895064 0.0284721 0.0159454
3 0.7786420 0.3024886 0.0284721 0.0159454
27 0.7786420 0.4746993 0.0284721 0.0159454
12 0.8511166 0.3024886 0.0284721 0.0159454
29 0.4162697 0.5321028 0.0284721 0.0159454
14 0.8511166 0.4746993 0.0284721 0.0159454
6 0.6323989 0.4746993 0.0284721 0.0159454
1 0.8511166 0.5321028 0.0284721 0.0159454
28 0.4162697 0.4746993 0.0284721 0.0159454
31 0.6323989 0.5321028 0.0284721 0.0159454
9 0.7061676 0.3598921 0.0284721 0.0159454
3 0.7061676 0.3024886 0.0284721 0.0159454
7 0.4162697 0.5895064 0.0284721 0.0159454
5 0.4887441 0.4172957 0.0284721 0.0159454
