3 0.4619033 0.3753986 0.0285365 0.0162521
19 0.4619033 0.5509215 0.0285365 0.0162521
32 0.4651461 0.3802742 0.5253300 0.4160542
17 0.2452857 0.2583833 0.0285365 0.0162521
16 0.3179240 0.2583833 0.0285365 0.0162521
29 0.3905622 0.2583833 0.0285365 0.0162521
12 0.4619033 0.2583833 0.0285365 0.0162521
11 0.6084769 0.2583833 0.0285365 0.0162521
20 0.6811151 0.2583833 0.0285365 0.0162521
19 0.3179240 0.3168909 0.0285365 0.0162521
15 0.4619033 0.3168909 0.0285365 0.0162521
23 0.5358387 0.3168909 0.0285365 0.0162521
10 0.6084769 0.3168909 0.0285365 0.0162521
24 0.6811151 0.3168909 0.0285365 0.0162521
34 0.2452857 0.3748568 0.0674498 0.0585076
21 0.2452857 0.3753986 0.0285365 0.0162521
4 0.3179240 0.3753986 0.0285365 0.0162521
13 0.5358387 0.3753986 0.0285365 0.0162521
1 0.6084769 0.3753986 0.0285365 0.0162521
7 0.6811151 0.3753986 0.0285365 0.0162521
5 0.2452857 0.4339062 0.0285365 0.0162521
18 0.3179240 0.4339062 0.0285365 0.0162521
2 0.6084769 0.4339062 0.0285365 0.0162521
6 0.6811151 0.4339062 0.0285365 0.0162521
27 0.3179240 0.4924138 0.0285365 0.0162521
8 0.3905622 0.4924138 0.0285365 0.0162521
14 0.5358387 0.4924138 0.0285365 0.0162521
3 0.6811151 0.4924138 0.0285365 0.0162521
22 0.2452857 0.5509215 0.0285365 0.0162521
26 0.5358387 0.5509215 0.0285365 0.0162521
30 0.6084769 0.5509215 0.0285365 0.0162521
3 0.3905622 0.3753986 0.0285365 0.0162521
2 0.2452857 0.3168909 0.0285365 0.0162521
31 0.5358387 0.4339062 0.0285365 0.0162521
8 0.6811151 0.5509215 0.0285365 0.0162521
1 0.3905622 0.4339062 0.0285365 0.0162521
29 0.3905622 0.5509215 0.0285365 0.0162521
16 0.5358387 0.2583833 0.0285365 0.0162521
9 0.3179240 0.5509215 0.0285365 0.0162521
28 0.4619033 0.4924138 0.0285365 0.0162521
3 0.4619033 0.4339062 0.0285365 0.0162521
17 0.3905622 0.3168909 0.0285365 0.0162521
21 0.6084769 0.4924138 0.0285365 0.0162521
26 0.2452857 0.4924138 0.0285365 0.0162521
