17 0.5948712 0.5129016 0.0277104 0.0166624
1 0.6654066 0.5129016 0.0277103 0.0166624
32 0.4556896 0.5778852 0.5101226 0.4265586
9 0.2421939 0.4529168 0.0277104 0.0166624
3 0.3832648 0.4529168 0.0277103 0.0166624
18 0.4525407 0.4529168 0.0277103 0.0166624
2 0.6654066 0.4529168 0.0277103 0.0166624
11 0.2421939 0.5129016 0.0277104 0.0166624
27 0.4525407 0.5129016 0.0277103 0.0166624
13 0.5243357 0.5129016 0.0277103 0.0166624
15 0.3127293 0.5728864 0.0277104 0.0166625
30 0.3832648 0.5728864 0.0277103 0.0166625
4 0.4525407 0.5728864 0.0277103 0.0166625
7 0.5243357 0.5728864 0.0277103 0.0166625
10 0.6654066 0.5728864 0.0277103 0.0166625
22 0.2421939 0.6328712 0.0277104 0.0166625
6 0.3127293 0.6328712 0.0277104 0.0166625
1 0.4525407 0.6328712 0.0277103 0.0166625
8 0.5243357 0.6328712 0.0277103 0.0166625
24 0.5948712 0.6328712 0.0277104 0.0166625
14 0.6654066 0.6328712 0.0277103 0.0166625
23 0.3127293 0.6928560 0.0277104 0.0166625
12 0.3832648 0.6928560 0.0277103 0.0166625
26 0.4525407 0.6928560 0.0277103 0.0166625
29 0.5243357 0.6928560 0.0277103 0.0166625
17 0.6654066 0.6928560 0.0277103 0.0166625
31 0.2421939 0.7528408 0.0277104 0.0166625
21 0.3832648 0.7528408 0.0277103 0.0166625
5 0.5243357 0.7528408 0.0277103 0.0166625
34 0.5942414 0.7522854 0.0642377 0.0599848
6 0.5948712 0.7528408 0.0277104 0.0166625
17 0.3127293 0.4529168 0.0277104 0.0166624
5 0.5948712 0.5728864 0.0277104 0.0166625
1 0.2421939 0.5728864 0.0277104 0.0166625
4 0.3127293 0.5129016 0.0277104 0.0166624
16 0.5948712 0.4529168 0.0277104 0.0166624
28 0.2421939 0.6928560 0.0277104 0.0166625
22 0.3832648 0.5129016 0.0277103 0.0166624
24 0.6654066 0.7528408 0.0277103 0.0166625
3 0.3127293 0.7528408 0.0277104 0.0166625
4 0.3832648 0.6328712 0.0277103 0.0166625
28 0.5243357 0.4529168 0.0277103 0.0166624
13 0.5948712 0.6928560 0.0277104 0.0166625
7 0.4525407 0.7528408 0.0277103 0.0166625
