1 0.4229931 0.3852752 0.0262857 0.0167205
10 0.4229931 0.5056628 0.0262857 0.0167205
32 0.4259801 0.4504852 0.4838964 0.4280446
27 0.2234605 0.3250814 0.0262857 0.0167205
29 0.2903696 0.3250814 0.0262857 0.0167205
20 0.4229931 0.3250814 0.0262857 0.0167205
3 0.5580062 0.3250814 0.0262858 0.0167205
26 0.2234605 0.3852752 0.0262857 0.0167205
4 0.3572787 0.3852752 0.0262857 0.0167205
34 0.4904996 0.3847179 0.0633247 0.0601938
13 0.4910970 0.3852752 0.0262857 0.0167205
25 0.5580062 0.3852752 0.0262858 0.0167205
9 0.2234605 0.4454690 0.0262857 0.0167204
18 0.2903696 0.4454690 0.0262857 0.0167204
17 0.3572787 0.4454690 0.0262857 0.0167204
14 0.4910970 0.4454690 0.0262857 0.0167204
13 0.5580062 0.4454690 0.0262858 0.0167204
19 0.6249153 0.4454690 0.0262857 0.0167204
21 0.2234605 0.5056628 0.0262857 0.0167205
5 0.2903696 0.5056628 0.0262857 0.0167205
30 0.4910970 0.5056628 0.0262857 0.0167205
22 0.2234605 0.5658565 0.0262857 0.0167205
2 0.2903696 0.5658565 0.0262857 0.0167205
23 0.4229931 0.5658565 0.0262857 0.0167205
6 0.4910970 0.5658565 0.0262857 0.0167205
1 0.5580062 0.5658565 0.0262858 0.0167205
24 0.6249153 0.5658565 0.0262857 0.0167205
7 0.2234605 0.6260503 0.0262857 0.0167204
11 0.3572787 0.6260503 0.0262857 0.0167204
31 0.4910970 0.6260503 0.0262857 0.0167204
16 0.6249153 0.6260503 0.0262857 0.0167204
15 0.2903696 0.6260503 0.0262857 0.0167204
3 0.4910970 0.3250814 0.0262857 0.0167205
27 0.4229931 0.6260503 0.0262857 0.0167204
21 0.4229931 0.4454690 0.0262857 0.0167204
3 0.2903696 0.3852752 0.0262857 0.0167205
21 0.5580062 0.6260503 0.0262858 0.0167204
4 0.6249153 0.3852752 0.0262857 0.0167205
8 0.3572787 0.5658565 0.0262857 0.0167205
18 0.5580062 0.5056628 0.0262858 0.0167205
5 0.6249153 0.3250814 0.0262857 0.0167205
31 0.3572787 0.5056628 0.0262857 0.0167205
9 0.3572787 0.3250814 0.0262857 0.0167205
29 0.6249153 0.5056628 0.0262857 0.0167205
