10 0.5735881 0.5019561 0.0266189 0.0161869
20 0.2348029 0.5019561 0.0266188 0.0161869
32 0.4398890 0.3319939 0.4900286 0.4143840
27 0.2348029 0.2105923 0.0266188 0.0161869
30 0.3703170 0.2105923 0.0266188 0.0161869
11 0.5058311 0.2105923 0.0266188 0.0161869
15 0.5735881 0.2105923 0.0266189 0.0161869
8 0.6413452 0.2105923 0.0266189 0.0161869
20 0.3025600 0.2688651 0.0266188 0.0161869
9 0.4368641 0.2688651 0.0266188 0.0161869
2 0.5058311 0.2688651 0.0266188 0.0161869
14 0.5735881 0.2688651 0.0266189 0.0161869
24 0.2348029 0.3271378 0.0266188 0.0161869
18 0.3025600 0.3271378 0.0266188 0.0161869
25 0.3703170 0.3271378 0.0266188 0.0161869
22 0.6413452 0.3271378 0.0266189 0.0161869
16 0.2348029 0.3854106 0.0266188 0.0161869
10 0.3025600 0.3854106 0.0266188 0.0161869
13 0.3703170 0.3854106 0.0266188 0.0161869
3 0.4368641 0.3854106 0.0266188 0.0161869
29 0.5058311 0.3854106 0.0266188 0.0161869
34 0.5729832 0.3848710 0.0617073 0.0582727
19 0.5735881 0.3854106 0.0266189 0.0161869
12 0.6413452 0.3854106 0.0266189 0.0161869
5 0.2348029 0.4436833 0.0266188 0.0161869
26 0.3025600 0.4436833 0.0266188 0.0161869
23 0.5058311 0.4436833 0.0266188 0.0161869
19 0.5735881 0.4436833 0.0266189 0.0161869
1 0.4368641 0.5019561 0.0266188 0.0161869
4 0.5058311 0.5019561 0.0266188 0.0161869
17 0.6413452 0.5019561 0.0266189 0.0161869
11 0.2348029 0.2688651 0.0266188 0.0161869
3 0.5058311 0.3271378 0.0266188 0.0161869
17 0.4368641 0.4436833 0.0266188 0.0161869
14 0.3703170 0.2688651 0.0266188 0.0161869
4 0.3703170 0.5019561 0.0266188 0.0161869
3 0.3703170 0.4436833 0.0266188 0.0161869
26 0.6413452 0.4436833 0.0266189 0.0161869
4 0.5735881 0.3271378 0.0266189 0.0161869
8 0.3025600 0.5019561 0.0266188 0.0161869
13 0.4368641 0.3271378 0.0266188 0.0161869
5 0.4368641 0.2105923 0.0266188 0.0161869
18 0.3025600 0.2105923 0.0266188 0.0161869
1 0.6413452 0.2688651 0.0266189 0.0161869
