8 0.4460080 0.2379177 0.0281552 0.0161261
18 0.5176758 0.2959717 0.0281552 0.0161261
32 0.3762600 0.3588637 0.5183114 0.4128288
7 0.1593370 0.2379177 0.0281552 0.0161261
8 0.2310048 0.2379177 0.0281552 0.0161261
5 0.3026725 0.2379177 0.0281552 0.0161261
14 0.5176758 0.2379177 0.0281552 0.0161261
16 0.5893435 0.2379177 0.0281552 0.0161261
1 0.2310048 0.2959717 0.0281552 0.0161261
29 0.3026725 0.2959717 0.0281552 0.0161261
22 0.3730605 0.2959717 0.0281551 0.0161261
13 0.1593370 0.3540258 0.0281552 0.0161261
4 0.2310048 0.3540258 0.0281552 0.0161261
12 0.3026725 0.3540258 0.0281552 0.0161261
20 0.3730605 0.3540258 0.0281551 0.0161261
33 0.4453681 0.3534883 0.0678284 0.0580540
22 0.4460080 0.3540258 0.0281552 0.0161261
23 0.5893435 0.3540258 0.0281552 0.0161261
17 0.1593370 0.4120798 0.0281552 0.0161261
15 0.2310048 0.4120798 0.0281552 0.0161261
9 0.3026725 0.4120798 0.0281552 0.0161261
19 0.3730605 0.4120798 0.0281551 0.0161261
3 0.4460080 0.4120798 0.0281552 0.0161261
24 0.1593370 0.4701339 0.0281552 0.0161261
6 0.3730605 0.4701339 0.0281551 0.0161261
27 0.1593370 0.5281879 0.0281552 0.0161262
11 0.2310048 0.5281879 0.0281552 0.0161262
26 0.3026725 0.5281879 0.0281552 0.0161262
31 0.3730605 0.5281879 0.0281551 0.0161262
18 0.4460080 0.5281879 0.0281552 0.0161262
10 0.5893435 0.5281879 0.0281552 0.0161262
8 0.1593370 0.2959717 0.0281552 0.0161261
19 0.5176758 0.4120798 0.0281552 0.0161261
5 0.2310048 0.4701339 0.0281552 0.0161261
17 0.5176758 0.4701339 0.0281552 0.0161261
11 0.5176758 0.5281879 0.0281552 0.0161262
7 0.5893435 0.2959717 0.0281552 0.0161261
16 0.5893435 0.4120798 0.0281552 0.0161261
20 0.4460080 0.2959717 0.0281552 0.0161261
19 0.4460080 0.4701339 0.0281552 0.0161261
20 0.3026725 0.4701339 0.0281552 0.0161261
14 0.5893435 0.4701339 0.0281552 0.0161261
10 0.5176758 0.3540258 0.0281552 0.0161261
16 0.3730605 0.2379177 0.0281551 0.0161261
