5 0.2848932 0.3947199 0.0264470 0.0161233
2 0.4868524 0.4527637 0.0264470 0.0161233
32 0.3540161 0.3415131 0.4868660 0.4127560
21 0.1502537 0.2205884 0.0264470 0.0161233
7 0.2175734 0.2205884 0.0264470 0.0161233
19 0.2848932 0.2205884 0.0264470 0.0161233
34 0.4189316 0.2200510 0.0637133 0.0580438
18 0.4195327 0.2205884 0.0264471 0.0161233
23 0.5541721 0.2205884 0.0264470 0.0161233
10 0.2848932 0.2786323 0.0264470 0.0161233
11 0.4868524 0.2786323 0.0264470 0.0161233
15 0.5541721 0.2786323 0.0264470 0.0161233
4 0.1502537 0.3366761 0.0264470 0.0161233
31 0.2175734 0.3366761 0.0264470 0.0161233
12 0.2848932 0.3366761 0.0264470 0.0161233
5 0.4868524 0.3366761 0.0264470 0.0161233
29 0.5541721 0.3366761 0.0264470 0.0161233
22 0.2175734 0.3947199 0.0264470 0.0161233
20 0.3510108 0.3947199 0.0264471 0.0161233
30 0.4195327 0.3947199 0.0264471 0.0161233
2 0.5541721 0.3947199 0.0264470 0.0161233
3 0.2175734 0.4527637 0.0264470 0.0161233
14 0.2848932 0.4527637 0.0264470 0.0161233
6 0.3510108 0.4527637 0.0264471 0.0161233
17 0.4195327 0.4527637 0.0264471 0.0161233
25 0.5541721 0.4527637 0.0264470 0.0161233
27 0.1502537 0.5108075 0.0264470 0.0161233
8 0.2175734 0.5108075 0.0264470 0.0161233
16 0.2848932 0.5108075 0.0264470 0.0161233
13 0.3510108 0.5108075 0.0264471 0.0161233
24 0.5541721 0.5108075 0.0264470 0.0161233
8 0.2175734 0.2786323 0.0264470 0.0161233
2 0.4195327 0.3366761 0.0264471 0.0161233
13 0.4868524 0.5108075 0.0264470 0.0161233
15 0.4868524 0.2205884 0.0264470 0.0161233
20 0.3510108 0.2786323 0.0264471 0.0161233
12 0.1502537 0.2786323 0.0264470 0.0161233
15 0.3510108 0.2205884 0.0264471 0.0161233
12 0.4868524 0.3947199 0.0264470 0.0161233
25 0.4195327 0.2786323 0.0264471 0.0161233
28 0.4195327 0.5108075 0.0264471 0.0161233
17 0.3510108 0.3366761 0.0264471 0.0161233
13 0.1502537 0.3947199 0.0264470 0.0161233
19 0.1502537 0.4527637 0.0264470 0.0161233
