31 0.1423079 0.5012482 0.0278968 0.0169531
21 0.2843282 0.6233107 0.0278968 0.0169531
32 0.3572404 0.5673654 0.5135555 0.4339998
29 0.1423079 0.4402170 0.0278968 0.0169531
10 0.2133180 0.4402170 0.0278968 0.0169531
17 0.2843282 0.4402170 0.0278968 0.0169531
7 0.3540703 0.4402170 0.0278968 0.0169531
15 0.4973586 0.4402170 0.0278968 0.0169531
13 0.5683688 0.4402170 0.0278968 0.0169531
8 0.2133180 0.5012482 0.0278968 0.0169531
34 0.3540703 0.5006832 0.0659380 0.0610313
18 0.3540703 0.5012482 0.0278968 0.0169531
4 0.2133180 0.5622795 0.0278968 0.0169531
3 0.2843282 0.5622795 0.0278968 0.0169531
16 0.3540703 0.5622795 0.0278968 0.0169531
21 0.4263485 0.5622795 0.0278968 0.0169531
6 0.4973586 0.5622795 0.0278968 0.0169531
22 0.5683688 0.5622795 0.0278968 0.0169531
11 0.2133180 0.6233107 0.0278968 0.0169531
26 0.3540703 0.6233107 0.0278968 0.0169531
19 0.4263485 0.6233107 0.0278968 0.0169531
24 0.4973586 0.6233107 0.0278968 0.0169531
25 0.1423079 0.6843419 0.0278968 0.0169531
18 0.2133180 0.6843419 0.0278968 0.0169531
5 0.2843282 0.6843419 0.0278968 0.0169531
12 0.3540703 0.6843419 0.0278968 0.0169531
23 0.4973586 0.6843419 0.0278968 0.0169531
20 0.5683688 0.6843419 0.0278968 0.0169531
31 0.1423079 0.7453731 0.0278968 0.0169531
30 0.3540703 0.7453731 0.0278968 0.0169531
9 0.4973586 0.7453731 0.0278968 0.0169531
13 0.1423079 0.6233107 0.0278968 0.0169531
6 0.2133180 0.7453731 0.0278968 0.0169531
3 0.4263485 0.5012482 0.0278968 0.0169531
20 0.2843282 0.5012482 0.0278968 0.0169531
29 0.4973586 0.5012482 0.0278968 0.0169531
27 0.1423079 0.5622795 0.0278968 0.0169531
16 0.5683688 0.6233107 0.0278968 0.0169531
17 0.5683688 0.5012482 0.0278968 0.0169531
27 0.4263485 0.6843419 0.0278968 0.0169531
10 0.2843282 0.7453731 0.0278968 0.0169531
26 0.4263485 0.7453731 0.0278968 0.0169531
30 0.4263485 0.4402170 0.0278968 0.0169531
7 0.5683688 0.7453731 0.0278968 0.0169531
