22 0.2897794 0.2694604 0.0283352 0.0166244
24 0.2897794 0.5088518 0.0283352 0.0166244
32 0.5080888 0.3941434 0.5216241 0.4255846
31 0.4340310 0.2694604 0.0283352 0.0166244
30 0.5048689 0.2694604 0.0283351 0.0166244
15 0.7225343 0.2694604 0.0283351 0.0166244
22 0.2897794 0.3293083 0.0283352 0.0166244
26 0.5048689 0.3293083 0.0283351 0.0166244
3 0.5782826 0.3293083 0.0283351 0.0166244
33 0.2897794 0.3886020 0.0669740 0.0598479
5 0.2897794 0.3891561 0.0283352 0.0166244
25 0.3619052 0.3891561 0.0283351 0.0166244
21 0.4340310 0.3891561 0.0283352 0.0166244
29 0.5048689 0.3891561 0.0283351 0.0166244
19 0.5782826 0.3891561 0.0283351 0.0166244
17 0.7225343 0.3891561 0.0283351 0.0166244
8 0.3619052 0.4490040 0.0283351 0.0166243
10 0.4340310 0.4490040 0.0283352 0.0166243
12 0.5782826 0.4490040 0.0283351 0.0166243
6 0.6504084 0.4490040 0.0283351 0.0166243
13 0.3619052 0.5088518 0.0283351 0.0166244
1 0.4340310 0.5088518 0.0283352 0.0166244
4 0.5048689 0.5088518 0.0283351 0.0166244
14 0.5782826 0.5088518 0.0283351 0.0166244
7 0.7225343 0.5088518 0.0283351 0.0166244
23 0.2897794 0.5686996 0.0283352 0.0166244
27 0.3619052 0.5686996 0.0283351 0.0166244
20 0.4340310 0.5686996 0.0283352 0.0166244
24 0.5048689 0.5686996 0.0283351 0.0166244
2 0.6504084 0.5686996 0.0283351 0.0166244
11 0.7225343 0.5686996 0.0283351 0.0166244
25 0.3619052 0.2694604 0.0283351 0.0166244
12 0.7225343 0.4490040 0.0283351 0.0166243
5 0.6504084 0.5088518 0.0283351 0.0166244
30 0.5048689 0.4490040 0.0283351 0.0166243
17 0.6504084 0.3891561 0.0283351 0.0166244
7 0.3619052 0.3293083 0.0283351 0.0166244
2 0.2897794 0.4490040 0.0283352 0.0166243
26 0.4340310 0.3293083 0.0283352 0.0166244
13 0.6504084 0.2694604 0.0283351 0.0166244
2 0.5782826 0.5686996 0.0283351 0.0166244
10 0.7225343 0.3293083 0.0283351 0.0166244
1 0.5782826 0.2694604 0.0283351 0.0166244
29 0.6504084 0.3293083 0.0283351 0.0166244
