9 0.5559888 0.4339457 0.0262498 0.0160190
22 0.4223536 0.4916141 0.0262498 0.0160189
32 0.4909610 0.3810830 0.4832346 0.4100863
20 0.2887184 0.2609406 0.0262498 0.0160190
23 0.4879781 0.2609406 0.0262498 0.0160190
5 0.5559888 0.2609406 0.0262498 0.0160190
4 0.6228064 0.2609406 0.0262498 0.0160190
30 0.6896240 0.2609406 0.0262498 0.0160190
19 0.3555360 0.3186089 0.0262498 0.0160190
9 0.4223536 0.3186089 0.0262498 0.0160190
8 0.4879781 0.3186089 0.0262498 0.0160190
2 0.5559888 0.3186089 0.0262498 0.0160190
24 0.6896240 0.3186089 0.0262498 0.0160190
27 0.3555360 0.3762773 0.0262498 0.0160190
11 0.4223536 0.3762773 0.0262498 0.0160190
22 0.4879781 0.3762773 0.0262498 0.0160190
12 0.5559888 0.3762773 0.0262498 0.0160190
26 0.6228064 0.3762773 0.0262498 0.0160190
17 0.6896240 0.3762773 0.0262498 0.0160190
34 0.2887184 0.4334117 0.0620449 0.0576683
31 0.2887184 0.4339457 0.0262498 0.0160190
21 0.3555360 0.4339457 0.0262498 0.0160190
31 0.4223536 0.4339457 0.0262498 0.0160190
13 0.6228064 0.4339457 0.0262498 0.0160190
1 0.6896240 0.4339457 0.0262498 0.0160190
7 0.2887184 0.4916141 0.0262498 0.0160189
25 0.3555360 0.5492825 0.0262498 0.0160189
15 0.4879781 0.5492825 0.0262498 0.0160189
3 0.5559888 0.5492825 0.0262498 0.0160189
10 0.6228064 0.5492825 0.0262498 0.0160189
6 0.6896240 0.5492825 0.0262498 0.0160189
28 0.2887184 0.3186089 0.0262498 0.0160190
9 0.3555360 0.4916141 0.0262498 0.0160189
29 0.4223536 0.2609406 0.0262498 0.0160190
10 0.2887184 0.3762773 0.0262498 0.0160190
12 0.5559888 0.4916141 0.0262498 0.0160189
21 0.2887184 0.5492825 0.0262498 0.0160189
26 0.4223536 0.5492825 0.0262498 0.0160189
15 0.4879781 0.4916141 0.0262498 0.0160189
24 0.6896240 0.4916141 0.0262498 0.0160189
29 0.6228064 0.3186089 0.0262498 0.0160190
2 0.4879781 0.4339457 0.0262498 0.0160190
25 0.3555360 0.2609406 0.0262498 0.0160190
8 0.6228064 0.4916141 0.0262498 0.0160189
