20 0.2637588 0.6922470 0.0261594 0.0169471
9 0.4635217 0.6922470 0.0261594 0.0169471
32 0.3321300 0.5143031 0.4815714 0.4338444
23 0.1305835 0.3872002 0.0261594 0.0169471
20 0.1971711 0.3872002 0.0261594 0.0169471
33 0.2637588 0.3866353 0.0618314 0.0610094
25 0.2637588 0.3872002 0.0261594 0.0169471
25 0.5301094 0.3872002 0.0261594 0.0169471
21 0.1305835 0.4482096 0.0261594 0.0169471
9 0.1971711 0.4482096 0.0261594 0.0169471
29 0.2637588 0.4482096 0.0261594 0.0169471
24 0.3291573 0.4482096 0.0261594 0.0169471
17 0.3969341 0.4482096 0.0261594 0.0169471
3 0.1305835 0.5092190 0.0261594 0.0169470
30 0.1971711 0.5092190 0.0261594 0.0169470
15 0.2637588 0.5092190 0.0261594 0.0169470
18 0.3291573 0.5092190 0.0261594 0.0169470
11 0.3969341 0.5092190 0.0261594 0.0169470
7 0.5301094 0.5092190 0.0261594 0.0169470
13 0.1305835 0.5702283 0.0261594 0.0169470
27 0.3969341 0.5702283 0.0261594 0.0169470
8 0.4635217 0.5702283 0.0261594 0.0169470
10 0.5301094 0.5702283 0.0261594 0.0169470
6 0.1971711 0.6312377 0.0261594 0.0169470
16 0.3291573 0.6312377 0.0261594 0.0169470
2 0.4635217 0.6312377 0.0261594 0.0169470
5 0.5301094 0.6312377 0.0261594 0.0169470
12 0.1305835 0.6922470 0.0261594 0.0169471
14 0.1971711 0.6922470 0.0261594 0.0169471
22 0.3291573 0.6922470 0.0261594 0.0169471
1 0.5301094 0.6922470 0.0261594 0.0169471
27 0.3291573 0.5702283 0.0261594 0.0169470
11 0.4635217 0.3872002 0.0261594 0.0169471
26 0.1305835 0.6312377 0.0261594 0.0169470
31 0.2637588 0.5702283 0.0261594 0.0169470
25 0.3969341 0.3872002 0.0261594 0.0169471
18 0.4635217 0.4482096 0.0261594 0.0169471
1 0.3291573 0.3872002 0.0261594 0.0169471
5 0.3969341 0.6312377 0.0261594 0.0169470
15 0.2637588 0.6312377 0.0261594 0.0169470
28 0.4635217 0.5092190 0.0261594 0.0169470
9 0.3969341 0.6922470 0.0261594 0.0169471
19 0.1971711 0.5702283 0.0261594 0.0169470
9 0.5301094 0.4482096 0.0261594 0.0169471
