28 0.2318369 0.6956209 0.0287147 0.0174019
21 0.4511127 0.8209147 0.0287147 0.0174018
32 0.3068866 0.6381946 0.5286115 0.4454891
8 0.0856530 0.5076802 0.0287147 0.0174019
24 0.2318369 0.5076802 0.0287147 0.0174019
34 0.3036236 0.5071002 0.0678711 0.0626469
24 0.3036236 0.5076802 0.0287147 0.0174019
15 0.5242046 0.5076802 0.0287147 0.0174019
5 0.3036236 0.5703271 0.0287147 0.0174019
17 0.3780208 0.5703271 0.0287147 0.0174019
22 0.4511127 0.5703271 0.0287147 0.0174019
23 0.0856530 0.6329740 0.0287147 0.0174019
16 0.3036236 0.6329740 0.0287147 0.0174019
11 0.3780208 0.6329740 0.0287147 0.0174019
7 0.5242046 0.6329740 0.0287147 0.0174019
1 0.0856530 0.6956209 0.0287147 0.0174019
14 0.1587449 0.6956209 0.0287147 0.0174019
27 0.3036236 0.6956209 0.0287147 0.0174019
19 0.3780208 0.6956209 0.0287147 0.0174019
30 0.4511127 0.6956209 0.0287147 0.0174019
31 0.1587449 0.7582678 0.0287147 0.0174018
10 0.2318369 0.7582678 0.0287147 0.0174018
13 0.3036236 0.7582678 0.0287147 0.0174018
20 0.3780208 0.7582678 0.0287147 0.0174018
26 0.4511127 0.7582678 0.0287147 0.0174018
6 0.5242046 0.7582678 0.0287147 0.0174018
2 0.0856530 0.8209147 0.0287147 0.0174018
21 0.2318369 0.8209147 0.0287147 0.0174018
18 0.3036236 0.8209147 0.0287147 0.0174018
25 0.3780208 0.8209147 0.0287147 0.0174018
9 0.5242046 0.8209147 0.0287147 0.0174018
4 0.3780208 0.5076802 0.0287147 0.0174019
21 0.1587449 0.8209147 0.0287147 0.0174018
24 0.4511127 0.6329740 0.0287147 0.0174019
12 0.0856530 0.7582678 0.0287147 0.0174018
6 0.1587449 0.5703271 0.0287147 0.0174019
22 0.1587449 0.5076802 0.0287147 0.0174019
19 0.5242046 0.5703271 0.0287147 0.0174019
4 0.2318369 0.5703271 0.0287147 0.0174019
6 0.5242046 0.6956209 0.0287147 0.0174019
7 0.1587449 0.6329740 0.0287147 0.0174019
14 0.0856530 0.5703271 0.0287147 0.0174019
20 0.4511127 0.5076802 0.0287147 0.0174019
3 0.2318369 0.6329740 0.0287147 0.0174019
