7 0.3625795 0.2760203 0.0282848 0.0159844
26 0.4345770 0.3911080 0.0282847 0.0159844
32 0.5085030 0.3959034 0.5206964 0.4092006
2 0.2905819 0.2760203 0.0282848 0.0159844
10 0.5052888 0.2760203 0.0282848 0.0159844
8 0.5785721 0.2760203 0.0282848 0.0159844
15 0.6505696 0.2760203 0.0282848 0.0159844
18 0.7225671 0.2760203 0.0282848 0.0159844
30 0.3625795 0.3335642 0.0282848 0.0159844
19 0.4345770 0.3335642 0.0282847 0.0159844
7 0.5052888 0.3335642 0.0282848 0.0159844
26 0.7225671 0.3335642 0.0282848 0.0159844
20 0.2905819 0.3911080 0.0282848 0.0159844
3 0.5052888 0.3911080 0.0282848 0.0159844
29 0.5785721 0.3911080 0.0282848 0.0159844
4 0.6505696 0.3911080 0.0282848 0.0159844
16 0.7225671 0.3911080 0.0282848 0.0159844
21 0.4345770 0.4486519 0.0282847 0.0159844
9 0.5052888 0.4486519 0.0282848 0.0159844
6 0.3625795 0.5061957 0.0282848 0.0159844
33 0.4345770 0.5056629 0.0668549 0.0575439
2 0.4345770 0.5061957 0.0282847 0.0159844
23 0.5052888 0.5061957 0.0282848 0.0159844
25 0.5785721 0.5061957 0.0282848 0.0159844
12 0.6505696 0.5061957 0.0282848 0.0159844
14 0.7225671 0.5061957 0.0282848 0.0159844
24 0.2905819 0.5637396 0.0282848 0.0159844
22 0.4345770 0.5637396 0.0282847 0.0159844
17 0.5785721 0.5637396 0.0282848 0.0159844
11 0.6505696 0.5637396 0.0282848 0.0159844
1 0.7225671 0.5637396 0.0282848 0.0159844
16 0.6505696 0.4486519 0.0282848 0.0159844
24 0.3625795 0.5637396 0.0282848 0.0159844
26 0.2905819 0.5061957 0.0282848 0.0159844
15 0.5785721 0.4486519 0.0282848 0.0159844
12 0.6505696 0.3335642 0.0282848 0.0159844
26 0.3625795 0.4486519 0.0282848 0.0159844
30 0.7225671 0.4486519 0.0282848 0.0159844
13 0.5785721 0.3335642 0.0282848 0.0159844
10 0.4345770 0.2760203 0.0282847 0.0159844
19 0.2905819 0.4486519 0.0282848 0.0159844
30 0.3625795 0.3911080 0.0282848 0.0159844
9 0.2905819 0.3335642 0.0282848 0.0159844
16 0.5052888 0.5637396 0.0282848 0.0159844
