9 0.3341220 0.3549264 0.0281132 0.0165034
2 0.4759658 0.5925760 0.0281132 0.0165034
32 0.4791605 0.4787022 0.5175382 0.4224881
10 0.4056829 0.3549264 0.0281132 0.0165034
22 0.4759658 0.3549264 0.0281132 0.0165034
12 0.5488046 0.3549264 0.0281132 0.0165034
34 0.6919263 0.3543762 0.0664494 0.0594124
1 0.6919263 0.3549264 0.0281132 0.0165034
30 0.2625612 0.4143387 0.0281132 0.0165035
2 0.3341220 0.4143387 0.0281132 0.0165035
6 0.4056829 0.4143387 0.0281132 0.0165035
29 0.4759658 0.4143387 0.0281132 0.0165035
17 0.5488046 0.4143387 0.0281132 0.0165035
7 0.6919263 0.4143387 0.0281132 0.0165035
18 0.2625612 0.4737511 0.0281132 0.0165034
4 0.4056829 0.4737511 0.0281132 0.0165034
27 0.4759658 0.4737511 0.0281132 0.0165034
21 0.6919263 0.4737511 0.0281132 0.0165034
11 0.3341220 0.5331636 0.0281132 0.0165034
5 0.4056829 0.5331636 0.0281132 0.0165034
9 0.4759658 0.5331636 0.0281132 0.0165034
1 0.5488046 0.5331636 0.0281132 0.0165034
25 0.6203654 0.5331636 0.0281132 0.0165034
24 0.6919263 0.5331636 0.0281132 0.0165034
31 0.3341220 0.5925760 0.0281132 0.0165034
15 0.3341220 0.6519883 0.0281132 0.0165035
8 0.4056829 0.6519883 0.0281132 0.0165035
26 0.4759658 0.6519883 0.0281132 0.0165035
19 0.5488046 0.6519883 0.0281132 0.0165035
20 0.6203654 0.6519883 0.0281132 0.0165035
14 0.6919263 0.6519883 0.0281132 0.0165035
16 0.5488046 0.5925760 0.0281132 0.0165034
11 0.6203654 0.3549264 0.0281132 0.0165034
25 0.4056829 0.5925760 0.0281132 0.0165034
11 0.6203654 0.5925760 0.0281132 0.0165034
11 0.2625612 0.3549264 0.0281132 0.0165034
8 0.2625612 0.5925760 0.0281132 0.0165034
27 0.3341220 0.4737511 0.0281132 0.0165034
15 0.6919263 0.5925760 0.0281132 0.0165034
9 0.2625612 0.6519883 0.0281132 0.0165035
16 0.5488046 0.4737511 0.0281132 0.0165034
13 0.2625612 0.5331636 0.0281132 0.0165034
27 0.6203654 0.4737511 0.0281132 0.0165034
9 0.6203654 0.4143387 0.0281132 0.0165035
