19 0.6780886 0.5357007 0.0274486 0.0172019
31 0.4684809 0.3499200 0.0274487 0.0172019
32 0.6100909 0.3550806 0.5053043 0.4403690
7 0.3986117 0.2260662 0.0274487 0.0172019
20 0.4684809 0.2260662 0.0274487 0.0172019
2 0.5383502 0.2260662 0.0274487 0.0172019
9 0.6780886 0.2260662 0.0274486 0.0172019
6 0.7479578 0.2260662 0.0274486 0.0172019
27 0.8178271 0.2260662 0.0274486 0.0172019
25 0.3986117 0.2879931 0.0274487 0.0172019
17 0.4684809 0.2879931 0.0274487 0.0172019
30 0.5383502 0.2879931 0.0274487 0.0172019
12 0.6069717 0.2879931 0.0274486 0.0172019
23 0.6780886 0.2879931 0.0274486 0.0172019
8 0.8178271 0.2879931 0.0274486 0.0172019
3 0.7479578 0.3499200 0.0274486 0.0172019
14 0.8178271 0.3499200 0.0274486 0.0172019
29 0.3986117 0.4118469 0.0274487 0.0172019
5 0.5383502 0.4118469 0.0274487 0.0172019
10 0.6780886 0.4118469 0.0274486 0.0172019
13 0.7479578 0.4118469 0.0274486 0.0172019
34 0.8178271 0.4112735 0.0648786 0.0619269
30 0.8178271 0.4118469 0.0274486 0.0172019
16 0.4684809 0.4737738 0.0274487 0.0172019
21 0.5383502 0.4737738 0.0274487 0.0172019
1 0.8178271 0.4737738 0.0274486 0.0172019
24 0.4684809 0.5357007 0.0274487 0.0172019
22 0.5383502 0.5357007 0.0274487 0.0172019
11 0.6069717 0.5357007 0.0274486 0.0172019
19 0.7479578 0.5357007 0.0274486 0.0172019
26 0.8178271 0.5357007 0.0274486 0.0172019
3 0.6069717 0.2260662 0.0274486 0.0172019
27 0.6780886 0.3499200 0.0274486 0.0172019
12 0.6069717 0.4737738 0.0274486 0.0172019
9 0.3986117 0.5357007 0.0274487 0.0172019
27 0.3986117 0.3499200 0.0274487 0.0172019
26 0.6069717 0.3499200 0.0274486 0.0172019
2 0.6069717 0.4118469 0.0274486 0.0172019
7 0.3986117 0.4737738 0.0274487 0.0172019
6 0.7479578 0.4737738 0.0274486 0.0172019
30 0.5383502 0.3499200 0.0274487 0.0172019
31 0.6780886 0.4737738 0.0274486 0.0172019
12 0.4684809 0.4118469 0.0274487 0.0172019
9 0.7479578 0.2879931 0.0274486 0.0172019
