15 0.2577453 0.5575210 0.0272807 0.0159402
3 0.4648309 0.6722902 0.0272807 0.0159402
32 0.4679309 0.5623030 0.5022134 0.4080681
3 0.2577453 0.4427518 0.0272807 0.0159401
29 0.3966290 0.4427518 0.0272807 0.0159401
14 0.4648309 0.4427518 0.0272807 0.0159401
1 0.5355127 0.4427518 0.0272808 0.0159401
33 0.6043346 0.4422205 0.0632417 0.0573846
2 0.6049546 0.4427518 0.0272807 0.0159401
4 0.6743964 0.4427518 0.0272807 0.0159401
31 0.2577453 0.5001364 0.0272807 0.0159402
9 0.3271872 0.5001364 0.0272807 0.0159402
19 0.3966290 0.5001364 0.0272807 0.0159402
24 0.4648309 0.5001364 0.0272807 0.0159402
20 0.6049546 0.5001364 0.0272807 0.0159402
5 0.3271872 0.5575210 0.0272807 0.0159402
11 0.3966290 0.5575210 0.0272807 0.0159402
21 0.4648309 0.5575210 0.0272807 0.0159402
7 0.6049546 0.5575210 0.0272807 0.0159402
18 0.3966290 0.6149056 0.0272807 0.0159402
22 0.4648309 0.6149056 0.0272807 0.0159402
16 0.5355127 0.6149056 0.0272808 0.0159402
30 0.6049546 0.6149056 0.0272807 0.0159402
10 0.6743964 0.6149056 0.0272807 0.0159402
6 0.2577453 0.6722902 0.0272807 0.0159402
12 0.3271872 0.6722902 0.0272807 0.0159402
2 0.6743964 0.6722902 0.0272807 0.0159402
23 0.3271872 0.7296748 0.0272807 0.0159402
17 0.3966290 0.7296748 0.0272807 0.0159402
26 0.4648309 0.7296748 0.0272807 0.0159402
27 0.5355127 0.7296748 0.0272808 0.0159402
2 0.6743964 0.7296748 0.0272807 0.0159402
26 0.5355127 0.5001364 0.0272808 0.0159402
3 0.3271872 0.6149056 0.0272807 0.0159402
27 0.6049546 0.6722902 0.0272807 0.0159402
1 0.3271872 0.4427518 0.0272807 0.0159401
28 0.6049546 0.7296748 0.0272807 0.0159402
7 0.2577453 0.6149056 0.0272807 0.0159402
28 0.6743964 0.5575210 0.0272807 0.0159402
14 0.6743964 0.5001364 0.0272807 0.0159402
11 0.5355127 0.6722902 0.0272808 0.0159402
20 0.5355127 0.5575210 0.0272808 0.0159402
11 0.3966290 0.6722902 0.0272807 0.0159402
12 0.2577453 0.7296748 0.0272807 0.0159402
