1 0.7806568 0.7547667 0.0284770 0.0173070
31 0.4182224 0.4432415 0.0284770 0.0173070
32 0.6376247 0.5730437 0.5242355 0.4430580
25 0.4907093 0.4432415 0.0284770 0.0173070
27 0.6343887 0.4432415 0.0284770 0.0173070
22 0.7081699 0.4432415 0.0284770 0.0173070
31 0.8531437 0.4432415 0.0284770 0.0173070
30 0.4182224 0.5055465 0.0284770 0.0173070
29 0.5631962 0.5055465 0.0284770 0.0173070
33 0.6343887 0.5049697 0.0673093 0.0623050
10 0.6343887 0.5055465 0.0284770 0.0173070
13 0.8531437 0.5055465 0.0284770 0.0173070
3 0.4182224 0.5678516 0.0284770 0.0173069
15 0.4907093 0.5678516 0.0284770 0.0173069
2 0.5631962 0.5678516 0.0284770 0.0173069
18 0.7081699 0.5678516 0.0284770 0.0173069
19 0.7806568 0.5678516 0.0284770 0.0173069
5 0.8531437 0.5678516 0.0284770 0.0173069
20 0.4182224 0.6301567 0.0284770 0.0173069
1 0.4907093 0.6301567 0.0284770 0.0173069
11 0.6343887 0.6301567 0.0284770 0.0173069
12 0.7081699 0.6301567 0.0284770 0.0173069
26 0.8531437 0.6301567 0.0284770 0.0173069
16 0.4182224 0.6924616 0.0284770 0.0173069
8 0.7081699 0.6924616 0.0284770 0.0173069
14 0.8531437 0.6924616 0.0284770 0.0173069
7 0.4182224 0.7547667 0.0284770 0.0173070
21 0.4907093 0.7547667 0.0284770 0.0173070
17 0.5631962 0.7547667 0.0284770 0.0173070
23 0.6343887 0.7547667 0.0284770 0.0173070
10 0.8531437 0.7547667 0.0284770 0.0173070
4 0.5631962 0.6924616 0.0284770 0.0173069
3 0.7081699 0.5055465 0.0284770 0.0173070
1 0.6343887 0.5678516 0.0284770 0.0173069
1 0.4907093 0.5055465 0.0284770 0.0173070
31 0.4907093 0.6924616 0.0284770 0.0173069
11 0.6343887 0.6924616 0.0284770 0.0173069
31 0.7806568 0.5055465 0.0284770 0.0173070
9 0.5631962 0.6301567 0.0284770 0.0173069
31 0.7806568 0.6301567 0.0284770 0.0173069
26 0.7806568 0.6924616 0.0284770 0.0173069
6 0.7081699 0.7547667 0.0284770 0.0173070
31 0.7806568 0.4432415 0.0284770 0.0173070
15 0.5631962 0.4432415 0.0284770 0.0173070
