9 0.3250436 0.3964442 0.0287819 0.0166262
28 0.4715696 0.5161530 0.0287819 0.0166262
32 0.5467950 0.4612865 0.5298486 0.4256314
10 0.3250436 0.3365898 0.0287819 0.0166262
8 0.3983066 0.3365898 0.0287819 0.0166262
31 0.4715696 0.3365898 0.0287819 0.0166262
7 0.5435243 0.3365898 0.0287819 0.0166262
21 0.6180956 0.3365898 0.0287819 0.0166262
27 0.3983066 0.3964442 0.0287819 0.0166262
14 0.5435243 0.3964442 0.0287819 0.0166262
13 0.6180956 0.3964442 0.0287819 0.0166262
4 0.6913586 0.3964442 0.0287820 0.0166262
25 0.7646217 0.3964442 0.0287819 0.0166262
18 0.3250436 0.4562986 0.0287819 0.0166262
16 0.4715696 0.4562986 0.0287819 0.0166262
29 0.5435243 0.4562986 0.0287819 0.0166262
1 0.6180956 0.4562986 0.0287819 0.0166262
23 0.3983066 0.5161530 0.0287819 0.0166262
17 0.5435243 0.5161530 0.0287819 0.0166262
3 0.6180956 0.5161530 0.0287819 0.0166262
20 0.6913586 0.5161530 0.0287820 0.0166262
11 0.7646217 0.5161530 0.0287819 0.0166262
30 0.3250436 0.5760074 0.0287819 0.0166262
15 0.3983066 0.5760074 0.0287819 0.0166262
22 0.4715696 0.5760074 0.0287819 0.0166262
6 0.6180956 0.5760074 0.0287819 0.0166262
2 0.6913586 0.5760074 0.0287820 0.0166262
34 0.3250435 0.6353076 0.0680299 0.0598545
26 0.3250436 0.6358618 0.0287819 0.0166262
26 0.3983066 0.6358618 0.0287819 0.0166262
9 0.6913586 0.6358618 0.0287820 0.0166262
4 0.5435243 0.5760074 0.0287819 0.0166262
30 0.4715696 0.3964442 0.0287819 0.0166262
19 0.7646217 0.3365898 0.0287819 0.0166262
18 0.7646217 0.5760074 0.0287819 0.0166262
17 0.5435243 0.6358618 0.0287819 0.0166262
4 0.4715696 0.6358618 0.0287819 0.0166262
10 0.3983066 0.4562986 0.0287819 0.0166262
31 0.6913586 0.4562986 0.0287820 0.0166262
15 0.7646217 0.6358618 0.0287819 0.0166262
7 0.6913586 0.3365898 0.0287820 0.0166262
11 0.3250436 0.5161530 0.0287819 0.0166262
27 0.6180956 0.6358618 0.0287819 0.0166262
12 0.7646217 0.4562986 0.0287819 0.0166262
