2 0.0939198 0.3702453 0.0270323 0.0161770
30 0.1627291 0.3702453 0.0270322 0.0161770
32 0.3021910 0.3750984 0.4976390 0.4141300
21 0.0939198 0.2537712 0.0270323 0.0161770
27 0.1627291 0.2537712 0.0270322 0.0161770
17 0.2315385 0.2537712 0.0270322 0.0161770
16 0.2991191 0.2537712 0.0270322 0.0161770
22 0.4379665 0.2537712 0.0270323 0.0161770
15 0.1627291 0.3120083 0.0270322 0.0161770
24 0.2315385 0.3120083 0.0270322 0.0161770
8 0.4379665 0.3120083 0.0270323 0.0161770
11 0.5067759 0.3120083 0.0270322 0.0161770
18 0.3691572 0.3702453 0.0270322 0.0161770
1 0.5067759 0.3702453 0.0270322 0.0161770
2 0.0939198 0.4284823 0.0270323 0.0161770
26 0.1627291 0.4284823 0.0270322 0.0161770
7 0.2315385 0.4284823 0.0270322 0.0161770
20 0.2991191 0.4284823 0.0270322 0.0161770
14 0.4379665 0.4284823 0.0270323 0.0161770
9 0.0939198 0.4867193 0.0270323 0.0161770
34 0.1621148 0.4861801 0.0626657 0.0582370
19 0.1627291 0.4867193 0.0270322 0.0161770
4 0.2315385 0.4867193 0.0270322 0.0161770
3 0.2991191 0.4867193 0.0270322 0.0161770
29 0.3691572 0.4867193 0.0270322 0.0161770
10 0.4379665 0.4867193 0.0270323 0.0161770
19 0.5067759 0.4867193 0.0270322 0.0161770
23 0.1627291 0.5449564 0.0270322 0.0161770
25 0.2315385 0.5449564 0.0270322 0.0161770
5 0.2991191 0.5449564 0.0270322 0.0161770
21 0.4379665 0.5449564 0.0270323 0.0161770
12 0.3691572 0.3120083 0.0270322 0.0161770
17 0.5067759 0.5449564 0.0270322 0.0161770
5 0.5067759 0.4284823 0.0270322 0.0161770
7 0.2991191 0.3120083 0.0270322 0.0161770
4 0.3691572 0.4284823 0.0270322 0.0161770
15 0.3691572 0.2537712 0.0270322 0.0161770
7 0.2315385 0.3702453 0.0270322 0.0161770
10 0.3691572 0.5449564 0.0270322 0.0161770
16 0.0939198 0.5449564 0.0270323 0.0161770
9 0.0939198 0.3120083 0.0270323 0.0161770
8 0.5067759 0.2537712 0.0270322 0.0161770
26 0.2991191 0.3702453 0.0270322 0.0161770
26 0.4379665 0.3702453 0.0270323 0.0161770
