22 0.5885680 0.4553659 0.0278413 0.0173979
29 0.4468306 0.6432626 0.0278413 0.0173979
32 0.5195976 0.4605853 0.5125326 0.4453847
2 0.3050932 0.3301015 0.0278413 0.0173978
15 0.5885680 0.3301015 0.0278413 0.0173978
4 0.6594368 0.3301015 0.0278413 0.0173978
34 0.7303055 0.3295216 0.0658067 0.0626322
12 0.7303055 0.3301015 0.0278413 0.0173978
5 0.3050932 0.3927337 0.0278413 0.0173979
24 0.3759620 0.3927337 0.0278413 0.0173979
11 0.4468306 0.3927337 0.0278413 0.0173979
7 0.5164338 0.3927337 0.0278413 0.0173979
26 0.3050932 0.4553659 0.0278413 0.0173979
23 0.3759620 0.4553659 0.0278413 0.0173979
21 0.4468306 0.4553659 0.0278413 0.0173979
6 0.5164338 0.4553659 0.0278413 0.0173979
8 0.6594368 0.4553659 0.0278413 0.0173979
20 0.3050932 0.5179981 0.0278413 0.0173978
31 0.3759620 0.5179981 0.0278413 0.0173978
25 0.4468306 0.5179981 0.0278413 0.0173978
3 0.5164338 0.5179981 0.0278413 0.0173978
17 0.5885680 0.5179981 0.0278413 0.0173978
1 0.3050932 0.5806304 0.0278413 0.0173978
18 0.4468306 0.5806304 0.0278413 0.0173978
29 0.5164338 0.5806304 0.0278413 0.0173978
9 0.6594368 0.5806304 0.0278413 0.0173978
22 0.7303055 0.5806304 0.0278413 0.0173978
10 0.3050932 0.6432626 0.0278413 0.0173979
14 0.5885680 0.6432626 0.0278413 0.0173979
13 0.6594368 0.6432626 0.0278413 0.0173979
3 0.3759620 0.3301015 0.0278413 0.0173978
31 0.6594368 0.3927337 0.0278413 0.0173979
21 0.5885680 0.3927337 0.0278413 0.0173979
22 0.6594368 0.5179981 0.0278413 0.0173978
28 0.5885680 0.5806304 0.0278413 0.0173978
28 0.3759620 0.6432626 0.0278413 0.0173979
24 0.4468306 0.3301015 0.0278413 0.0173978
22 0.7303055 0.5179981 0.0278413 0.0173978
11 0.7303055 0.3927337 0.0278413 0.0173979
13 0.7303055 0.4553659 0.0278413 0.0173979
20 0.5164338 0.3301015 0.0278413 0.0173978
15 0.7303055 0.6432626 0.0278413 0.0173979
25 0.3759620 0.5806304 0.0278413 0.0173978
7 0.5164338 0.6432626 0.0278413 0.0173979
