30 0.6339935 0.5071779 0.0282718 0.0171529
1 0.5607439 0.3836770 0.0282718 0.0171529
32 0.5639566 0.3888228 0.5204579 0.4391144
2 0.5607439 0.2601760 0.0282718 0.0171529
21 0.6339935 0.2601760 0.0282718 0.0171529
27 0.7059581 0.2601760 0.0282718 0.0171529
15 0.7779227 0.2601760 0.0282717 0.0171529
26 0.3461353 0.3219265 0.0282718 0.0171529
16 0.4180999 0.3219265 0.0282718 0.0171529
6 0.4900645 0.3219265 0.0282718 0.0171529
13 0.6339935 0.3219265 0.0282718 0.0171529
4 0.3461353 0.3836770 0.0282718 0.0171529
10 0.4180999 0.3836770 0.0282718 0.0171529
5 0.4900645 0.3836770 0.0282718 0.0171529
12 0.6339935 0.3836770 0.0282718 0.0171529
33 0.7053156 0.3831052 0.0655391 0.0617505
27 0.7059581 0.3836770 0.0282718 0.0171529
18 0.4180999 0.4454274 0.0282718 0.0171529
1 0.4900645 0.4454274 0.0282718 0.0171529
22 0.5607439 0.4454274 0.0282718 0.0171529
14 0.6339935 0.4454274 0.0282718 0.0171529
24 0.3461353 0.5071779 0.0282718 0.0171529
7 0.4180999 0.5071779 0.0282718 0.0171529
20 0.4900645 0.5071779 0.0282718 0.0171529
30 0.5607439 0.5071779 0.0282718 0.0171529
25 0.7779227 0.5071779 0.0282717 0.0171529
29 0.3461353 0.5689284 0.0282718 0.0171529
9 0.4180999 0.5689284 0.0282718 0.0171529
11 0.4900645 0.5689284 0.0282718 0.0171529
31 0.7779227 0.5689284 0.0282717 0.0171529
13 0.7059581 0.4454274 0.0282718 0.0171529
9 0.6339935 0.5689284 0.0282718 0.0171529
20 0.5607439 0.5689284 0.0282718 0.0171529
4 0.3461353 0.4454274 0.0282718 0.0171529
2 0.5607439 0.3219265 0.0282718 0.0171529
30 0.7059581 0.5071779 0.0282718 0.0171529
6 0.7779227 0.3836770 0.0282717 0.0171529
6 0.3461353 0.2601760 0.0282718 0.0171529
19 0.7779227 0.4454274 0.0282717 0.0171529
30 0.4180999 0.2601760 0.0282718 0.0171529
24 0.7059581 0.3219265 0.0282718 0.0171529
30 0.7059581 0.5689284 0.0282718 0.0171529
1 0.7779227 0.3219265 0.0282717 0.0171529
8 0.4900645 0.2601760 0.0282718 0.0171529
