26 0.4737656 0.5414813 0.0285078 0.0168871
24 0.6188963 0.6022748 0.0285078 0.0168871
32 0.4031440 0.5465474 0.5248030 0.4323095
9 0.1835042 0.4198943 0.0285078 0.0168871
19 0.2560695 0.4198943 0.0285078 0.0168871
13 0.3286349 0.4198943 0.0285078 0.0168871
2 0.3999044 0.4198943 0.0285078 0.0168871
11 0.4737656 0.4198943 0.0285078 0.0168871
3 0.5463309 0.4198943 0.0285078 0.0168871
15 0.3286349 0.4806878 0.0285078 0.0168871
23 0.3999044 0.4806878 0.0285078 0.0168871
30 0.5463309 0.4806878 0.0285078 0.0168871
12 0.6188963 0.4806878 0.0285078 0.0168871
27 0.1835042 0.5414813 0.0285078 0.0168871
31 0.3286349 0.5414813 0.0285078 0.0168871
33 0.6188963 0.5409184 0.0673821 0.0607935
30 0.6188963 0.5414813 0.0285078 0.0168871
25 0.2560695 0.6022748 0.0285078 0.0168871
4 0.3286349 0.6022748 0.0285078 0.0168871
7 0.3999044 0.6022748 0.0285078 0.0168871
24 0.5463309 0.6022748 0.0285078 0.0168871
16 0.1835042 0.6630684 0.0285078 0.0168871
10 0.2560695 0.6630684 0.0285078 0.0168871
1 0.4737656 0.6630684 0.0285078 0.0168871
22 0.5463309 0.6630684 0.0285078 0.0168871
18 0.6188963 0.6630684 0.0285078 0.0168871
17 0.1835042 0.7238619 0.0285078 0.0168871
29 0.2560695 0.7238619 0.0285078 0.0168871
6 0.3999044 0.7238619 0.0285078 0.0168871
26 0.5463309 0.7238619 0.0285078 0.0168871
14 0.3999044 0.6630684 0.0285078 0.0168871
24 0.4737656 0.6022748 0.0285078 0.0168871
2 0.1835042 0.4806878 0.0285078 0.0168871
10 0.3286349 0.7238619 0.0285078 0.0168871
20 0.2560695 0.5414813 0.0285078 0.0168871
26 0.6188963 0.7238619 0.0285078 0.0168871
24 0.5463309 0.5414813 0.0285078 0.0168871
17 0.3999044 0.5414813 0.0285078 0.0168871
29 0.1835042 0.6022748 0.0285078 0.0168871
24 0.2560695 0.4806878 0.0285078 0.0168871
1 0.6188963 0.4198943 0.0285078 0.0168871
16 0.4737656 0.7238619 0.0285078 0.0168871
21 0.4737656 0.4806878 0.0285078 0.0168871
22 0.3286349 0.6630684 0.0285078 0.0168871
