11 0.3361462 0.4742585 0.0265502 0.0163404
22 0.4713110 0.7095601 0.0265502 0.0163404
32 0.5407036 0.5968115 0.4887656 0.4183141
17 0.4037286 0.4742585 0.0265503 0.0163404
20 0.6740582 0.4742585 0.0265502 0.0163404
8 0.7416406 0.4742585 0.0265503 0.0163404
34 0.4031252 0.5325392 0.0615483 0.0588254
12 0.4037286 0.5330839 0.0265503 0.0163404
11 0.5376866 0.5330839 0.0265502 0.0163404
6 0.6064758 0.5330839 0.0265502 0.0163404
10 0.7416406 0.5330839 0.0265503 0.0163404
1 0.4037286 0.5919093 0.0265503 0.0163403
12 0.4713110 0.5919093 0.0265502 0.0163403
18 0.6064758 0.5919093 0.0265502 0.0163403
26 0.6740582 0.5919093 0.0265502 0.0163403
15 0.3361462 0.6507347 0.0265502 0.0163404
19 0.4037286 0.6507347 0.0265503 0.0163404
31 0.5376866 0.6507347 0.0265502 0.0163404
13 0.6064758 0.6507347 0.0265502 0.0163404
27 0.6740582 0.6507347 0.0265502 0.0163404
24 0.7416406 0.6507347 0.0265503 0.0163404
2 0.3361462 0.7095601 0.0265502 0.0163404
14 0.4037286 0.7095601 0.0265503 0.0163404
25 0.6064758 0.7095601 0.0265502 0.0163404
22 0.6740582 0.7095601 0.0265502 0.0163404
9 0.4713110 0.7683856 0.0265502 0.0163404
30 0.5376866 0.7683856 0.0265502 0.0163404
23 0.6064758 0.7683856 0.0265502 0.0163404
7 0.6740582 0.7683856 0.0265502 0.0163404
21 0.7416406 0.7683856 0.0265503 0.0163404
30 0.5376866 0.4742585 0.0265502 0.0163404
20 0.4037286 0.7683856 0.0265503 0.0163404
22 0.7416406 0.5919093 0.0265503 0.0163403
8 0.5376866 0.7095601 0.0265502 0.0163404
31 0.3361462 0.5330839 0.0265502 0.0163404
31 0.3361462 0.5919093 0.0265502 0.0163403
30 0.7416406 0.7095601 0.0265503 0.0163404
2 0.3361462 0.7683856 0.0265502 0.0163404
2 0.6064758 0.4742585 0.0265502 0.0163404
25 0.4713110 0.4742585 0.0265502 0.0163404
28 0.4713110 0.5330839 0.0265502 0.0163404
13 0.6740582 0.5330839 0.0265502 0.0163404
6 0.4713110 0.6507347 0.0265502 0.0163404
26 0.5376866 0.5919093 0.0265502 0.0163403
