25 0.6282329 0.4890744 0.0267285 0.0169916
5 0.4253396 0.4279046 0.0267284 0.0169916
32 0.6312702 0.3718322 0.4920464 0.4349856
21 0.4253396 0.2443950 0.0267284 0.0169916
24 0.5614117 0.2443950 0.0267284 0.0169916
10 0.7655199 0.2443950 0.0267284 0.0169916
13 0.8335559 0.2443950 0.0267284 0.0169916
14 0.4253396 0.3055648 0.0267284 0.0169916
33 0.6282329 0.3049985 0.0631763 0.0611699
29 0.6282329 0.3055648 0.0267285 0.0169916
19 0.6974838 0.3055648 0.0267284 0.0169916
16 0.7655199 0.3055648 0.0267284 0.0169916
18 0.8335559 0.3055648 0.0267284 0.0169916
7 0.4253396 0.3667347 0.0267284 0.0169916
9 0.4933757 0.3667347 0.0267285 0.0169916
3 0.6282329 0.3667347 0.0267285 0.0169916
27 0.7655199 0.3667347 0.0267284 0.0169916
20 0.8335559 0.3667347 0.0267284 0.0169916
6 0.4933757 0.4279046 0.0267285 0.0169916
12 0.6282329 0.4279046 0.0267285 0.0169916
29 0.7655199 0.4279046 0.0267284 0.0169916
23 0.8335559 0.4279046 0.0267284 0.0169916
22 0.4933757 0.4890744 0.0267285 0.0169916
1 0.7655199 0.4890744 0.0267284 0.0169916
25 0.8335559 0.4890744 0.0267284 0.0169916
31 0.4253396 0.5502443 0.0267284 0.0169916
17 0.4933757 0.5502443 0.0267285 0.0169916
8 0.5614117 0.5502443 0.0267284 0.0169916
5 0.6282329 0.5502443 0.0267285 0.0169916
2 0.6974838 0.5502443 0.0267284 0.0169916
26 0.8335559 0.5502443 0.0267284 0.0169916
10 0.5614117 0.4279046 0.0267284 0.0169916
31 0.5614117 0.3667347 0.0267284 0.0169916
1 0.4933757 0.2443950 0.0267285 0.0169916
7 0.4253396 0.4890744 0.0267284 0.0169916
16 0.6974838 0.4890744 0.0267284 0.0169916
31 0.6282329 0.2443950 0.0267285 0.0169916
18 0.7655199 0.5502443 0.0267284 0.0169916
22 0.5614117 0.4890744 0.0267284 0.0169916
19 0.5614117 0.3055648 0.0267284 0.0169916
27 0.6974838 0.2443950 0.0267284 0.0169916
2 0.6974838 0.3667347 0.0267284 0.0169916
24 0.4933757 0.3055648 0.0267285 0.0169916
11 0.6974838 0.4279046 0.0267284 0.0169916
