27 0.6908443 0.4149523 0.0285414 0.0171258
27 0.3275906 0.2299935 0.0285414 0.0171258
32 0.4748381 0.3584372 0.5254205 0.4384209
13 0.2549399 0.2299935 0.0285414 0.0171258
31 0.4002414 0.2299935 0.0285413 0.0171258
7 0.5455428 0.2299935 0.0285414 0.0171258
10 0.6908443 0.2299935 0.0285414 0.0171258
23 0.2549399 0.2916465 0.0285414 0.0171258
16 0.3275906 0.2916465 0.0285414 0.0171258
24 0.4002414 0.2916465 0.0285413 0.0171258
30 0.5455428 0.2916465 0.0285414 0.0171258
6 0.6181936 0.2916465 0.0285414 0.0171258
3 0.6908443 0.2916465 0.0285414 0.0171258
1 0.2549399 0.3532994 0.0285414 0.0171259
15 0.4002414 0.3532994 0.0285413 0.0171259
4 0.6908443 0.3532994 0.0285414 0.0171259
5 0.2549399 0.4149523 0.0285414 0.0171258
2 0.4002414 0.4149523 0.0285413 0.0171258
8 0.5455428 0.4149523 0.0285414 0.0171258
33 0.2549399 0.4760344 0.0674614 0.0616529
30 0.2549399 0.4766052 0.0285414 0.0171258
18 0.4002414 0.4766052 0.0285413 0.0171258
9 0.4715948 0.4766052 0.0285414 0.0171258
27 0.5455428 0.4766052 0.0285414 0.0171258
14 0.6181936 0.4766052 0.0285414 0.0171258
26 0.2549399 0.5382582 0.0285414 0.0171259
19 0.3275906 0.5382582 0.0285414 0.0171259
12 0.4002414 0.5382582 0.0285413 0.0171259
29 0.5455428 0.5382582 0.0285414 0.0171259
21 0.6908443 0.5382582 0.0285414 0.0171259
8 0.4715948 0.2916465 0.0285414 0.0171258
6 0.3275906 0.3532994 0.0285414 0.0171259
9 0.4715948 0.4149523 0.0285414 0.0171258
4 0.6181936 0.2299935 0.0285414 0.0171258
28 0.6181936 0.5382582 0.0285414 0.0171259
26 0.3275906 0.4766052 0.0285414 0.0171258
9 0.6181936 0.3532994 0.0285414 0.0171259
31 0.6181936 0.4149523 0.0285414 0.0171258
4 0.5455428 0.3532994 0.0285414 0.0171259
19 0.6908443 0.4766052 0.0285414 0.0171258
10 0.4715948 0.5382582 0.0285414 0.0171259
28 0.4715948 0.2299935 0.0285414 0.0171258
17 0.3275906 0.4149523 0.0285414 0.0171258
19 0.4715948 0.3532994 0.0285414 0.0171259
