31 0.4221082 0.5405564 0.0280346 0.0170188
6 0.0653040 0.7856274 0.0280346 0.0170188
32 0.2812980 0.6069298 0.5160919 0.4356818
3 0.1366648 0.4792886 0.0280346 0.0170188
24 0.2080257 0.4792886 0.0280346 0.0170188
17 0.2781122 0.4792886 0.0280346 0.0170188
11 0.4934691 0.4792886 0.0280346 0.0170188
1 0.0653040 0.5405564 0.0280346 0.0170188
2 0.2781122 0.5405564 0.0280346 0.0170188
22 0.3507474 0.5405564 0.0280346 0.0170188
21 0.4934691 0.5405564 0.0280346 0.0170188
23 0.0653040 0.6018241 0.0280346 0.0170188
5 0.3507474 0.6018241 0.0280346 0.0170188
9 0.4221082 0.6018241 0.0280346 0.0170188
4 0.4934691 0.6018241 0.0280346 0.0170188
25 0.1366648 0.6630919 0.0280346 0.0170188
7 0.3507474 0.6630919 0.0280346 0.0170188
10 0.4221082 0.6630919 0.0280346 0.0170188
31 0.4934691 0.6630919 0.0280346 0.0170188
15 0.0653040 0.7243597 0.0280346 0.0170188
34 0.1360277 0.7237924 0.0649893 0.0612678
30 0.1366648 0.7243597 0.0280346 0.0170188
29 0.2080257 0.7243597 0.0280346 0.0170188
19 0.3507474 0.7243597 0.0280346 0.0170188
30 0.4221082 0.7243597 0.0280346 0.0170188
8 0.4934691 0.7243597 0.0280346 0.0170188
16 0.2080257 0.7856274 0.0280346 0.0170188
13 0.2781122 0.7856274 0.0280346 0.0170188
20 0.3507474 0.7856274 0.0280346 0.0170188
26 0.4221082 0.7856274 0.0280346 0.0170188
30 0.1366648 0.7856274 0.0280346 0.0170188
18 0.2781122 0.7243597 0.0280346 0.0170188
10 0.2781122 0.6018241 0.0280346 0.0170188
19 0.2080257 0.5405564 0.0280346 0.0170188
31 0.2080257 0.6018241 0.0280346 0.0170188
1 0.1366648 0.5405564 0.0280346 0.0170188
22 0.0653040 0.4792886 0.0280346 0.0170188
17 0.2080257 0.6630919 0.0280346 0.0170188
3 0.2781122 0.6630919 0.0280346 0.0170188
29 0.4934691 0.7856274 0.0280346 0.0170188
5 0.3507474 0.4792886 0.0280346 0.0170188
14 0.0653040 0.6630919 0.0280346 0.0170188
15 0.4221082 0.4792886 0.0280346 0.0170188
21 0.1366648 0.6018241 0.0280346 0.0170188
