5 0.5806887 0.7546937 0.0261348 0.0174543
22 0.3799255 0.5033526 0.0261348 0.0174543
32 0.3828954 0.6342594 0.4811190 0.4468285
1 0.2480632 0.5033526 0.0261349 0.0174543
23 0.4476385 0.5033526 0.0261349 0.0174543
21 0.1815381 0.5661879 0.0261349 0.0174542
27 0.2480632 0.5661879 0.0261349 0.0174542
16 0.4476385 0.5661879 0.0261349 0.0174542
34 0.5135696 0.5656060 0.0605854 0.0628352
6 0.5141636 0.5661879 0.0261349 0.0174542
26 0.5806887 0.5661879 0.0261348 0.0174542
8 0.3145883 0.6290231 0.0261349 0.0174543
19 0.5806887 0.6290231 0.0261348 0.0174543
17 0.1815381 0.6918584 0.0261349 0.0174543
9 0.2480632 0.6918584 0.0261349 0.0174543
4 0.3145883 0.6918584 0.0261349 0.0174543
20 0.3799255 0.6918584 0.0261348 0.0174543
7 0.5141636 0.6918584 0.0261349 0.0174543
15 0.5806887 0.6918584 0.0261348 0.0174543
5 0.1815381 0.7546937 0.0261349 0.0174543
11 0.2480632 0.7546937 0.0261349 0.0174543
13 0.3145883 0.7546937 0.0261349 0.0174543
22 0.3799255 0.7546937 0.0261348 0.0174543
2 0.4476385 0.7546937 0.0261349 0.0174543
3 0.1815381 0.8175289 0.0261349 0.0174542
31 0.2480632 0.8175289 0.0261349 0.0174542
6 0.3145883 0.8175289 0.0261349 0.0174542
14 0.3799255 0.8175289 0.0261348 0.0174542
18 0.5141636 0.8175289 0.0261349 0.0174542
30 0.5806887 0.8175289 0.0261348 0.0174542
1 0.3799255 0.6290231 0.0261348 0.0174543
13 0.2480632 0.6290231 0.0261349 0.0174543
28 0.5806887 0.5033526 0.0261348 0.0174543
16 0.3145883 0.5661879 0.0261349 0.0174542
25 0.5141636 0.7546937 0.0261349 0.0174543
16 0.3145883 0.5033526 0.0261349 0.0174543
17 0.1815381 0.6290231 0.0261349 0.0174543
29 0.4476385 0.6290231 0.0261349 0.0174543
9 0.3799255 0.5661879 0.0261348 0.0174542
3 0.1815381 0.5033526 0.0261349 0.0174543
13 0.5141636 0.5033526 0.0261349 0.0174543
8 0.5141636 0.6290231 0.0261349 0.0174543
9 0.4476385 0.6918584 0.0261349 0.0174543
5 0.4476385 0.8175289 0.0261349 0.0174542
