7 0.7351289 0.5992697 0.0269231 0.0163321
7 0.5980659 0.5404743 0.0269231 0.0163321
32 0.5313700 0.6041693 0.4956296 0.4181005
14 0.3239399 0.4816789 0.0269231 0.0163321
2 0.5980659 0.4816789 0.0269231 0.0163321
17 0.3924714 0.5404743 0.0269231 0.0163321
16 0.4610029 0.5404743 0.0269231 0.0163321
11 0.5283105 0.5404743 0.0269231 0.0163321
20 0.6665974 0.5404743 0.0269231 0.0163321
30 0.7351289 0.5404743 0.0269231 0.0163321
10 0.3239399 0.5992697 0.0269231 0.0163321
4 0.4610029 0.5992697 0.0269231 0.0163321
12 0.5283105 0.5992697 0.0269231 0.0163321
8 0.6665974 0.5992697 0.0269231 0.0163321
5 0.3239399 0.6580651 0.0269231 0.0163321
34 0.3918595 0.6575207 0.0624126 0.0587954
4 0.3924714 0.6580651 0.0269231 0.0163321
6 0.4610029 0.6580651 0.0269231 0.0163321
7 0.5283105 0.6580651 0.0269231 0.0163321
25 0.6665974 0.6580651 0.0269231 0.0163321
31 0.7351289 0.6580651 0.0269231 0.0163321
18 0.3239399 0.7168604 0.0269231 0.0163321
13 0.3924714 0.7168604 0.0269231 0.0163321
24 0.4610029 0.7168604 0.0269231 0.0163321
26 0.5283105 0.7168604 0.0269231 0.0163321
22 0.7351289 0.7168604 0.0269231 0.0163321
15 0.3239399 0.7756559 0.0269231 0.0163321
27 0.5283105 0.7756559 0.0269231 0.0163321
9 0.5980659 0.7756559 0.0269231 0.0163321
1 0.7351289 0.7756559 0.0269231 0.0163321
16 0.3239399 0.5404743 0.0269231 0.0163321
6 0.5980659 0.6580651 0.0269231 0.0163321
19 0.6665974 0.7756559 0.0269231 0.0163321
29 0.5980659 0.7168604 0.0269231 0.0163321
9 0.5980659 0.5992697 0.0269231 0.0163321
5 0.5283105 0.4816789 0.0269231 0.0163321
10 0.6665974 0.4816789 0.0269231 0.0163321
7 0.3924714 0.5992697 0.0269231 0.0163321
3 0.3924714 0.4816789 0.0269231 0.0163321
24 0.7351289 0.4816789 0.0269231 0.0163321
26 0.3924714 0.7756559 0.0269231 0.0163321
12 0.4610029 0.7756559 0.0269231 0.0163321
24 0.4610029 0.4816789 0.0269231 0.0163321
8 0.6665974 0.7168604 0.0269231 0.0163321
