15 0.3626402 0.7847543 0.0264588 0.0160677
24 0.4961370 0.4955357 0.0264589 0.0160677
32 0.4991437 0.6160434 0.4870831 0.4113332
6 0.2952904 0.4955357 0.0264588 0.0160677
27 0.3626402 0.4955357 0.0264588 0.0160677
30 0.4299899 0.4955357 0.0264588 0.0160677
19 0.5646894 0.4955357 0.0264589 0.0160677
16 0.3626402 0.5533794 0.0264588 0.0160677
34 0.4299899 0.5528438 0.0625391 0.0578437
22 0.4299899 0.5533794 0.0264588 0.0160677
14 0.6320392 0.5533794 0.0264588 0.0160677
24 0.6993889 0.5533794 0.0264588 0.0160677
7 0.2952904 0.6112231 0.0264588 0.0160677
11 0.3626402 0.6112231 0.0264588 0.0160677
3 0.5646894 0.6112231 0.0264589 0.0160677
8 0.6993889 0.6112231 0.0264588 0.0160677
2 0.4299899 0.6690668 0.0264588 0.0160677
25 0.4961370 0.6690668 0.0264589 0.0160677
17 0.5646894 0.6690668 0.0264589 0.0160677
22 0.6993889 0.6690668 0.0264588 0.0160677
21 0.2952904 0.7269105 0.0264588 0.0160677
1 0.3626402 0.7269105 0.0264588 0.0160677
29 0.4299899 0.7269105 0.0264588 0.0160677
12 0.5646894 0.7269105 0.0264589 0.0160677
26 0.6320392 0.7269105 0.0264588 0.0160677
23 0.6993889 0.7269105 0.0264588 0.0160677
20 0.2952904 0.7847543 0.0264588 0.0160677
13 0.4961370 0.7847543 0.0264589 0.0160677
31 0.5646894 0.7847543 0.0264589 0.0160677
5 0.6993889 0.7847543 0.0264588 0.0160677
4 0.6993889 0.4955357 0.0264588 0.0160677
17 0.3626402 0.6690668 0.0264588 0.0160677
24 0.6320392 0.7847543 0.0264588 0.0160677
1 0.2952904 0.6690668 0.0264588 0.0160677
22 0.4961370 0.6112231 0.0264589 0.0160677
17 0.6320392 0.6690668 0.0264588 0.0160677
4 0.4299899 0.7847543 0.0264588 0.0160677
1 0.4961370 0.5533794 0.0264589 0.0160677
18 0.5646894 0.5533794 0.0264589 0.0160677
27 0.4961370 0.7269105 0.0264589 0.0160677
8 0.6320392 0.6112231 0.0264588 0.0160677
31 0.6320392 0.4955357 0.0264588 0.0160677
28 0.4299899 0.6112231 0.0264588 0.0160677
13 0.2952904 0.5533794 0.0264588 0.0160677
