29 0.4520271 0.6560354 0.0280747 0.0172560
12 0.6664159 0.5317920 0.0280746 0.0172560
32 0.5968671 0.5990905 0.5168300 0.4417545
17 0.4520271 0.4696702 0.0280747 0.0172561
22 0.5936768 0.4696702 0.0280747 0.0172561
20 0.6664159 0.4696702 0.0280746 0.0172561
6 0.7378787 0.4696702 0.0280747 0.0172561
16 0.3805642 0.5317920 0.0280747 0.0172560
25 0.4520271 0.5317920 0.0280747 0.0172560
34 0.5234900 0.5312168 0.0663584 0.0621217
14 0.5234900 0.5317920 0.0280747 0.0172560
8 0.5936768 0.5317920 0.0280747 0.0172560
4 0.3805642 0.5939136 0.0280747 0.0172560
12 0.5936768 0.5939136 0.0280747 0.0172560
30 0.8093417 0.5939136 0.0280747 0.0172560
27 0.3805642 0.6560354 0.0280747 0.0172560
11 0.5234900 0.6560354 0.0280747 0.0172560
24 0.7378787 0.6560354 0.0280747 0.0172560
9 0.8093417 0.6560354 0.0280747 0.0172560
7 0.4520271 0.7181571 0.0280747 0.0172560
10 0.6664159 0.7181571 0.0280746 0.0172560
23 0.7378787 0.7181571 0.0280747 0.0172560
14 0.8093417 0.7181571 0.0280747 0.0172560
18 0.3805642 0.7802788 0.0280747 0.0172560
26 0.4520271 0.7802788 0.0280747 0.0172560
31 0.5234900 0.7802788 0.0280747 0.0172560
1 0.5936768 0.7802788 0.0280747 0.0172560
2 0.6664159 0.7802788 0.0280746 0.0172560
21 0.7378787 0.7802788 0.0280747 0.0172560
29 0.8093417 0.7802788 0.0280747 0.0172560
1 0.5234900 0.7181571 0.0280747 0.0172560
26 0.8093417 0.4696702 0.0280747 0.0172561
14 0.3805642 0.7181571 0.0280747 0.0172560
21 0.7378787 0.5317920 0.0280747 0.0172560
8 0.7378787 0.5939136 0.0280747 0.0172560
2 0.6664159 0.6560354 0.0280746 0.0172560
4 0.5936768 0.6560354 0.0280747 0.0172560
27 0.5936768 0.7181571 0.0280747 0.0172560
28 0.5234900 0.4696702 0.0280747 0.0172561
18 0.8093417 0.5317920 0.0280747 0.0172560
9 0.4520271 0.5939136 0.0280747 0.0172560
19 0.6664159 0.5939136 0.0280746 0.0172560
11 0.5234900 0.5939136 0.0280747 0.0172560
7 0.3805642 0.4696702 0.0280747 0.0172561
