27 0.2154074 0.6100446 0.0288225 0.0173803
7 0.5088727 0.5474757 0.0288225 0.0173803
32 0.2907389 0.4275518 0.5305958 0.4449349
9 0.0686747 0.2971998 0.0288225 0.0173803
23 0.1420410 0.2971998 0.0288225 0.0173803
17 0.2154074 0.2971998 0.0288225 0.0173803
24 0.0686747 0.3597688 0.0288225 0.0173803
19 0.1420410 0.3597688 0.0288225 0.0173803
18 0.3621400 0.3597688 0.0288225 0.0173803
31 0.4355064 0.3597688 0.0288225 0.0173803
22 0.5088727 0.3597688 0.0288225 0.0173803
4 0.0686747 0.4223377 0.0288225 0.0173803
1 0.1420410 0.4223377 0.0288225 0.0173803
8 0.3621400 0.4223377 0.0288225 0.0173803
26 0.4355064 0.4223377 0.0288225 0.0173803
7 0.0686747 0.4849067 0.0288225 0.0173803
16 0.2874636 0.4849067 0.0288225 0.0173803
5 0.3621400 0.4849067 0.0288225 0.0173803
3 0.4355064 0.4849067 0.0288225 0.0173803
27 0.5088727 0.4849067 0.0288225 0.0173803
25 0.0686747 0.5474757 0.0288225 0.0173803
13 0.1420410 0.5474757 0.0288225 0.0173803
33 0.2874636 0.5468963 0.0681259 0.0625690
8 0.2874636 0.5474757 0.0288225 0.0173803
2 0.3621400 0.5474757 0.0288225 0.0173803
10 0.4355064 0.5474757 0.0288225 0.0173803
6 0.1420410 0.6100446 0.0288225 0.0173803
11 0.3621400 0.6100446 0.0288225 0.0173803
21 0.4355064 0.6100446 0.0288225 0.0173803
29 0.5088727 0.6100446 0.0288225 0.0173803
30 0.2154074 0.3597688 0.0288225 0.0173803
12 0.2874636 0.6100446 0.0288225 0.0173803
31 0.2874636 0.3597688 0.0288225 0.0173803
14 0.2154074 0.4849067 0.0288225 0.0173803
20 0.2154074 0.5474757 0.0288225 0.0173803
24 0.2154074 0.4223377 0.0288225 0.0173803
6 0.2874636 0.2971998 0.0288225 0.0173803
25 0.5088727 0.4223377 0.0288225 0.0173803
9 0.1420410 0.4849067 0.0288225 0.0173803
7 0.5088727 0.2971998 0.0288225 0.0173803
21 0.2874636 0.4223377 0.0288225 0.0173803
1 0.0686747 0.6100446 0.0288225 0.0173803
14 0.3621400 0.2971998 0.0288225 0.0173803
7 0.4355064 0.2971998 0.0288225 0.0173803
