10 0.5290145 0.6696111 0.0264029 0.0171389
19 0.5290145 0.3611118 0.0264029 0.0171388
32 0.3963999 0.4896532 0.4860533 0.4387546
14 0.1929776 0.3611118 0.0264029 0.0171388
19 0.2601850 0.3611118 0.0264029 0.0171388
24 0.3933996 0.3611118 0.0264029 0.0171388
8 0.4618071 0.3611118 0.0264029 0.0171388
25 0.5962218 0.3611118 0.0264029 0.0171388
30 0.1929776 0.4228117 0.0264029 0.0171389
16 0.2601850 0.4228117 0.0264029 0.0171389
2 0.3273923 0.4228117 0.0264029 0.0171389
23 0.5290145 0.4228117 0.0264029 0.0171389
20 0.5962218 0.4228117 0.0264029 0.0171389
7 0.4618071 0.4845115 0.0264029 0.0171388
29 0.3273923 0.5462114 0.0264029 0.0171389
18 0.4618071 0.5462114 0.0264029 0.0171389
22 0.5290145 0.5462114 0.0264029 0.0171389
26 0.5962218 0.5462114 0.0264029 0.0171389
11 0.1929776 0.6079112 0.0264029 0.0171388
3 0.3273923 0.6079112 0.0264029 0.0171388
33 0.3933996 0.6073400 0.0624068 0.0616999
26 0.3933996 0.6079112 0.0264029 0.0171388
31 0.5290145 0.6079112 0.0264029 0.0171388
27 0.5962218 0.6079112 0.0264029 0.0171388
5 0.1929776 0.6696111 0.0264029 0.0171389
17 0.2601850 0.6696111 0.0264029 0.0171389
9 0.3273923 0.6696111 0.0264029 0.0171389
21 0.3933996 0.6696111 0.0264029 0.0171389
15 0.4618071 0.6696111 0.0264029 0.0171389
1 0.5962218 0.6696111 0.0264029 0.0171389
31 0.3273923 0.3611118 0.0264029 0.0171388
15 0.4618071 0.6079112 0.0264029 0.0171388
6 0.1929776 0.4845115 0.0264029 0.0171388
13 0.3933996 0.4228117 0.0264029 0.0171389
29 0.5962218 0.4845115 0.0264029 0.0171388
9 0.4618071 0.4228117 0.0264029 0.0171389
12 0.3933996 0.4845115 0.0264029 0.0171388
6 0.5290145 0.4845115 0.0264029 0.0171388
7 0.2601850 0.5462114 0.0264029 0.0171389
5 0.2601850 0.4845115 0.0264029 0.0171388
2 0.1929776 0.5462114 0.0264029 0.0171389
29 0.3933996 0.5462114 0.0264029 0.0171389
13 0.2601850 0.6079112 0.0264029 0.0171388
5 0.3273923 0.4845115 0.0264029 0.0171388
