21 0.4710152 0.6066768 0.0284947 0.0163961
12 0.4710152 0.6657031 0.0284947 0.0163961
32 0.4742533 0.5525694 0.5245617 0.4197426
23 0.3272465 0.4295980 0.0284947 0.0163962
5 0.3997784 0.4295980 0.0284947 0.0163962
3 0.4710152 0.4295980 0.0284947 0.0163962
7 0.5448425 0.4295980 0.0284947 0.0163962
8 0.6173744 0.4295980 0.0284947 0.0163962
18 0.6899064 0.4295980 0.0284947 0.0163962
11 0.3272465 0.4886243 0.0284947 0.0163962
30 0.3997784 0.4886243 0.0284947 0.0163962
24 0.4710152 0.4886243 0.0284947 0.0163962
26 0.5448425 0.4886243 0.0284947 0.0163962
33 0.6167268 0.4880777 0.0660559 0.0590263
6 0.6173744 0.4886243 0.0284947 0.0163962
9 0.6899064 0.4886243 0.0284947 0.0163962
14 0.2547145 0.5476506 0.0284947 0.0163962
4 0.4710152 0.5476506 0.0284947 0.0163962
16 0.5448425 0.5476506 0.0284947 0.0163962
15 0.6173744 0.5476506 0.0284947 0.0163962
25 0.6899064 0.5476506 0.0284947 0.0163962
21 0.3272465 0.6066768 0.0284947 0.0163961
12 0.3997784 0.6066768 0.0284947 0.0163961
2 0.6173744 0.6066768 0.0284947 0.0163961
22 0.3272465 0.6657031 0.0284947 0.0163961
17 0.2547145 0.7247294 0.0284947 0.0163961
31 0.3997784 0.7247294 0.0284947 0.0163961
27 0.5448425 0.7247294 0.0284947 0.0163961
19 0.6173744 0.7247294 0.0284947 0.0163961
6 0.6899064 0.7247294 0.0284947 0.0163961
1 0.3272465 0.7247294 0.0284947 0.0163961
28 0.2547145 0.4886243 0.0284947 0.0163962
20 0.3997784 0.5476506 0.0284947 0.0163962
17 0.2547145 0.6657031 0.0284947 0.0163961
19 0.2547145 0.6066768 0.0284947 0.0163961
16 0.4710152 0.7247294 0.0284947 0.0163961
28 0.5448425 0.6066768 0.0284947 0.0163961
16 0.3997784 0.6657031 0.0284947 0.0163961
24 0.2547145 0.4295980 0.0284947 0.0163962
15 0.3272465 0.5476506 0.0284947 0.0163962
14 0.5448425 0.6657031 0.0284947 0.0163961
6 0.6899064 0.6657031 0.0284947 0.0163961
11 0.6173744 0.6657031 0.0284947 0.0163961
25 0.6899064 0.6066768 0.0284947 0.0163961
