3 0.1939926 0.3642949 0.0263629 0.0159795
16 0.5295199 0.4218212 0.0263628 0.0159795
32 0.3971065 0.3690887 0.4853163 0.4090756
30 0.2610981 0.2492424 0.0263629 0.0159795
31 0.3941107 0.2492424 0.0263628 0.0159795
6 0.4624145 0.2492424 0.0263629 0.0159795
14 0.5295199 0.2492424 0.0263628 0.0159795
20 0.1939926 0.3067687 0.0263629 0.0159795
7 0.2610981 0.3067687 0.0263629 0.0159795
3 0.3941107 0.3067687 0.0263628 0.0159795
4 0.5966254 0.3067687 0.0263629 0.0159795
25 0.3282035 0.3642949 0.0263629 0.0159795
34 0.4618153 0.3637622 0.0635105 0.0575262
28 0.4624145 0.3642949 0.0263629 0.0159795
16 0.5966254 0.3642949 0.0263629 0.0159795
17 0.1939926 0.4218212 0.0263629 0.0159795
24 0.2610981 0.4218212 0.0263629 0.0159795
26 0.3282035 0.4218212 0.0263629 0.0159795
19 0.4624145 0.4218212 0.0263629 0.0159795
18 0.5966254 0.4218212 0.0263629 0.0159795
29 0.1939926 0.4793474 0.0263629 0.0159795
22 0.2610981 0.4793474 0.0263629 0.0159795
10 0.3941107 0.4793474 0.0263628 0.0159795
15 0.5295199 0.4793474 0.0263628 0.0159795
5 0.5966254 0.4793474 0.0263629 0.0159795
13 0.1939926 0.5368736 0.0263629 0.0159795
1 0.2610981 0.5368736 0.0263629 0.0159795
11 0.3941107 0.5368736 0.0263628 0.0159795
12 0.5295199 0.5368736 0.0263628 0.0159795
27 0.5966254 0.5368736 0.0263629 0.0159795
25 0.5295199 0.3067687 0.0263628 0.0159795
27 0.4624145 0.5368736 0.0263629 0.0159795
13 0.3282035 0.5368736 0.0263629 0.0159795
2 0.4624145 0.4793474 0.0263629 0.0159795
24 0.3941107 0.3642949 0.0263628 0.0159795
31 0.3282035 0.4793474 0.0263629 0.0159795
6 0.3941107 0.4218212 0.0263628 0.0159795
25 0.5295199 0.3642949 0.0263628 0.0159795
31 0.4624145 0.3067687 0.0263629 0.0159795
5 0.3282035 0.3067687 0.0263629 0.0159795
11 0.2610981 0.3642949 0.0263629 0.0159795
9 0.5966254 0.2492424 0.0263629 0.0159795
3 0.1939926 0.2492424 0.0263629 0.0159795
15 0.3282035 0.2492424 0.0263629 0.0159795
