16 0.4206005 0.3183560 0.0283500 0.0162851
8 0.5636392 0.5528610 0.0283500 0.0162851
32 0.5668608 0.3818677 0.5218981 0.4168977
7 0.3484368 0.2597297 0.0283500 0.0162851
29 0.4206005 0.2597297 0.0283500 0.0162851
3 0.5636392 0.2597297 0.0283500 0.0162851
6 0.6370915 0.2597297 0.0283500 0.0162851
15 0.7814189 0.2597297 0.0283500 0.0162851
22 0.3484368 0.3183560 0.0283500 0.0162851
27 0.5636392 0.3183560 0.0283500 0.0162851
21 0.7092552 0.3183560 0.0283500 0.0162851
33 0.3484368 0.3764394 0.0670091 0.0586262
6 0.3484368 0.3769822 0.0283500 0.0162851
20 0.6370915 0.3769822 0.0283500 0.0162851
24 0.7092552 0.3769822 0.0283500 0.0162851
9 0.7814189 0.3769822 0.0283500 0.0162851
18 0.3484368 0.4356085 0.0283500 0.0162851
10 0.4206005 0.4356085 0.0283500 0.0162851
17 0.4927641 0.4356085 0.0283500 0.0162851
23 0.5636392 0.4356085 0.0283500 0.0162851
1 0.6370915 0.4356085 0.0283500 0.0162851
19 0.7092552 0.4356085 0.0283500 0.0162851
31 0.7814189 0.4356085 0.0283500 0.0162851
4 0.3484368 0.4942347 0.0283500 0.0162851
30 0.4206005 0.4942347 0.0283500 0.0162851
5 0.4927641 0.4942347 0.0283500 0.0162851
2 0.3484368 0.5528610 0.0283500 0.0162851
11 0.4206005 0.5528610 0.0283500 0.0162851
25 0.6370915 0.5528610 0.0283500 0.0162851
8 0.7814189 0.5528610 0.0283500 0.0162851
30 0.4206005 0.3769822 0.0283500 0.0162851
31 0.4927641 0.5528610 0.0283500 0.0162851
2 0.4927641 0.3769822 0.0283500 0.0162851
11 0.4927641 0.3183560 0.0283500 0.0162851
3 0.6370915 0.4942347 0.0283500 0.0162851
17 0.5636392 0.4942347 0.0283500 0.0162851
1 0.7814189 0.3183560 0.0283500 0.0162851
10 0.6370915 0.3183560 0.0283500 0.0162851
19 0.7092552 0.4942347 0.0283500 0.0162851
28 0.7814189 0.4942347 0.0283500 0.0162851
24 0.7092552 0.2597297 0.0283500 0.0162851
18 0.5636392 0.3769822 0.0283500 0.0162851
5 0.7092552 0.5528610 0.0283500 0.0162851
20 0.4927641 0.2597297 0.0283500 0.0162851
