18 0.1524605 0.4913489 0.0285361 0.0165462
21 0.3703725 0.5509155 0.0285361 0.0165462
32 0.2996808 0.4963128 0.5253234 0.4235845
20 0.1524605 0.3722158 0.0285361 0.0165463
30 0.2250978 0.3722158 0.0285361 0.0165463
9 0.2964380 0.3722158 0.0285361 0.0165463
19 0.3703725 0.3722158 0.0285361 0.0165463
10 0.4430098 0.3722158 0.0285361 0.0165463
17 0.0798232 0.4317823 0.0285361 0.0165463
25 0.3703725 0.4317823 0.0285361 0.0165463
6 0.4430098 0.4317823 0.0285361 0.0165463
1 0.5156470 0.4317823 0.0285361 0.0165463
34 0.2250978 0.4907974 0.0674489 0.0595666
21 0.2250978 0.4913489 0.0285361 0.0165462
12 0.2964380 0.4913489 0.0285361 0.0165462
8 0.3703725 0.4913489 0.0285361 0.0165462
14 0.4430098 0.4913489 0.0285361 0.0165462
4 0.5156470 0.4913489 0.0285361 0.0165462
13 0.0798232 0.5509155 0.0285361 0.0165462
7 0.1524605 0.5509155 0.0285361 0.0165462
22 0.4430098 0.5509155 0.0285361 0.0165462
21 0.1524605 0.6104820 0.0285361 0.0165463
2 0.2250978 0.6104820 0.0285361 0.0165463
29 0.2964380 0.6104820 0.0285361 0.0165463
24 0.4430098 0.6104820 0.0285361 0.0165463
23 0.5156470 0.6104820 0.0285361 0.0165463
15 0.0798232 0.6700486 0.0285361 0.0165463
5 0.1524605 0.6700486 0.0285361 0.0165463
26 0.2964380 0.6700486 0.0285361 0.0165463
16 0.4430098 0.6700486 0.0285361 0.0165463
7 0.3703725 0.6700486 0.0285361 0.0165463
2 0.2964380 0.5509155 0.0285361 0.0165462
12 0.1524605 0.4317823 0.0285361 0.0165463
8 0.3703725 0.6104820 0.0285361 0.0165463
16 0.0798232 0.4913489 0.0285361 0.0165462
22 0.5156470 0.5509155 0.0285361 0.0165462
25 0.2250978 0.4317823 0.0285361 0.0165463
27 0.2250978 0.5509155 0.0285361 0.0165462
2 0.0798232 0.3722158 0.0285361 0.0165463
31 0.2250978 0.6700486 0.0285361 0.0165463
4 0.5156470 0.6700486 0.0285361 0.0165463
25 0.2964380 0.4317823 0.0285361 0.0165463
8 0.5156470 0.3722158 0.0285361 0.0165463
8 0.0798232 0.6104820 0.0285361 0.0165463
