21 0.4475772 0.5682639 0.0275526 0.0159765
28 0.5164586 0.6832947 0.0275526 0.0159765
32 0.5195896 0.5155414 0.5072179 0.4089985
25 0.3774434 0.3957177 0.0275526 0.0159765
1 0.4475772 0.3957177 0.0275526 0.0159765
7 0.5164586 0.3957177 0.0275526 0.0159765
2 0.5878448 0.3957177 0.0275526 0.0159765
29 0.6579787 0.3957177 0.0275525 0.0159765
16 0.7281125 0.3957177 0.0275525 0.0159765
13 0.4475772 0.4532331 0.0275526 0.0159765
31 0.6579787 0.4532331 0.0275525 0.0159765
33 0.7281125 0.4527005 0.0651242 0.0575154
7 0.7281125 0.4532331 0.0275525 0.0159765
9 0.3073095 0.5107485 0.0275526 0.0159765
23 0.3774434 0.5107485 0.0275526 0.0159765
12 0.4475772 0.5107485 0.0275526 0.0159765
11 0.5164586 0.5107485 0.0275526 0.0159765
8 0.5878448 0.5107485 0.0275526 0.0159765
22 0.7281125 0.5107485 0.0275525 0.0159765
4 0.5164586 0.5682639 0.0275526 0.0159765
14 0.5878448 0.5682639 0.0275526 0.0159765
5 0.6579787 0.5682639 0.0275525 0.0159765
30 0.7281125 0.5682639 0.0275525 0.0159765
10 0.3073095 0.6257794 0.0275526 0.0159765
20 0.5164586 0.6257794 0.0275526 0.0159765
3 0.5878448 0.6257794 0.0275526 0.0159765
24 0.3073095 0.6832947 0.0275526 0.0159765
19 0.5878448 0.6832947 0.0275526 0.0159765
17 0.6579787 0.6832947 0.0275525 0.0159765
6 0.7281125 0.6832947 0.0275525 0.0159765
8 0.7281125 0.6257794 0.0275525 0.0159765
21 0.3073095 0.3957177 0.0275526 0.0159765
4 0.6579787 0.6257794 0.0275525 0.0159765
8 0.4475772 0.6832947 0.0275526 0.0159765
10 0.3774434 0.4532331 0.0275526 0.0159765
15 0.4475772 0.6257794 0.0275526 0.0159765
6 0.3073095 0.4532331 0.0275526 0.0159765
16 0.6579787 0.5107485 0.0275525 0.0159765
27 0.3774434 0.6832947 0.0275526 0.0159765
21 0.3774434 0.5682639 0.0275526 0.0159765
16 0.5164586 0.4532331 0.0275526 0.0159765
29 0.3774434 0.6257794 0.0275526 0.0159765
7 0.5878448 0.4532331 0.0275526 0.0159765
15 0.3073095 0.5682639 0.0275526 0.0159765
