19 0.3289272 0.4454896 0.0279589 0.0161476
17 0.0442545 0.4454896 0.0279589 0.0161476
32 0.2596653 0.5084654 0.5146985 0.4133796
19 0.1865908 0.3873581 0.0279589 0.0161476
11 0.2564882 0.3873581 0.0279589 0.0161476
12 0.3289272 0.3873581 0.0279589 0.0161476
31 0.4000954 0.3873581 0.0279589 0.0161476
33 0.4712635 0.3868199 0.0660847 0.0581315
3 0.4712636 0.3873581 0.0279589 0.0161476
22 0.1154226 0.4454896 0.0279589 0.0161476
21 0.1865908 0.4454896 0.0279589 0.0161476
20 0.2564882 0.4454896 0.0279589 0.0161476
29 0.4000954 0.4454896 0.0279589 0.0161476
5 0.4712636 0.4454896 0.0279589 0.0161476
26 0.0442545 0.5036211 0.0279589 0.0161476
6 0.1154226 0.5036211 0.0279589 0.0161476
7 0.0442545 0.5617526 0.0279589 0.0161477
8 0.1154226 0.5617526 0.0279589 0.0161477
9 0.2564882 0.5617526 0.0279589 0.0161477
15 0.3289272 0.5617526 0.0279589 0.0161477
27 0.4000954 0.5617526 0.0279589 0.0161477
3 0.4712636 0.5617526 0.0279589 0.0161477
30 0.0442545 0.6198842 0.0279589 0.0161477
1 0.1154226 0.6198842 0.0279589 0.0161477
25 0.3289272 0.6198842 0.0279589 0.0161477
10 0.4000954 0.6198842 0.0279589 0.0161477
17 0.4712636 0.6198842 0.0279589 0.0161477
24 0.1154226 0.6780157 0.0279589 0.0161477
18 0.1865908 0.6780157 0.0279589 0.0161477
23 0.4712636 0.6780157 0.0279589 0.0161477
30 0.2564882 0.6198842 0.0279589 0.0161477
14 0.3289272 0.5036211 0.0279589 0.0161476
15 0.3289272 0.6780157 0.0279589 0.0161477
18 0.0442545 0.6780157 0.0279589 0.0161477
4 0.1154226 0.3873581 0.0279589 0.0161476
10 0.1865908 0.5617526 0.0279589 0.0161477
5 0.2564882 0.5036211 0.0279589 0.0161476
21 0.4712636 0.5036211 0.0279589 0.0161476
28 0.2564882 0.6780157 0.0279589 0.0161477
17 0.0442545 0.3873581 0.0279589 0.0161476
17 0.4000954 0.6780157 0.0279589 0.0161477
26 0.1865908 0.5036211 0.0279589 0.0161476
25 0.1865908 0.6198842 0.0279589 0.0161477
22 0.4000954 0.5036211 0.0279589 0.0161476
