25 0.2290940 0.7672852 0.0283468 0.0169729
7 0.3721164 0.5228740 0.0283468 0.0169730
32 0.3753377 0.5890687 0.5218385 0.4345088
9 0.1569386 0.4617712 0.0283468 0.0169730
4 0.2290940 0.4617712 0.0283468 0.0169730
1 0.3012495 0.4617712 0.0283468 0.0169730
20 0.5177158 0.4617712 0.0283467 0.0169730
15 0.1569386 0.5228740 0.0283468 0.0169730
7 0.4455604 0.5228740 0.0283468 0.0169730
3 0.5177158 0.5228740 0.0283467 0.0169730
24 0.5898713 0.5228740 0.0283468 0.0169730
19 0.1569386 0.5839768 0.0283468 0.0169729
33 0.2284498 0.5834111 0.0657130 0.0611027
6 0.2290940 0.5839768 0.0283468 0.0169729
16 0.3721164 0.5839768 0.0283468 0.0169729
30 0.5177158 0.5839768 0.0283467 0.0169729
8 0.2290940 0.6450796 0.0283468 0.0169729
21 0.3721164 0.6450796 0.0283468 0.0169729
12 0.4455604 0.6450796 0.0283468 0.0169729
22 0.5177158 0.6450796 0.0283467 0.0169729
2 0.2290940 0.7061824 0.0283468 0.0169731
27 0.3012495 0.7061824 0.0283468 0.0169731
25 0.3721164 0.7061824 0.0283468 0.0169731
5 0.5177158 0.7061824 0.0283467 0.0169731
10 0.5898713 0.7061824 0.0283468 0.0169731
11 0.3012495 0.7672852 0.0283468 0.0169729
17 0.3721164 0.7672852 0.0283468 0.0169729
18 0.4455604 0.7672852 0.0283468 0.0169729
29 0.5177158 0.7672852 0.0283467 0.0169729
6 0.5898713 0.7672852 0.0283468 0.0169729
24 0.3721164 0.4617712 0.0283468 0.0169730
31 0.3012495 0.5228740 0.0283468 0.0169730
1 0.3012495 0.5839768 0.0283468 0.0169729
29 0.2290940 0.5228740 0.0283468 0.0169730
26 0.4455604 0.4617712 0.0283468 0.0169730
9 0.5898713 0.5839768 0.0283468 0.0169729
28 0.4455604 0.5839768 0.0283468 0.0169729
5 0.5898713 0.4617712 0.0283468 0.0169730
8 0.1569386 0.7672852 0.0283468 0.0169729
31 0.1569386 0.7061824 0.0283468 0.0169731
16 0.3012495 0.6450796 0.0283468 0.0169729
13 0.4455604 0.7061824 0.0283468 0.0169731
9 0.1569386 0.6450796 0.0283468 0.0169729
27 0.5898713 0.6450796 0.0283468 0.0169729
