26 0.5846018 0.6663366 0.0284999 0.0172622
30 0.2944216 0.4799042 0.0284999 0.0172622
32 0.4414548 0.5472271 0.5246562 0.4419137
1 0.2218765 0.4177601 0.0284998 0.0172622
25 0.3669667 0.4177601 0.0284998 0.0172622
7 0.5120568 0.4177601 0.0284999 0.0172622
12 0.2218765 0.4799042 0.0284998 0.0172622
14 0.3669667 0.4799042 0.0284998 0.0172622
5 0.4382163 0.4799042 0.0284998 0.0172622
3 0.6571469 0.4799042 0.0284998 0.0172622
24 0.2218765 0.5420484 0.0284998 0.0172623
9 0.3669667 0.5420484 0.0284998 0.0172623
26 0.5846018 0.5420484 0.0284999 0.0172623
16 0.6571469 0.5420484 0.0284998 0.0172623
22 0.2218765 0.6041925 0.0284998 0.0172622
20 0.2944216 0.6041925 0.0284999 0.0172622
10 0.3669667 0.6041925 0.0284998 0.0172622
6 0.4382163 0.6041925 0.0284998 0.0172622
13 0.5120568 0.6041925 0.0284999 0.0172622
21 0.6571469 0.6041925 0.0284998 0.0172622
4 0.2218765 0.6663366 0.0284998 0.0172622
27 0.4382163 0.6663366 0.0284998 0.0172622
18 0.5120568 0.6663366 0.0284999 0.0172622
31 0.6571469 0.6663366 0.0284998 0.0172622
29 0.2944216 0.7284807 0.0284999 0.0172622
30 0.3669667 0.7284807 0.0284998 0.0172622
19 0.4382163 0.7284807 0.0284998 0.0172622
2 0.5120568 0.7284807 0.0284999 0.0172622
34 0.6571469 0.7279053 0.0673633 0.0621442
17 0.6571469 0.7284807 0.0284998 0.0172622
31 0.5846018 0.6041925 0.0284999 0.0172622
26 0.4382163 0.5420484 0.0284998 0.0172623
14 0.2944216 0.5420484 0.0284999 0.0172623
9 0.3669667 0.6663366 0.0284998 0.0172622
24 0.4382163 0.4177601 0.0284998 0.0172622
8 0.2218765 0.7284807 0.0284998 0.0172622
1 0.5120568 0.5420484 0.0284999 0.0172623
24 0.5120568 0.4799042 0.0284999 0.0172622
7 0.5846018 0.4799042 0.0284999 0.0172622
1 0.5846018 0.7284807 0.0284999 0.0172622
26 0.2944216 0.6663366 0.0284999 0.0172622
22 0.5846018 0.4177601 0.0284999 0.0172622
11 0.2944216 0.4177601 0.0284999 0.0172622
15 0.6571469 0.4177601 0.0284998 0.0172622
