22 0.3540190 0.3481192 0.0269835 0.0174112
9 0.5600748 0.3481192 0.0269835 0.0174112
32 0.4245441 0.4787033 0.4967416 0.4457271
11 0.2166485 0.3481192 0.0269835 0.0174112
7 0.2853337 0.3481192 0.0269835 0.0174112
16 0.6287601 0.3481192 0.0269835 0.0174112
29 0.2166485 0.4107996 0.0269835 0.0174112
27 0.2853337 0.4107996 0.0269835 0.0174112
20 0.4214778 0.4107996 0.0269835 0.0174112
31 0.4913895 0.4107996 0.0269835 0.0174112
3 0.5600748 0.4107996 0.0269835 0.0174112
17 0.6287601 0.4107996 0.0269835 0.0174112
10 0.4214778 0.4734800 0.0269835 0.0174112
9 0.4913895 0.4734800 0.0269835 0.0174112
14 0.5600748 0.4734800 0.0269835 0.0174112
4 0.6287601 0.4734800 0.0269835 0.0174112
13 0.4214778 0.5361604 0.0269835 0.0174112
19 0.4913895 0.5361604 0.0269835 0.0174112
8 0.5600748 0.5361604 0.0269835 0.0174112
22 0.6287601 0.5361604 0.0269835 0.0174112
12 0.2166485 0.5988407 0.0269835 0.0174112
30 0.2853337 0.5988407 0.0269835 0.0174112
24 0.4214778 0.5988407 0.0269835 0.0174112
1 0.4913895 0.5988407 0.0269835 0.0174112
23 0.6287601 0.5988407 0.0269835 0.0174112
25 0.2853337 0.6615211 0.0269835 0.0174112
15 0.3540190 0.6615211 0.0269835 0.0174112
2 0.4214778 0.6615211 0.0269835 0.0174112
33 0.4907763 0.6609408 0.0650057 0.0626803
10 0.4913895 0.6615211 0.0269835 0.0174112
5 0.2166485 0.5361604 0.0269835 0.0174112
2 0.2166485 0.4734800 0.0269835 0.0174112
6 0.3540190 0.4734800 0.0269835 0.0174112
4 0.3540190 0.5361604 0.0269835 0.0174112
24 0.3540190 0.5988407 0.0269835 0.0174112
2 0.4913895 0.3481192 0.0269835 0.0174112
4 0.4214778 0.3481192 0.0269835 0.0174112
27 0.5600748 0.6615211 0.0269835 0.0174112
26 0.2853337 0.5361604 0.0269835 0.0174112
21 0.2166485 0.6615211 0.0269835 0.0174112
18 0.5600748 0.5988407 0.0269835 0.0174112
17 0.3540190 0.4107996 0.0269835 0.0174112
3 0.6287601 0.6615211 0.0269835 0.0174112
16 0.2853337 0.4734800 0.0269835 0.0174112
