30 0.2599093 0.6726878 0.0282553 0.0172260
25 0.4037545 0.6726878 0.0282553 0.0172260
32 0.3337584 0.5538282 0.5201544 0.4409863
19 0.4037545 0.4246330 0.0282553 0.0172261
2 0.4756771 0.4246330 0.0282553 0.0172261
5 0.5475997 0.4246330 0.0282553 0.0172261
20 0.1160642 0.4866467 0.0282553 0.0172260
12 0.1879868 0.4866467 0.0282553 0.0172260
14 0.2599093 0.4866467 0.0282553 0.0172260
23 0.3305476 0.4866467 0.0282553 0.0172260
29 0.4037545 0.4866467 0.0282553 0.0172260
8 0.5475997 0.4866467 0.0282553 0.0172260
6 0.1160642 0.5486604 0.0282553 0.0172260
3 0.2599093 0.5486604 0.0282553 0.0172260
17 0.4037545 0.5486604 0.0282553 0.0172260
34 0.4750349 0.5480862 0.0655009 0.0620137
6 0.4756771 0.5486604 0.0282553 0.0172260
31 0.5475997 0.5486604 0.0282553 0.0172260
18 0.1879868 0.6106741 0.0282553 0.0172260
25 0.2599093 0.6106741 0.0282553 0.0172260
21 0.3305476 0.6106741 0.0282553 0.0172260
11 0.4037545 0.6106741 0.0282553 0.0172260
26 0.4756771 0.6106741 0.0282553 0.0172260
15 0.1879868 0.6726878 0.0282553 0.0172260
9 0.3305476 0.6726878 0.0282553 0.0172260
16 0.5475997 0.6726878 0.0282553 0.0172260
24 0.1879868 0.7347015 0.0282553 0.0172260
13 0.2599093 0.7347015 0.0282553 0.0172260
7 0.3305476 0.7347015 0.0282553 0.0172260
1 0.4037545 0.7347015 0.0282553 0.0172260
30 0.1160642 0.7347015 0.0282553 0.0172260
3 0.2599093 0.4246330 0.0282553 0.0172261
19 0.4756771 0.4866467 0.0282553 0.0172260
10 0.1160642 0.6726878 0.0282553 0.0172260
30 0.1160642 0.6106741 0.0282553 0.0172260
30 0.1160642 0.4246330 0.0282553 0.0172261
29 0.3305476 0.5486604 0.0282553 0.0172260
24 0.4756771 0.7347015 0.0282553 0.0172260
30 0.5475997 0.7347015 0.0282553 0.0172260
27 0.1879868 0.5486604 0.0282553 0.0172260
31 0.5475997 0.6106741 0.0282553 0.0172260
29 0.1879868 0.4246330 0.0282553 0.0172261
11 0.3305476 0.4246330 0.0282553 0.0172261
18 0.4756771 0.6726878 0.0282553 0.0172260
