21 0.4315867 0.3720639 0.0270208 0.0173576
25 0.7067074 0.3720639 0.0270207 0.0173576
32 0.5022092 0.5022457 0.4974280 0.4443537
5 0.2940263 0.3720639 0.0270208 0.0173576
31 0.3628065 0.3720639 0.0270208 0.0173576
33 0.5685329 0.3714854 0.0650955 0.0624873
11 0.5691470 0.3720639 0.0270208 0.0173576
16 0.6379272 0.3720639 0.0270208 0.0173576
29 0.3628065 0.4345512 0.0270208 0.0173576
30 0.4315867 0.4345512 0.0270208 0.0173576
12 0.5691470 0.4345512 0.0270208 0.0173576
15 0.7067074 0.4345512 0.0270207 0.0173576
18 0.2940263 0.4970384 0.0270208 0.0173575
8 0.3628065 0.4970384 0.0270208 0.0173575
1 0.4315867 0.4970384 0.0270208 0.0173575
17 0.5691470 0.4970384 0.0270208 0.0173575
9 0.4315867 0.5595257 0.0270208 0.0173575
3 0.4991386 0.5595257 0.0270208 0.0173575
19 0.6379272 0.5595257 0.0270208 0.0173575
2 0.7067074 0.5595257 0.0270207 0.0173575
22 0.2940263 0.6220129 0.0270208 0.0173576
13 0.3628065 0.6220129 0.0270208 0.0173576
11 0.4991386 0.6220129 0.0270208 0.0173576
7 0.6379272 0.6220129 0.0270208 0.0173576
4 0.7067074 0.6220129 0.0270207 0.0173576
10 0.2940263 0.6845001 0.0270208 0.0173576
23 0.4315867 0.6845001 0.0270208 0.0173576
24 0.4991386 0.6845001 0.0270208 0.0173576
27 0.6379272 0.6845001 0.0270208 0.0173576
20 0.7067074 0.6845001 0.0270207 0.0173576
3 0.5691470 0.6220129 0.0270208 0.0173576
28 0.2940263 0.5595257 0.0270208 0.0173575
15 0.5691470 0.5595257 0.0270208 0.0173575
25 0.3628065 0.6845001 0.0270208 0.0173576
13 0.4991386 0.4970384 0.0270208 0.0173575
22 0.4315867 0.6220129 0.0270208 0.0173576
24 0.4991386 0.4345512 0.0270208 0.0173576
15 0.3628065 0.5595257 0.0270208 0.0173575
24 0.4991386 0.3720639 0.0270208 0.0173576
7 0.2940263 0.4345512 0.0270208 0.0173576
25 0.7067074 0.4970384 0.0270207 0.0173575
6 0.5691470 0.6845001 0.0270208 0.0173576
1 0.6379272 0.4970384 0.0270208 0.0173575
16 0.6379272 0.4345512 0.0270208 0.0173576
