31 0.8466788 0.6035173 0.0279259 0.0173725
24 0.7755949 0.6035173 0.0279257 0.0173725
32 0.6353311 0.6087290 0.5140891 0.4447347
27 0.4201753 0.4784356 0.0279258 0.0173725
5 0.4912592 0.4784356 0.0279258 0.0173725
16 0.5623431 0.4784356 0.0279258 0.0173725
29 0.7045110 0.4784356 0.0279259 0.0173725
30 0.7755949 0.4784356 0.0279257 0.0173725
24 0.4201753 0.5409764 0.0279258 0.0173724
17 0.5623431 0.5409764 0.0279258 0.0173724
4 0.6321577 0.5409764 0.0279258 0.0173724
22 0.4201753 0.6035173 0.0279258 0.0173725
7 0.5623431 0.6035173 0.0279258 0.0173725
15 0.7045110 0.6035173 0.0279259 0.0173725
8 0.4201753 0.6660581 0.0279258 0.0173725
20 0.4912592 0.6660581 0.0279258 0.0173725
13 0.5623431 0.6660581 0.0279258 0.0173725
26 0.6321577 0.6660581 0.0279258 0.0173725
18 0.7755949 0.6660581 0.0279257 0.0173725
23 0.4201753 0.7285989 0.0279258 0.0173725
14 0.4912592 0.7285989 0.0279258 0.0173725
3 0.5623431 0.7285989 0.0279258 0.0173725
31 0.6321577 0.7285989 0.0279258 0.0173725
34 0.8466789 0.7280198 0.0660065 0.0625408
5 0.8466788 0.7285989 0.0279259 0.0173725
10 0.4201753 0.7911397 0.0279258 0.0173725
25 0.4912592 0.7911397 0.0279258 0.0173725
2 0.5623431 0.7911397 0.0279258 0.0173725
1 0.6321577 0.7911397 0.0279258 0.0173725
11 0.7045110 0.7911397 0.0279259 0.0173725
18 0.7755949 0.5409764 0.0279257 0.0173724
9 0.4912592 0.5409764 0.0279258 0.0173724
22 0.8466788 0.7911397 0.0279259 0.0173725
19 0.7755949 0.7285989 0.0279257 0.0173725
3 0.4912592 0.6035173 0.0279258 0.0173725
27 0.8466788 0.5409764 0.0279259 0.0173724
28 0.7045110 0.7285989 0.0279259 0.0173725
14 0.6321577 0.4784356 0.0279258 0.0173725
18 0.7045110 0.6660581 0.0279259 0.0173725
22 0.7755949 0.7911397 0.0279257 0.0173725
2 0.7045110 0.5409764 0.0279259 0.0173724
5 0.8466788 0.6660581 0.0279259 0.0173725
12 0.6321577 0.6035173 0.0279258 0.0173725
7 0.8466788 0.4784356 0.0279259 0.0173725
