15 0.3459320 0.6379420 0.0266255 0.0167988
20 0.4124958 0.3355640 0.0266255 0.0167988
32 0.4155214 0.4615548 0.4901514 0.4300487
9 0.2103840 0.3355640 0.0266255 0.0167988
14 0.2781580 0.3355640 0.0266255 0.0167988
1 0.4814801 0.3355640 0.0266255 0.0167988
30 0.5492541 0.3355640 0.0266255 0.0167988
21 0.6170281 0.3355640 0.0266255 0.0167988
20 0.2103840 0.3960396 0.0266255 0.0167988
5 0.2781580 0.3960396 0.0266255 0.0167988
23 0.3459320 0.3960396 0.0266255 0.0167988
8 0.4814801 0.3960396 0.0266255 0.0167988
29 0.6170281 0.3960396 0.0266255 0.0167988
24 0.2781580 0.4565152 0.0266255 0.0167988
15 0.4124958 0.4565152 0.0266255 0.0167988
18 0.4814801 0.4565152 0.0266255 0.0167988
33 0.2103840 0.5164308 0.0629330 0.0604756
11 0.2103840 0.5169908 0.0266255 0.0167988
22 0.3459320 0.5169908 0.0266255 0.0167988
2 0.4814801 0.5169908 0.0266255 0.0167988
7 0.6170281 0.5169908 0.0266255 0.0167988
19 0.2103840 0.5774664 0.0266255 0.0167988
27 0.2781580 0.5774664 0.0266255 0.0167988
17 0.3459320 0.5774664 0.0266255 0.0167988
3 0.4124958 0.5774664 0.0266255 0.0167988
16 0.5492541 0.5774664 0.0266255 0.0167988
13 0.6170281 0.5774664 0.0266255 0.0167988
4 0.2781580 0.6379420 0.0266255 0.0167988
31 0.4124958 0.6379420 0.0266255 0.0167988
10 0.4814801 0.6379420 0.0266255 0.0167988
28 0.2103840 0.4565152 0.0266255 0.0167988
29 0.4124958 0.5169908 0.0266255 0.0167988
29 0.4124958 0.3960396 0.0266255 0.0167988
19 0.6170281 0.6379420 0.0266255 0.0167988
17 0.5492541 0.3960396 0.0266255 0.0167988
24 0.4814801 0.5774664 0.0266255 0.0167988
15 0.5492541 0.4565152 0.0266255 0.0167988
21 0.3459320 0.3355640 0.0266255 0.0167988
5 0.2103840 0.6379420 0.0266255 0.0167988
22 0.3459320 0.4565152 0.0266255 0.0167988
14 0.5492541 0.6379420 0.0266255 0.0167988
18 0.6170281 0.4565152 0.0266255 0.0167988
11 0.5492541 0.5169908 0.0266255 0.0167988
1 0.2781580 0.5169908 0.0266255 0.0167988
