6 0.2979090 0.4705910 0.0265582 0.0173971
9 0.2979090 0.4079616 0.0265582 0.0173971
32 0.4349249 0.4758101 0.4889116 0.4453650
27 0.2979090 0.3453321 0.0265582 0.0173971
18 0.3655116 0.3453321 0.0265582 0.0173971
21 0.5683193 0.3453321 0.0265582 0.0173971
24 0.6359219 0.3453321 0.0265582 0.0173971
25 0.3655116 0.4079616 0.0265582 0.0173971
2 0.6359219 0.4079616 0.0265582 0.0173971
22 0.2303064 0.4705910 0.0265582 0.0173971
20 0.4319070 0.4705910 0.0265582 0.0173971
31 0.5007167 0.4705910 0.0265582 0.0173971
8 0.5683193 0.4705910 0.0265582 0.0173971
6 0.6359219 0.4705910 0.0265582 0.0173971
17 0.2303064 0.5332205 0.0265582 0.0173971
12 0.3655116 0.5332205 0.0265582 0.0173971
4 0.4319070 0.5332205 0.0265582 0.0173971
13 0.5683193 0.5332205 0.0265582 0.0173971
7 0.6359219 0.5332205 0.0265582 0.0173971
23 0.2303064 0.5958499 0.0265582 0.0173971
29 0.2979090 0.5958499 0.0265582 0.0173971
19 0.3655116 0.5958499 0.0265582 0.0173971
16 0.4319070 0.5958499 0.0265582 0.0173971
14 0.5007167 0.5958499 0.0265582 0.0173971
3 0.5683193 0.5958499 0.0265582 0.0173971
33 0.2303064 0.6578994 0.0627738 0.0626295
6 0.2303064 0.6584794 0.0265582 0.0173971
9 0.2979090 0.6584794 0.0265582 0.0173971
11 0.3655116 0.6584794 0.0265582 0.0173971
1 0.5683193 0.6584794 0.0265582 0.0173971
3 0.4319070 0.6584794 0.0265582 0.0173971
18 0.5007167 0.4079616 0.0265582 0.0173971
27 0.5683193 0.4079616 0.0265582 0.0173971
21 0.6359219 0.6584794 0.0265582 0.0173971
12 0.2979090 0.5332205 0.0265582 0.0173971
11 0.2303064 0.4079616 0.0265582 0.0173971
20 0.2303064 0.3453321 0.0265582 0.0173971
30 0.6359219 0.5958499 0.0265582 0.0173971
26 0.5007167 0.6584794 0.0265582 0.0173971
29 0.4319070 0.4079616 0.0265582 0.0173971
26 0.5007167 0.5332205 0.0265582 0.0173971
29 0.5007167 0.3453321 0.0265582 0.0173971
7 0.3655116 0.4705910 0.0265582 0.0173971
5 0.4319070 0.3453321 0.0265582 0.0173971
