28 0.3375925 0.2284960 0.0284951 0.0171080
5 0.1199933 0.3516733 0.0284951 0.0171080
32 0.2670023 0.3568058 0.5245697 0.4379639
7 0.0474602 0.2284960 0.0284951 0.0171080
25 0.1199933 0.2284960 0.0284951 0.0171080
11 0.4826588 0.2284960 0.0284951 0.0171080
29 0.0474602 0.2900847 0.0284951 0.0171080
31 0.1199933 0.2900847 0.0284951 0.0171080
17 0.2637642 0.2900847 0.0284952 0.0171080
9 0.3375925 0.2900847 0.0284951 0.0171080
30 0.4101257 0.2900847 0.0284951 0.0171080
21 0.0474602 0.3516733 0.0284951 0.0171080
34 0.2637642 0.3511031 0.0673522 0.0615887
9 0.2637642 0.3516733 0.0284952 0.0171080
26 0.3375925 0.3516733 0.0284951 0.0171080
27 0.0474602 0.4132620 0.0284951 0.0171080
8 0.1925264 0.4132620 0.0284952 0.0171080
10 0.3375925 0.4132620 0.0284951 0.0171080
18 0.4101257 0.4132620 0.0284951 0.0171080
3 0.0474602 0.4748507 0.0284951 0.0171080
1 0.3375925 0.4748507 0.0284951 0.0171080
14 0.4101257 0.4748507 0.0284951 0.0171080
16 0.4826588 0.4748507 0.0284951 0.0171080
24 0.0474602 0.5364394 0.0284951 0.0171080
13 0.1199933 0.5364394 0.0284951 0.0171080
15 0.1925264 0.5364394 0.0284952 0.0171080
23 0.2637642 0.5364394 0.0284952 0.0171080
22 0.3375925 0.5364394 0.0284951 0.0171080
6 0.4101257 0.5364394 0.0284951 0.0171080
12 0.4826588 0.5364394 0.0284951 0.0171080
6 0.4826588 0.4132620 0.0284951 0.0171080
31 0.1925264 0.3516733 0.0284952 0.0171080
21 0.4826588 0.2900847 0.0284951 0.0171080
22 0.1925264 0.2284960 0.0284952 0.0171080
14 0.1925264 0.2900847 0.0284952 0.0171080
12 0.1199933 0.4132620 0.0284951 0.0171080
19 0.4826588 0.3516733 0.0284951 0.0171080
17 0.2637642 0.4748507 0.0284952 0.0171080
11 0.4101257 0.2284960 0.0284951 0.0171080
24 0.1199933 0.4748507 0.0284951 0.0171080
11 0.4101257 0.3516733 0.0284951 0.0171080
31 0.2637642 0.2284960 0.0284952 0.0171080
7 0.1925264 0.4748507 0.0284952 0.0171080
10 0.2637642 0.4132620 0.0284952 0.0171080
