24 0.0919682 0.7354411 0.0271354 0.0169551
3 0.0919682 0.6133645 0.0271354 0.0169551
32 0.3010338 0.5574128 0.4995372 0.4340497
21 0.0919682 0.4302498 0.0271354 0.0169551
31 0.1610400 0.4302498 0.0271354 0.0169551
12 0.2301118 0.4302498 0.0271354 0.0169551
15 0.2979502 0.4302498 0.0271354 0.0169551
34 0.3676388 0.4296847 0.0653716 0.0610382
27 0.3682555 0.4302498 0.0271354 0.0169551
10 0.5063991 0.4302498 0.0271354 0.0169551
9 0.2301118 0.4912881 0.0271354 0.0169551
24 0.3682555 0.4912881 0.0271354 0.0169551
19 0.4373273 0.4912881 0.0271354 0.0169551
30 0.5063991 0.4912881 0.0271354 0.0169551
7 0.0919682 0.5523263 0.0271354 0.0169551
17 0.2301118 0.5523263 0.0271354 0.0169551
1 0.4373273 0.5523263 0.0271354 0.0169551
14 0.1610400 0.6133645 0.0271354 0.0169551
2 0.2979502 0.6133645 0.0271354 0.0169551
22 0.3682555 0.6133645 0.0271354 0.0169551
8 0.4373273 0.6133645 0.0271354 0.0169551
3 0.0919682 0.6744028 0.0271354 0.0169550
18 0.2301118 0.6744028 0.0271354 0.0169550
20 0.2979502 0.6744028 0.0271354 0.0169550
25 0.4373273 0.6744028 0.0271354 0.0169550
29 0.5063991 0.6744028 0.0271354 0.0169550
27 0.2301118 0.7354411 0.0271354 0.0169551
6 0.2979502 0.7354411 0.0271354 0.0169551
13 0.4373273 0.7354411 0.0271354 0.0169551
16 0.5063991 0.7354411 0.0271354 0.0169551
6 0.5063991 0.6133645 0.0271354 0.0169551
5 0.3682555 0.7354411 0.0271354 0.0169551
10 0.2979502 0.5523263 0.0271354 0.0169551
1 0.2979502 0.4912881 0.0271354 0.0169551
15 0.1610400 0.7354411 0.0271354 0.0169551
31 0.1610400 0.6744028 0.0271354 0.0169550
24 0.2301118 0.6133645 0.0271354 0.0169551
6 0.0919682 0.4912881 0.0271354 0.0169551
30 0.1610400 0.4912881 0.0271354 0.0169551
15 0.5063991 0.5523263 0.0271354 0.0169551
1 0.3682555 0.5523263 0.0271354 0.0169551
5 0.4373273 0.4302498 0.0271354 0.0169551
17 0.1610400 0.5523263 0.0271354 0.0169551
1 0.3682555 0.6744028 0.0271354 0.0169550
