1 0.5462870 0.4489152 0.0275446 0.0160366
27 0.6164004 0.4489152 0.0275446 0.0160366
32 0.4079382 0.5114581 0.5070703 0.4105384
26 0.2658333 0.3911832 0.0275446 0.0160366
27 0.3359467 0.3911832 0.0275446 0.0160366
20 0.4761736 0.3911832 0.0275446 0.0160366
15 0.5462870 0.3911832 0.0275446 0.0160366
30 0.6164004 0.3911832 0.0275446 0.0160366
5 0.1957199 0.4489152 0.0275446 0.0160366
6 0.2658333 0.4489152 0.0275446 0.0160366
4 0.4761736 0.4489152 0.0275446 0.0160366
34 0.3359467 0.5061126 0.0651053 0.0577320
1 0.3359467 0.5066471 0.0275446 0.0160366
8 0.4048081 0.5066471 0.0275446 0.0160366
7 0.5462870 0.5066471 0.0275446 0.0160366
1 0.6164004 0.5066471 0.0275446 0.0160366
22 0.3359467 0.5643791 0.0275446 0.0160366
29 0.4761736 0.5643791 0.0275446 0.0160366
12 0.1957199 0.6221111 0.0275446 0.0160366
23 0.3359467 0.6221111 0.0275446 0.0160366
24 0.4048081 0.6221111 0.0275446 0.0160366
2 0.4761736 0.6221111 0.0275446 0.0160366
10 0.5462870 0.6221111 0.0275446 0.0160366
25 0.6164004 0.6221111 0.0275446 0.0160366
19 0.1957199 0.6798430 0.0275446 0.0160366
9 0.2658333 0.6798430 0.0275446 0.0160366
17 0.3359467 0.6798430 0.0275446 0.0160366
11 0.4048081 0.6798430 0.0275446 0.0160366
21 0.4761736 0.6798430 0.0275446 0.0160366
14 0.6164004 0.6798430 0.0275446 0.0160366
24 0.4048081 0.4489152 0.0275446 0.0160366
1 0.4761736 0.5066471 0.0275446 0.0160366
24 0.4048081 0.3911832 0.0275446 0.0160366
5 0.2658333 0.6221111 0.0275446 0.0160366
2 0.1957199 0.5066471 0.0275446 0.0160366
11 0.1957199 0.3911832 0.0275446 0.0160366
11 0.5462870 0.6798430 0.0275446 0.0160366
20 0.2658333 0.5643791 0.0275446 0.0160366
5 0.2658333 0.5066471 0.0275446 0.0160366
10 0.6164004 0.5643791 0.0275446 0.0160366
24 0.4048081 0.5643791 0.0275446 0.0160366
19 0.3359467 0.4489152 0.0275446 0.0160366
9 0.1957199 0.5643791 0.0275446 0.0160366
13 0.5462870 0.5643791 0.0275446 0.0160366
