7 0.5507101 0.4639038 0.0269807 0.0163378
25 0.4820320 0.5227198 0.0269807 0.0163378
32 0.4151934 0.3511730 0.4966899 0.4182475
29 0.2073195 0.2286396 0.0269807 0.0163378
25 0.3446758 0.2286396 0.0269807 0.0163378
20 0.4121275 0.2286396 0.0269807 0.0163378
23 0.4820320 0.2286396 0.0269807 0.0163378
14 0.6193882 0.2286396 0.0269807 0.0163378
1 0.2073195 0.2874556 0.0269807 0.0163378
27 0.2759976 0.2874556 0.0269807 0.0163378
2 0.3446758 0.2874556 0.0269807 0.0163378
3 0.4820320 0.2874556 0.0269807 0.0163378
8 0.5507101 0.2874556 0.0269807 0.0163378
21 0.6193882 0.2874556 0.0269807 0.0163378
26 0.2759976 0.3462717 0.0269807 0.0163378
22 0.4121275 0.3462717 0.0269807 0.0163378
17 0.4820320 0.3462717 0.0269807 0.0163378
33 0.6193882 0.3457271 0.0637725 0.0588161
27 0.6193882 0.3462717 0.0269807 0.0163378
4 0.2759976 0.4050877 0.0269807 0.0163378
10 0.5507101 0.4050877 0.0269807 0.0163378
6 0.6193882 0.4050877 0.0269807 0.0163378
24 0.3446758 0.4639038 0.0269807 0.0163378
7 0.4121275 0.4639038 0.0269807 0.0163378
5 0.4820320 0.4639038 0.0269807 0.0163378
12 0.6193882 0.4639038 0.0269807 0.0163378
13 0.2073195 0.5227198 0.0269807 0.0163378
11 0.4121275 0.5227198 0.0269807 0.0163378
19 0.6193882 0.5227198 0.0269807 0.0163378
2 0.5507101 0.5227198 0.0269807 0.0163378
27 0.4121275 0.4050877 0.0269807 0.0163378
27 0.3446758 0.4050877 0.0269807 0.0163378
4 0.4820320 0.4050877 0.0269807 0.0163378
6 0.3446758 0.5227198 0.0269807 0.0163378
27 0.4121275 0.2874556 0.0269807 0.0163378
8 0.2073195 0.3462717 0.0269807 0.0163378
19 0.2759976 0.2286396 0.0269807 0.0163378
29 0.5507101 0.2286396 0.0269807 0.0163378
22 0.3446758 0.3462717 0.0269807 0.0163378
31 0.2073195 0.4639038 0.0269807 0.0163378
2 0.5507101 0.3462717 0.0269807 0.0163378
22 0.2759976 0.5227198 0.0269807 0.0163378
19 0.2759976 0.4639038 0.0269807 0.0163378
14 0.2073195 0.4050877 0.0269807 0.0163378
