12 0.3917540 0.6512880 0.0273895 0.0169245
28 0.1128798 0.7731445 0.0273894 0.0169245
32 0.2541843 0.5954370 0.5042146 0.4332679
16 0.1128798 0.4685031 0.0273894 0.0169245
8 0.1825983 0.4685031 0.0273894 0.0169245
20 0.2510719 0.4685031 0.0273895 0.0169245
10 0.3917540 0.4685031 0.0273895 0.0169245
29 0.1128798 0.5294314 0.0273894 0.0169245
25 0.2510719 0.5294314 0.0273895 0.0169245
13 0.3220354 0.5294314 0.0273894 0.0169245
34 0.4614726 0.5288673 0.0647387 0.0609283
19 0.4614726 0.5294314 0.0273895 0.0169245
9 0.1128798 0.5903597 0.0273894 0.0169246
19 0.2510719 0.5903597 0.0273895 0.0169246
2 0.3220354 0.5903597 0.0273894 0.0169246
22 0.3917540 0.5903597 0.0273895 0.0169246
11 0.1128798 0.6512880 0.0273894 0.0169245
24 0.2510719 0.6512880 0.0273895 0.0169245
14 0.3220354 0.6512880 0.0273894 0.0169245
17 0.4614726 0.6512880 0.0273895 0.0169245
12 0.0431612 0.7122163 0.0273894 0.0169245
31 0.1128798 0.7122163 0.0273894 0.0169245
15 0.1825983 0.7122163 0.0273894 0.0169245
27 0.2510719 0.7122163 0.0273895 0.0169245
6 0.3917540 0.7122163 0.0273895 0.0169245
3 0.4614726 0.7122163 0.0273895 0.0169245
26 0.1825983 0.7731445 0.0273894 0.0169245
7 0.2510719 0.7731445 0.0273895 0.0169245
30 0.3917540 0.7731445 0.0273895 0.0169245
25 0.0431612 0.5903597 0.0273894 0.0169246
25 0.4614726 0.4685031 0.0273895 0.0169245
9 0.1825983 0.6512880 0.0273894 0.0169245
15 0.1825983 0.5294314 0.0273894 0.0169245
18 0.3220354 0.7122163 0.0273894 0.0169245
8 0.4614726 0.5903597 0.0273895 0.0169246
19 0.3220354 0.4685031 0.0273894 0.0169245
31 0.1825983 0.5903597 0.0273894 0.0169246
31 0.4614726 0.7731445 0.0273895 0.0169245
1 0.0431612 0.5294314 0.0273894 0.0169245
29 0.3220354 0.7731445 0.0273894 0.0169245
7 0.0431612 0.6512880 0.0273894 0.0169245
7 0.0431612 0.7731445 0.0273894 0.0169245
1 0.0431612 0.4685031 0.0273894 0.0169245
26 0.3917540 0.5294314 0.0273895 0.0169245
