15 0.6710104 0.2987821 0.0276174 0.0166513
30 0.6007115 0.2987821 0.0276175 0.0166513
32 0.4619967 0.3637223 0.5084117 0.4262742
27 0.3195159 0.2388373 0.0276174 0.0166513
31 0.3898148 0.2388373 0.0276174 0.0166513
6 0.5304126 0.2388373 0.0276174 0.0166513
19 0.6007115 0.2388373 0.0276175 0.0166513
25 0.6710104 0.2388373 0.0276174 0.0166513
21 0.2492170 0.2987821 0.0276174 0.0166513
3 0.3195159 0.2987821 0.0276174 0.0166513
10 0.2492170 0.3587269 0.0276174 0.0166513
29 0.3195159 0.3587269 0.0276174 0.0166513
22 0.4588583 0.3587269 0.0276175 0.0166513
15 0.6007115 0.3587269 0.0276175 0.0166513
11 0.6710104 0.3587269 0.0276174 0.0166513
2 0.3195159 0.4186717 0.0276174 0.0166513
9 0.3898148 0.4186717 0.0276174 0.0166513
30 0.4588583 0.4186717 0.0276175 0.0166513
34 0.2492170 0.4780615 0.0652776 0.0599448
14 0.2492170 0.4786165 0.0276174 0.0166513
20 0.3898148 0.4786165 0.0276174 0.0166513
7 0.4588583 0.4786165 0.0276175 0.0166513
24 0.5304126 0.4786165 0.0276174 0.0166513
4 0.6710104 0.4786165 0.0276174 0.0166513
16 0.2492170 0.5385613 0.0276174 0.0166513
5 0.3195159 0.5385613 0.0276174 0.0166513
26 0.3898148 0.5385613 0.0276174 0.0166513
12 0.4588583 0.5385613 0.0276175 0.0166513
13 0.5304126 0.5385613 0.0276174 0.0166513
22 0.3195159 0.4786165 0.0276174 0.0166513
22 0.6710104 0.4186717 0.0276174 0.0166513
21 0.6710104 0.5385613 0.0276174 0.0166513
10 0.6007115 0.4186717 0.0276175 0.0166513
30 0.3898148 0.2987821 0.0276174 0.0166513
17 0.2492170 0.2388373 0.0276174 0.0166513
1 0.4588583 0.2987821 0.0276175 0.0166513
3 0.5304126 0.2987821 0.0276174 0.0166513
8 0.3898148 0.3587269 0.0276174 0.0166513
3 0.6007115 0.4786165 0.0276175 0.0166513
15 0.2492170 0.4186717 0.0276174 0.0166513
13 0.6007115 0.5385613 0.0276175 0.0166513
15 0.4588583 0.2388373 0.0276175 0.0166513
11 0.5304126 0.4186717 0.0276174 0.0166513
19 0.5304126 0.3587269 0.0276174 0.0166513
