30 0.4743994 0.2304631 0.0275422 0.0165248
16 0.6146142 0.2304631 0.0275422 0.0165248
32 0.4061699 0.3543992 0.5070267 0.4230354
11 0.1939698 0.2304631 0.0275422 0.0165248
23 0.2640772 0.2304631 0.0275422 0.0165248
21 0.1939698 0.2899524 0.0275422 0.0165249
17 0.2640772 0.2899524 0.0275422 0.0165249
15 0.4030400 0.2899524 0.0275422 0.0165249
14 0.4743994 0.2899524 0.0275422 0.0165249
29 0.1939698 0.3494418 0.0275422 0.0165249
13 0.2640772 0.3494418 0.0275422 0.0165249
27 0.3341846 0.3494418 0.0275422 0.0165249
31 0.4030400 0.3494418 0.0275422 0.0165249
3 0.4743994 0.3494418 0.0275422 0.0165249
4 0.5445068 0.3494418 0.0275422 0.0165249
2 0.1939698 0.4089311 0.0275422 0.0165248
34 0.4030401 0.4083803 0.0650998 0.0594893
15 0.4030400 0.4089311 0.0275422 0.0165248
6 0.5445068 0.4089311 0.0275422 0.0165248
16 0.6146142 0.4089311 0.0275422 0.0165248
5 0.3341846 0.4684205 0.0275422 0.0165249
24 0.4030400 0.4684205 0.0275422 0.0165249
25 0.4743994 0.4684205 0.0275422 0.0165249
12 0.5445068 0.4684205 0.0275422 0.0165249
19 0.1939698 0.5279099 0.0275422 0.0165249
18 0.2640772 0.5279099 0.0275422 0.0165249
10 0.3341846 0.5279099 0.0275422 0.0165249
9 0.4030400 0.5279099 0.0275422 0.0165249
20 0.4743994 0.5279099 0.0275422 0.0165249
14 0.3341846 0.2899524 0.0275422 0.0165249
22 0.5445068 0.2899524 0.0275422 0.0165249
4 0.2640772 0.4089311 0.0275422 0.0165248
10 0.6146142 0.3494418 0.0275422 0.0165249
5 0.6146142 0.4684205 0.0275422 0.0165249
1 0.3341846 0.4089311 0.0275422 0.0165248
16 0.4743994 0.4089311 0.0275422 0.0165248
24 0.2640772 0.4684205 0.0275422 0.0165249
1 0.5445068 0.2304631 0.0275422 0.0165248
28 0.6146142 0.2899524 0.0275422 0.0165249
19 0.3341846 0.2304631 0.0275422 0.0165248
28 0.4030400 0.2304631 0.0275422 0.0165248
22 0.5445068 0.5279099 0.0275422 0.0165249
2 0.1939698 0.4684205 0.0275422 0.0165249
10 0.6146142 0.5279099 0.0275422 0.0165249
