11 0.4303933 0.3702807 0.0267390 0.0163541
3 0.5665193 0.3702807 0.0267390 0.0163541
32 0.3641534 0.3751869 0.4922415 0.4186659
22 0.1581412 0.2525308 0.0267390 0.0163541
30 0.4984563 0.2525308 0.0267390 0.0163541
21 0.5665193 0.2525308 0.0267390 0.0163541
31 0.2262042 0.3114058 0.0267390 0.0163541
15 0.2942672 0.3114058 0.0267390 0.0163541
6 0.4303933 0.3114058 0.0267390 0.0163541
3 0.4984563 0.3114058 0.0267390 0.0163541
19 0.5665193 0.3114058 0.0267390 0.0163541
10 0.2262042 0.3702807 0.0267390 0.0163541
18 0.3611148 0.3702807 0.0267390 0.0163541
8 0.4984563 0.3702807 0.0267390 0.0163541
2 0.2262042 0.4291555 0.0267390 0.0163542
11 0.2942672 0.4291555 0.0267390 0.0163542
7 0.3611148 0.4291555 0.0267390 0.0163542
4 0.4303933 0.4291555 0.0267390 0.0163542
20 0.4984563 0.4291555 0.0267390 0.0163542
34 0.5665193 0.4286104 0.0632014 0.0588749
14 0.5665193 0.4291555 0.0267390 0.0163542
25 0.1581412 0.4880305 0.0267390 0.0163542
14 0.2262042 0.4880305 0.0267390 0.0163542
13 0.2942672 0.4880305 0.0267390 0.0163542
12 0.3611148 0.4880305 0.0267390 0.0163542
5 0.4303933 0.4880305 0.0267390 0.0163542
24 0.4984563 0.4880305 0.0267390 0.0163542
23 0.2262042 0.5469053 0.0267390 0.0163541
27 0.5665193 0.5469053 0.0267390 0.0163541
22 0.2942672 0.5469053 0.0267390 0.0163541
3 0.2942672 0.3702807 0.0267390 0.0163541
26 0.2942672 0.2525308 0.0267390 0.0163541
7 0.3611148 0.3114058 0.0267390 0.0163541
25 0.4984563 0.5469053 0.0267390 0.0163541
24 0.3611148 0.2525308 0.0267390 0.0163541
26 0.1581412 0.4291555 0.0267390 0.0163542
8 0.1581412 0.3114058 0.0267390 0.0163541
15 0.4303933 0.5469053 0.0267390 0.0163541
1 0.3611148 0.5469053 0.0267390 0.0163541
11 0.2262042 0.2525308 0.0267390 0.0163541
30 0.1581412 0.3702807 0.0267390 0.0163541
31 0.4303933 0.2525308 0.0267390 0.0163541
25 0.1581412 0.5469053 0.0267390 0.0163541
17 0.5665193 0.4880305 0.0267390 0.0163542
