20 0.3289901 0.4498437 0.0282305 0.0168723
24 0.6882867 0.4498437 0.0282304 0.0168723
32 0.5464928 0.5156456 0.5196968 0.4319299
5 0.3289901 0.3891036 0.0282305 0.0168723
20 0.4008494 0.3891036 0.0282304 0.0168723
10 0.7601460 0.3891036 0.0282304 0.0168723
29 0.4008494 0.4498437 0.0282304 0.0168723
19 0.4727087 0.4498437 0.0282304 0.0168723
3 0.5432848 0.4498437 0.0282304 0.0168723
34 0.7601460 0.4492813 0.0667265 0.0607402
5 0.7601460 0.4498437 0.0282304 0.0168723
27 0.3289901 0.5105839 0.0282305 0.0168723
9 0.4727087 0.5105839 0.0282304 0.0168723
13 0.5432848 0.5105839 0.0282304 0.0168723
31 0.6164273 0.5105839 0.0282304 0.0168723
23 0.3289901 0.5713241 0.0282305 0.0168723
4 0.4008494 0.5713241 0.0282304 0.0168723
17 0.6882867 0.5713241 0.0282304 0.0168723
18 0.7601460 0.5713241 0.0282304 0.0168723
12 0.3289901 0.6320642 0.0282305 0.0168722
1 0.4008494 0.6320642 0.0282304 0.0168722
21 0.4727087 0.6320642 0.0282304 0.0168722
16 0.7601460 0.6320642 0.0282304 0.0168722
11 0.3289901 0.6928044 0.0282305 0.0168722
7 0.4008494 0.6928044 0.0282304 0.0168722
15 0.5432848 0.6928044 0.0282304 0.0168722
26 0.6164273 0.6928044 0.0282304 0.0168722
6 0.6882867 0.6928044 0.0282304 0.0168722
8 0.7601460 0.6928044 0.0282304 0.0168722
8 0.6882867 0.3891036 0.0282304 0.0168723
26 0.4727087 0.3891036 0.0282304 0.0168723
7 0.4008494 0.5105839 0.0282304 0.0168723
9 0.5432848 0.5713241 0.0282304 0.0168723
26 0.6164273 0.6320642 0.0282304 0.0168722
8 0.6164273 0.4498437 0.0282304 0.0168723
26 0.5432848 0.3891036 0.0282304 0.0168723
26 0.6164273 0.5713241 0.0282304 0.0168723
13 0.4727087 0.5713241 0.0282304 0.0168723
2 0.6164273 0.3891036 0.0282304 0.0168723
15 0.6882867 0.6320642 0.0282304 0.0168722
24 0.7601460 0.5105839 0.0282304 0.0168723
7 0.4727087 0.6928044 0.0282304 0.0168722
4 0.5432848 0.6320642 0.0282304 0.0168722
13 0.6882867 0.5105839 0.0282304 0.0168723
