20 0.5900755 0.2266155 0.0280718 0.0170951
10 0.8057178 0.3497002 0.0280717 0.0170951
32 0.5932655 0.3548287 0.5167761 0.4376343
31 0.4484406 0.2266155 0.0280718 0.0170951
14 0.5198960 0.2266155 0.0280717 0.0170951
13 0.6628069 0.2266155 0.0280717 0.0170951
17 0.7342624 0.2266155 0.0280718 0.0170951
29 0.4484406 0.2881579 0.0280718 0.0170951
25 0.5198960 0.2881579 0.0280717 0.0170951
10 0.5900755 0.2881579 0.0280718 0.0170951
7 0.6628069 0.2881579 0.0280717 0.0170951
5 0.8057178 0.2881579 0.0280717 0.0170951
1 0.3769851 0.3497002 0.0280718 0.0170951
4 0.4484406 0.3497002 0.0280718 0.0170951
9 0.5198960 0.3497002 0.0280717 0.0170951
8 0.5900755 0.3497002 0.0280718 0.0170951
16 0.5198960 0.4112425 0.0280717 0.0170951
34 0.5900755 0.4106727 0.0663515 0.0615424
24 0.5900755 0.4112425 0.0280718 0.0170951
11 0.7342624 0.4112425 0.0280718 0.0170951
18 0.8057178 0.4112425 0.0280717 0.0170951
20 0.4484406 0.4727849 0.0280718 0.0170951
3 0.5900755 0.4727849 0.0280718 0.0170951
6 0.6628069 0.4727849 0.0280717 0.0170951
23 0.8057178 0.4727849 0.0280717 0.0170951
19 0.3769851 0.5343272 0.0280718 0.0170951
30 0.4484406 0.5343272 0.0280718 0.0170951
22 0.5198960 0.5343272 0.0280717 0.0170951
2 0.5900755 0.5343272 0.0280718 0.0170951
15 0.6628069 0.4112425 0.0280717 0.0170951
6 0.7342624 0.3497002 0.0280718 0.0170951
27 0.7342624 0.5343272 0.0280718 0.0170951
3 0.3769851 0.2266155 0.0280718 0.0170951
2 0.3769851 0.4112425 0.0280718 0.0170951
2 0.6628069 0.3497002 0.0280717 0.0170951
30 0.8057178 0.2266155 0.0280717 0.0170951
27 0.3769851 0.2881579 0.0280718 0.0170951
31 0.3769851 0.4727849 0.0280718 0.0170951
13 0.6628069 0.5343272 0.0280717 0.0170951
15 0.4484406 0.4112425 0.0280718 0.0170951
10 0.7342624 0.2881579 0.0280718 0.0170951
6 0.7342624 0.4727849 0.0280718 0.0170951
3 0.5198960 0.4727849 0.0280717 0.0170951
16 0.8057178 0.5343272 0.0280717 0.0170951
