5 0.7757067 0.3216680 0.0283830 0.0167612
30 0.4867156 0.3820082 0.0283830 0.0167612
32 0.6331464 0.4473768 0.5225062 0.4290860
19 0.4144678 0.3216680 0.0283830 0.0167612
14 0.4867156 0.3216680 0.0283830 0.0167612
7 0.5589634 0.3216680 0.0283830 0.0167612
27 0.6299210 0.3216680 0.0283830 0.0167612
11 0.8479545 0.3216680 0.0283830 0.0167612
13 0.4144678 0.3820082 0.0283830 0.0167612
30 0.5589634 0.3820082 0.0283830 0.0167612
20 0.6299210 0.3820082 0.0283830 0.0167612
21 0.7757067 0.3820082 0.0283830 0.0167612
22 0.8479545 0.3820082 0.0283830 0.0167612
18 0.4867156 0.4423484 0.0283830 0.0167612
26 0.7034589 0.4423484 0.0283830 0.0167612
9 0.7757067 0.4423484 0.0283830 0.0167612
8 0.4144678 0.5026886 0.0283830 0.0167611
17 0.5589634 0.5026886 0.0283830 0.0167611
2 0.7757067 0.5026886 0.0283830 0.0167611
23 0.8479545 0.5026886 0.0283830 0.0167611
6 0.4144678 0.5630288 0.0283830 0.0167612
31 0.4867156 0.5630288 0.0283830 0.0167612
24 0.7034589 0.5630288 0.0283830 0.0167612
5 0.8479545 0.5630288 0.0283830 0.0167612
34 0.4144678 0.6228103 0.0670872 0.0603402
24 0.4144678 0.6233691 0.0283830 0.0167612
25 0.4867156 0.6233691 0.0283830 0.0167612
10 0.5589634 0.6233691 0.0283830 0.0167612
3 0.7034589 0.6233691 0.0283830 0.0167612
6 0.4867156 0.5026886 0.0283830 0.0167611
30 0.5589634 0.5630288 0.0283830 0.0167612
28 0.6299210 0.6233691 0.0283830 0.0167612
8 0.7034589 0.3216680 0.0283830 0.0167612
5 0.6299210 0.5026886 0.0283830 0.0167611
3 0.7757067 0.6233691 0.0283830 0.0167612
4 0.7034589 0.3820082 0.0283830 0.0167612
17 0.6299210 0.5630288 0.0283830 0.0167612
26 0.8479545 0.4423484 0.0283830 0.0167612
22 0.8479545 0.6233691 0.0283830 0.0167612
15 0.5589634 0.4423484 0.0283830 0.0167612
5 0.7757067 0.5630288 0.0283830 0.0167612
19 0.7034589 0.5026886 0.0283830 0.0167611
29 0.4144678 0.4423484 0.0283830 0.0167612
14 0.6299210 0.4423484 0.0283830 0.0167612
