24 0.7816739 0.4108028 0.0288467 0.0172165
21 0.7816739 0.2868442 0.0288467 0.0172165
32 0.6367844 0.4159677 0.5310429 0.4407416
6 0.4145332 0.2868442 0.0288468 0.0172165
10 0.4879613 0.2868442 0.0288468 0.0172165
14 0.6335064 0.2868442 0.0288467 0.0172165
13 0.7082457 0.2868442 0.0288468 0.0172165
26 0.8551021 0.2868442 0.0288467 0.0172165
18 0.4145332 0.3488235 0.0288468 0.0172165
20 0.4879613 0.3488235 0.0288468 0.0172165
17 0.5613895 0.3488235 0.0288468 0.0172165
34 0.6335064 0.3482496 0.0681833 0.0619793
18 0.6335064 0.3488235 0.0288467 0.0172165
21 0.7816739 0.3488235 0.0288467 0.0172165
8 0.4145332 0.4108028 0.0288468 0.0172165
31 0.4879613 0.4108028 0.0288468 0.0172165
23 0.5613895 0.4108028 0.0288468 0.0172165
30 0.6335064 0.4108028 0.0288467 0.0172165
5 0.7082457 0.4108028 0.0288468 0.0172165
24 0.8551021 0.4108028 0.0288467 0.0172165
22 0.4879613 0.4727821 0.0288468 0.0172165
16 0.6335064 0.4727821 0.0288467 0.0172165
7 0.8551021 0.4727821 0.0288467 0.0172165
27 0.4145332 0.5347614 0.0288468 0.0172165
2 0.7082457 0.5347614 0.0288468 0.0172165
12 0.8551021 0.5347614 0.0288467 0.0172165
25 0.4145332 0.5967407 0.0288468 0.0172165
3 0.7082457 0.5967407 0.0288468 0.0172165
15 0.7816739 0.5967407 0.0288467 0.0172165
5 0.7816739 0.5347614 0.0288467 0.0172165
22 0.6335064 0.5967407 0.0288467 0.0172165
11 0.7816739 0.4727821 0.0288467 0.0172165
22 0.4879613 0.5347614 0.0288468 0.0172165
11 0.5613895 0.5347614 0.0288468 0.0172165
14 0.8551021 0.3488235 0.0288467 0.0172165
11 0.5613895 0.4727821 0.0288468 0.0172165
19 0.5613895 0.2868442 0.0288468 0.0172165
1 0.6335064 0.5347614 0.0288467 0.0172165
21 0.4879613 0.5967407 0.0288468 0.0172165
11 0.8551021 0.5967407 0.0288467 0.0172165
25 0.5613895 0.5967407 0.0288468 0.0172165
30 0.4145332 0.4727821 0.0288468 0.0172165
29 0.7082457 0.3488235 0.0288468 0.0172165
20 0.7082457 0.4727821 0.0288468 0.0172165
