14 0.3266956 0.4964032 0.0274824 0.0170277
12 0.6764713 0.6190024 0.0274825 0.0170277
32 0.5384348 0.4402119 0.5059256 0.4359084
1 0.3966508 0.3125044 0.0274824 0.0170277
31 0.4666059 0.3125044 0.0274824 0.0170277
23 0.5353119 0.3125044 0.0274824 0.0170277
14 0.6764713 0.3125044 0.0274825 0.0170277
19 0.3266956 0.3738040 0.0274824 0.0170277
24 0.3966508 0.3738040 0.0274824 0.0170277
26 0.4666059 0.3738040 0.0274824 0.0170277
33 0.5353119 0.3732364 0.0649583 0.0612996
7 0.5353119 0.3738040 0.0274824 0.0170277
7 0.6764713 0.3738040 0.0274825 0.0170277
8 0.7464265 0.3738040 0.0274825 0.0170277
2 0.3266956 0.4351036 0.0274824 0.0170277
10 0.3966508 0.4351036 0.0274824 0.0170277
11 0.6065162 0.4351036 0.0274824 0.0170277
30 0.7464265 0.4351036 0.0274825 0.0170277
5 0.3966508 0.4964032 0.0274824 0.0170277
20 0.4666059 0.4964032 0.0274824 0.0170277
29 0.5353119 0.4964032 0.0274824 0.0170277
17 0.6065162 0.4964032 0.0274824 0.0170277
4 0.3266956 0.5577028 0.0274824 0.0170277
25 0.3966508 0.5577028 0.0274824 0.0170277
27 0.6764713 0.5577028 0.0274825 0.0170277
16 0.7464265 0.5577028 0.0274825 0.0170277
22 0.3266956 0.6190024 0.0274824 0.0170277
12 0.3966508 0.6190024 0.0274824 0.0170277
15 0.7464265 0.6190024 0.0274825 0.0170277
16 0.3266956 0.3125044 0.0274824 0.0170277
3 0.6764713 0.4351036 0.0274825 0.0170277
31 0.6764713 0.4964032 0.0274825 0.0170277
26 0.7464265 0.4964032 0.0274825 0.0170277
4 0.6065162 0.3125044 0.0274824 0.0170277
6 0.4666059 0.4351036 0.0274824 0.0170277
27 0.6065162 0.3738040 0.0274824 0.0170277
8 0.6065162 0.5577028 0.0274824 0.0170277
18 0.4666059 0.6190024 0.0274824 0.0170277
30 0.5353119 0.5577028 0.0274824 0.0170277
28 0.5353119 0.4351036 0.0274824 0.0170277
30 0.4666059 0.5577028 0.0274824 0.0170277
21 0.6065162 0.6190024 0.0274824 0.0170277
15 0.7464265 0.3125044 0.0274825 0.0170277
15 0.5353119 0.6190024 0.0274824 0.0170277
