1 0.1777581 0.5634009 0.0265271 0.0164612
25 0.5828997 0.5634009 0.0265271 0.0164612
32 0.3821375 0.5683393 0.4883403 0.4214060
10 0.1777581 0.4448805 0.0265271 0.0164612
16 0.2452817 0.4448805 0.0265271 0.0164612
19 0.3128053 0.4448805 0.0265271 0.0164612
27 0.4478525 0.4448805 0.0265271 0.0164612
31 0.5153761 0.4448805 0.0265271 0.0164612
12 0.5828997 0.4448805 0.0265271 0.0164612
3 0.1777581 0.5041407 0.0265271 0.0164611
22 0.2452817 0.5041407 0.0265271 0.0164611
5 0.3128053 0.5041407 0.0265271 0.0164611
17 0.3791231 0.5041407 0.0265271 0.0164611
7 0.5828997 0.5041407 0.0265271 0.0164611
9 0.3128053 0.5634009 0.0265271 0.0164612
24 0.3791231 0.5634009 0.0265271 0.0164612
15 0.5153761 0.5634009 0.0265271 0.0164612
8 0.1777581 0.6226612 0.0265271 0.0164612
25 0.3128053 0.6226612 0.0265271 0.0164612
11 0.3791231 0.6226612 0.0265271 0.0164612
6 0.1777581 0.6819213 0.0265271 0.0164612
2 0.2452817 0.6819213 0.0265271 0.0164612
33 0.4472496 0.6813727 0.0639063 0.0592601
17 0.4478525 0.6819213 0.0265271 0.0164612
14 0.5153761 0.6819213 0.0265271 0.0164612
20 0.2452817 0.7411816 0.0265271 0.0164612
4 0.3128053 0.7411816 0.0265271 0.0164612
1 0.4478525 0.7411816 0.0265271 0.0164612
21 0.5828997 0.7411816 0.0265271 0.0164612
30 0.3791231 0.6819213 0.0265271 0.0164612
15 0.1777581 0.7411816 0.0265271 0.0164612
18 0.5828997 0.6819213 0.0265271 0.0164612
5 0.2452817 0.5634009 0.0265271 0.0164612
30 0.5828997 0.6226612 0.0265271 0.0164612
26 0.2452817 0.6226612 0.0265271 0.0164612
1 0.3128053 0.6819213 0.0265271 0.0164612
12 0.5153761 0.6226612 0.0265271 0.0164612
21 0.5153761 0.7411816 0.0265271 0.0164612
19 0.4478525 0.5041407 0.0265271 0.0164611
27 0.4478525 0.6226612 0.0265271 0.0164612
14 0.5153761 0.5041407 0.0265271 0.0164611
15 0.3791231 0.7411816 0.0265271 0.0164612
7 0.3791231 0.4448805 0.0265271 0.0164612
22 0.4478525 0.5634009 0.0265271 0.0164612
