7 0.3279259 0.5561945 0.0268855 0.0164660
11 0.7385399 0.6154721 0.0268855 0.0164659
32 0.5350660 0.6204120 0.4949364 0.4215301
26 0.3963616 0.4969168 0.0268855 0.0164660
30 0.5320108 0.4969168 0.0268854 0.0164660
27 0.6016685 0.4969168 0.0268854 0.0164660
1 0.6701042 0.4969168 0.0268855 0.0164660
25 0.3963616 0.5561945 0.0268855 0.0164660
10 0.5320108 0.5561945 0.0268854 0.0164660
13 0.3279259 0.6154721 0.0268855 0.0164659
4 0.3963616 0.6154721 0.0268855 0.0164659
14 0.5320108 0.6154721 0.0268854 0.0164659
12 0.6016685 0.6154721 0.0268854 0.0164659
20 0.6701042 0.6154721 0.0268855 0.0164659
29 0.3963616 0.6747498 0.0268855 0.0164661
11 0.4647972 0.6747498 0.0268854 0.0164661
16 0.6016685 0.6747498 0.0268854 0.0164661
7 0.6701042 0.6747498 0.0268855 0.0164661
33 0.7385399 0.6742010 0.0635474 0.0592776
27 0.7385399 0.6747498 0.0268855 0.0164661
2 0.3279259 0.7340275 0.0268855 0.0164659
22 0.4647972 0.7340275 0.0268854 0.0164659
18 0.5320108 0.7340275 0.0268854 0.0164659
31 0.6016685 0.7340275 0.0268854 0.0164659
9 0.6701042 0.7340275 0.0268855 0.0164659
15 0.3279259 0.7933052 0.0268855 0.0164661
24 0.4647972 0.7933052 0.0268854 0.0164661
5 0.6016685 0.7933052 0.0268854 0.0164661
8 0.6701042 0.7933052 0.0268855 0.0164661
4 0.7385399 0.5561945 0.0268855 0.0164660
30 0.5320108 0.7933052 0.0268854 0.0164661
10 0.6016685 0.5561945 0.0268854 0.0164660
22 0.4647972 0.4969168 0.0268854 0.0164660
7 0.4647972 0.5561945 0.0268854 0.0164660
29 0.7385399 0.4969168 0.0268855 0.0164660
1 0.7385399 0.7933052 0.0268855 0.0164661
6 0.3963616 0.7933052 0.0268855 0.0164661
28 0.4647972 0.6154721 0.0268854 0.0164659
2 0.6701042 0.5561945 0.0268855 0.0164660
5 0.3279259 0.6747498 0.0268855 0.0164661
2 0.3963616 0.7340275 0.0268855 0.0164659
31 0.3279259 0.4969168 0.0268855 0.0164660
8 0.5320108 0.6747498 0.0268854 0.0164661
7 0.7385399 0.7340275 0.0268855 0.0164659
