16 0.4791551 0.2529173 0.0277889 0.0173827
5 0.1962136 0.4406502 0.0277889 0.0173827
32 0.4103144 0.3832874 0.5115684 0.4449966
29 0.2669490 0.2529173 0.0277889 0.0173827
13 0.3376843 0.2529173 0.0277889 0.0173827
1 0.6206258 0.2529173 0.0277889 0.0173827
11 0.1962136 0.3154949 0.0277889 0.0173827
18 0.2669490 0.3154949 0.0277889 0.0173827
34 0.3376843 0.3149155 0.0656828 0.0625776
7 0.3376843 0.3154949 0.0277889 0.0173827
2 0.4071566 0.3154949 0.0277889 0.0173827
22 0.4791551 0.3154949 0.0277889 0.0173827
16 0.5498904 0.3154949 0.0277889 0.0173827
5 0.6206258 0.3154949 0.0277889 0.0173827
17 0.2669490 0.3780726 0.0277889 0.0173827
14 0.3376843 0.3780726 0.0277889 0.0173827
3 0.4071566 0.3780726 0.0277889 0.0173827
7 0.4791551 0.3780726 0.0277889 0.0173827
20 0.6206258 0.3780726 0.0277889 0.0173827
15 0.3376843 0.4406502 0.0277889 0.0173827
4 0.5498904 0.4406502 0.0277889 0.0173827
30 0.6206258 0.4406502 0.0277889 0.0173827
10 0.3376843 0.5032278 0.0277889 0.0173827
21 0.4791551 0.5032278 0.0277889 0.0173827
26 0.5498904 0.5032278 0.0277889 0.0173827
24 0.2669490 0.5658055 0.0277889 0.0173827
31 0.3376843 0.5658055 0.0277889 0.0173827
23 0.5498904 0.5658055 0.0277889 0.0173827
27 0.6206258 0.5658055 0.0277889 0.0173827
19 0.4791551 0.5658055 0.0277889 0.0173827
12 0.4791551 0.4406502 0.0277889 0.0173827
14 0.1962136 0.2529173 0.0277889 0.0173827
11 0.1962136 0.5032278 0.0277889 0.0173827
20 0.4071566 0.5032278 0.0277889 0.0173827
24 0.1962136 0.3780726 0.0277889 0.0173827
22 0.2669490 0.5032278 0.0277889 0.0173827
14 0.1962136 0.5658055 0.0277889 0.0173827
27 0.5498904 0.2529173 0.0277889 0.0173827
2 0.4071566 0.5658055 0.0277889 0.0173827
21 0.5498904 0.3780726 0.0277889 0.0173827
21 0.6206258 0.5032278 0.0277889 0.0173827
31 0.4071566 0.2529173 0.0277889 0.0173827
21 0.4071566 0.4406502 0.0277889 0.0173827
8 0.2669490 0.4406502 0.0277889 0.0173827
