19 0.4577474 0.6334399 0.0268713 0.0173360
9 0.3893476 0.5710304 0.0268713 0.0173360
32 0.5963790 0.5762312 0.4946768 0.4438010
9 0.6629466 0.4462113 0.0268713 0.0173360
8 0.7313464 0.4462113 0.0268713 0.0173360
23 0.3893476 0.5086209 0.0268713 0.0173360
24 0.4577474 0.5086209 0.0268713 0.0173360
20 0.5933255 0.5086209 0.0268713 0.0173360
1 0.6629466 0.5086209 0.0268713 0.0173360
10 0.7313464 0.5086209 0.0268713 0.0173360
16 0.7997461 0.5086209 0.0268713 0.0173360
21 0.4577474 0.5710304 0.0268713 0.0173360
29 0.5933255 0.5710304 0.0268713 0.0173360
17 0.7313464 0.5710304 0.0268713 0.0173360
18 0.7997461 0.5710304 0.0268713 0.0173360
27 0.5933255 0.6334399 0.0268713 0.0173360
25 0.6629466 0.6334399 0.0268713 0.0173360
19 0.4577474 0.6958495 0.0268713 0.0173360
34 0.5261472 0.6952715 0.0635141 0.0624095
14 0.5261472 0.6958495 0.0268713 0.0173360
2 0.5933255 0.6958495 0.0268713 0.0173360
31 0.6629466 0.6958495 0.0268713 0.0173360
12 0.7313464 0.6958495 0.0268713 0.0173360
30 0.7997461 0.6958495 0.0268713 0.0173360
22 0.3893476 0.7582589 0.0268713 0.0173360
14 0.4577474 0.7582589 0.0268713 0.0173360
26 0.5933255 0.7582589 0.0268713 0.0173360
5 0.7313464 0.7582589 0.0268713 0.0173360
13 0.7997461 0.7582589 0.0268713 0.0173360
27 0.6629466 0.5710304 0.0268713 0.0173360
19 0.5261472 0.7582589 0.0268713 0.0173360
2 0.7313464 0.6334399 0.0268713 0.0173360
6 0.7997461 0.6334399 0.0268713 0.0173360
11 0.5261472 0.5710304 0.0268713 0.0173360
31 0.5933255 0.4462113 0.0268713 0.0173360
1 0.5261472 0.5086209 0.0268713 0.0173360
2 0.5261472 0.4462113 0.0268713 0.0173360
15 0.3893476 0.6958495 0.0268713 0.0173360
29 0.7997461 0.4462113 0.0268713 0.0173360
22 0.4577474 0.4462113 0.0268713 0.0173360
15 0.6629466 0.7582589 0.0268713 0.0173360
24 0.5261472 0.6334399 0.0268713 0.0173360
15 0.3893476 0.6334399 0.0268713 0.0173360
4 0.3893476 0.4462113 0.0268713 0.0173360
