20 0.5376394 0.3740793 0.0284418 0.0162186
27 0.4652420 0.5492406 0.0284418 0.0162186
32 0.6119759 0.3789449 0.5235880 0.4151973
19 0.3928446 0.2573050 0.0284418 0.0162186
6 0.4652420 0.2573050 0.0284418 0.0162186
12 0.6824341 0.2573050 0.0284418 0.0162186
14 0.7548314 0.2573050 0.0284418 0.0162186
10 0.8272287 0.2573050 0.0284418 0.0162186
4 0.4652420 0.3156921 0.0284418 0.0162186
7 0.6824341 0.3156921 0.0284418 0.0162186
8 0.7548314 0.3156921 0.0284418 0.0162186
21 0.8272287 0.3156921 0.0284418 0.0162186
27 0.3928446 0.3740793 0.0284418 0.0162186
17 0.4652420 0.3740793 0.0284418 0.0162186
22 0.6087439 0.3740793 0.0284418 0.0162186
31 0.6824341 0.3740793 0.0284418 0.0162186
3 0.8272287 0.3740793 0.0284418 0.0162186
9 0.3928446 0.4324664 0.0284418 0.0162186
5 0.5376394 0.4324664 0.0284418 0.0162186
18 0.6087439 0.4324664 0.0284418 0.0162186
11 0.8272287 0.4324664 0.0284418 0.0162186
25 0.3928446 0.4908535 0.0284418 0.0162186
33 0.6817876 0.4903129 0.0685188 0.0583871
26 0.6824341 0.4908535 0.0284418 0.0162186
2 0.8272287 0.4908535 0.0284418 0.0162186
15 0.3928446 0.5492406 0.0284418 0.0162186
26 0.5376394 0.5492406 0.0284418 0.0162186
20 0.6087439 0.5492406 0.0284418 0.0162186
24 0.7548314 0.5492406 0.0284418 0.0162186
30 0.8272287 0.5492406 0.0284418 0.0162186
29 0.6087439 0.2573050 0.0284418 0.0162186
6 0.7548314 0.4324664 0.0284418 0.0162186
21 0.6087439 0.3156921 0.0284418 0.0162186
14 0.6824341 0.4324664 0.0284418 0.0162186
19 0.4652420 0.4908535 0.0284418 0.0162186
28 0.5376394 0.3156921 0.0284418 0.0162186
27 0.6824341 0.5492406 0.0284418 0.0162186
18 0.5376394 0.2573050 0.0284418 0.0162186
24 0.6087439 0.4908535 0.0284418 0.0162186
27 0.4652420 0.4324664 0.0284418 0.0162186
5 0.7548314 0.4908535 0.0284418 0.0162186
29 0.3928446 0.3156921 0.0284418 0.0162186
14 0.5376394 0.4908535 0.0284418 0.0162186
13 0.7548314 0.3740793 0.0284418 0.0162186
