10 0.6902245 0.6398174 0.0275395 0.0174269
1 0.6902245 0.4516070 0.0275395 0.0174269
32 0.5519012 0.4568351 0.5069769 0.4461285
31 0.3397220 0.3261334 0.0275395 0.0174269
4 0.4098225 0.3261334 0.0275395 0.0174269
30 0.6201241 0.3261334 0.0275395 0.0174269
9 0.7603250 0.3261334 0.0275394 0.0174269
23 0.3397220 0.3888702 0.0275395 0.0174269
8 0.4098225 0.3888702 0.0275395 0.0174269
29 0.4799230 0.3888702 0.0275395 0.0174269
19 0.5487717 0.3888702 0.0275395 0.0174269
14 0.6201241 0.3888702 0.0275395 0.0174269
15 0.6902245 0.3888702 0.0275395 0.0174269
2 0.7603250 0.3888702 0.0275394 0.0174269
20 0.3397220 0.4516070 0.0275395 0.0174269
11 0.4098225 0.4516070 0.0275395 0.0174269
1 0.5487717 0.4516070 0.0275395 0.0174269
12 0.7603250 0.4516070 0.0275394 0.0174269
17 0.5487717 0.5143438 0.0275395 0.0174269
24 0.6201241 0.5143438 0.0275395 0.0174269
21 0.6902245 0.5143438 0.0275395 0.0174269
13 0.3397220 0.5770806 0.0275395 0.0174269
25 0.5487717 0.5770806 0.0275395 0.0174269
22 0.7603250 0.5770806 0.0275394 0.0174269
33 0.4091966 0.6392365 0.0638415 0.0627368
18 0.4098225 0.6398174 0.0275395 0.0174269
10 0.5487717 0.6398174 0.0275395 0.0174269
26 0.6201241 0.6398174 0.0275395 0.0174269
18 0.7603250 0.6398174 0.0275394 0.0174269
13 0.6902245 0.5770806 0.0275395 0.0174269
18 0.4098225 0.5143438 0.0275395 0.0174269
9 0.3397220 0.5143438 0.0275395 0.0174269
15 0.6902245 0.3261334 0.0275395 0.0174269
12 0.6201241 0.5770806 0.0275395 0.0174269
28 0.4799230 0.5143438 0.0275395 0.0174269
28 0.7603250 0.5143438 0.0275394 0.0174269
25 0.4799230 0.3261334 0.0275395 0.0174269
4 0.4799230 0.6398174 0.0275395 0.0174269
14 0.5487717 0.3261334 0.0275395 0.0174269
2 0.4799230 0.4516070 0.0275395 0.0174269
18 0.6201241 0.4516070 0.0275395 0.0174269
10 0.4799230 0.5770806 0.0275395 0.0174269
20 0.4098225 0.5770806 0.0275395 0.0174269
29 0.3397220 0.6398174 0.0275395 0.0174269
