25 0.3858430 0.6602292 0.0282969 0.0162099
5 0.2430724 0.7185847 0.0282969 0.0162099
32 0.3890586 0.6067367 0.5209200 0.4149721
27 0.1710439 0.4851628 0.0282969 0.0162099
11 0.2430724 0.4851628 0.0282969 0.0162099
24 0.3151008 0.4851628 0.0282969 0.0162099
29 0.4591577 0.4851628 0.0282969 0.0162099
15 0.6032146 0.4851628 0.0282969 0.0162099
7 0.1710439 0.5435183 0.0282969 0.0162099
5 0.2430724 0.5435183 0.0282969 0.0162099
19 0.3858430 0.5435183 0.0282969 0.0162099
17 0.4591577 0.5435183 0.0282969 0.0162099
6 0.5311861 0.5435183 0.0282969 0.0162099
23 0.1710439 0.6018738 0.0282969 0.0162099
2 0.2430724 0.6018738 0.0282969 0.0162099
18 0.5311861 0.6018738 0.0282969 0.0162099
3 0.6032146 0.6018738 0.0282969 0.0162099
31 0.2430724 0.6602292 0.0282969 0.0162099
22 0.3151008 0.6602292 0.0282969 0.0162099
9 0.5311861 0.6602292 0.0282969 0.0162099
16 0.6032146 0.6602292 0.0282969 0.0162099
20 0.1710439 0.7185847 0.0282969 0.0162099
21 0.3151008 0.7185847 0.0282969 0.0162099
12 0.3858430 0.7185847 0.0282969 0.0162099
1 0.4591577 0.7185847 0.0282969 0.0162099
14 0.3151008 0.7769401 0.0282969 0.0162099
34 0.3858430 0.7763998 0.0668836 0.0583554
7 0.3858430 0.7769401 0.0282969 0.0162099
4 0.6032146 0.7769401 0.0282969 0.0162099
1 0.1710439 0.6602292 0.0282969 0.0162099
6 0.3151008 0.6018738 0.0282969 0.0162099
16 0.6032146 0.5435183 0.0282969 0.0162099
13 0.6032146 0.7185847 0.0282969 0.0162099
18 0.1710439 0.7769401 0.0282969 0.0162099
11 0.4591577 0.6018738 0.0282969 0.0162099
8 0.5311861 0.7185847 0.0282969 0.0162099
14 0.5311861 0.7769401 0.0282969 0.0162099
9 0.3151008 0.5435183 0.0282969 0.0162099
4 0.3858430 0.4851628 0.0282969 0.0162099
4 0.5311861 0.4851628 0.0282969 0.0162099
24 0.3858430 0.6018738 0.0282969 0.0162099
27 0.4591577 0.6602292 0.0282969 0.0162099
13 0.2430724 0.7769401 0.0282969 0.0162099
15 0.4591577 0.7769401 0.0282969 0.0162099
