21 0.2879077 0.6007278 0.0269891 0.0171164
17 0.4927795 0.6007278 0.0269891 0.0171164
32 0.4958464 0.5442437 0.4968449 0.4381797
4 0.3566072 0.4158708 0.0269891 0.0171164
3 0.4253067 0.4158708 0.0269891 0.0171164
27 0.4927795 0.4158708 0.0269891 0.0171164
13 0.7001048 0.4158708 0.0269891 0.0171164
17 0.2879077 0.4774898 0.0269891 0.0171164
2 0.4927795 0.4774898 0.0269891 0.0171164
19 0.5627058 0.4774898 0.0269891 0.0171164
10 0.6314053 0.4774898 0.0269891 0.0171164
34 0.7001048 0.4769192 0.0637925 0.0616190
4 0.7001048 0.4774898 0.0269891 0.0171164
26 0.2879077 0.5391088 0.0269891 0.0171164
7 0.3566072 0.5391088 0.0269891 0.0171164
24 0.4253067 0.5391088 0.0269891 0.0171164
18 0.4927795 0.5391088 0.0269891 0.0171164
9 0.5627058 0.5391088 0.0269891 0.0171164
8 0.7001048 0.5391088 0.0269891 0.0171164
16 0.6314053 0.6007278 0.0269891 0.0171164
1 0.7001048 0.6007278 0.0269891 0.0171164
15 0.2879077 0.6623468 0.0269891 0.0171164
14 0.4253067 0.6623468 0.0269891 0.0171164
11 0.5627058 0.6623468 0.0269891 0.0171164
31 0.7001048 0.6623468 0.0269891 0.0171164
20 0.2879077 0.7239658 0.0269891 0.0171164
21 0.4253067 0.7239658 0.0269891 0.0171164
5 0.5627058 0.7239658 0.0269891 0.0171164
6 0.6314053 0.7239658 0.0269891 0.0171164
18 0.3566072 0.6623468 0.0269891 0.0171164
28 0.4253067 0.4774898 0.0269891 0.0171164
10 0.4927795 0.6623468 0.0269891 0.0171164
3 0.2879077 0.4158708 0.0269891 0.0171164
22 0.6314053 0.6623468 0.0269891 0.0171164
30 0.5627058 0.6007278 0.0269891 0.0171164
3 0.7001048 0.7239658 0.0269891 0.0171164
8 0.4927795 0.7239658 0.0269891 0.0171164
18 0.3566072 0.4774898 0.0269891 0.0171164
30 0.3566072 0.6007278 0.0269891 0.0171164
1 0.4253067 0.6007278 0.0269891 0.0171164
16 0.6314053 0.5391088 0.0269891 0.0171164
24 0.5627058 0.4158708 0.0269891 0.0171164
14 0.6314053 0.4158708 0.0269891 0.0171164
25 0.3566072 0.7239658 0.0269891 0.0171164
