6 0.4096550 0.5757677 0.0276273 0.0170898
20 0.4096550 0.3296748 0.0276273 0.0170898
32 0.5521869 0.3963249 0.5085938 0.4374986
14 0.5490474 0.2681515 0.0276273 0.0170898
9 0.6909514 0.2681515 0.0276273 0.0170898
22 0.4799791 0.3296748 0.0276273 0.0170898
5 0.7612755 0.3296748 0.0276273 0.0170898
10 0.3393309 0.3911980 0.0276273 0.0170898
12 0.4096550 0.3911980 0.0276273 0.0170898
3 0.4799791 0.3911980 0.0276273 0.0170898
2 0.6909514 0.3911980 0.0276273 0.0170898
24 0.7612755 0.3911980 0.0276273 0.0170898
7 0.3393309 0.4527212 0.0276273 0.0170898
19 0.5490474 0.4527212 0.0276273 0.0170898
15 0.6206273 0.4527212 0.0276273 0.0170898
30 0.6909514 0.4527212 0.0276273 0.0170898
21 0.7612755 0.4527212 0.0276273 0.0170898
17 0.4096550 0.5142445 0.0276273 0.0170898
31 0.4799791 0.5142445 0.0276273 0.0170898
23 0.5490474 0.5142445 0.0276273 0.0170898
4 0.6909514 0.5142445 0.0276273 0.0170898
25 0.7612755 0.5142445 0.0276273 0.0170898
20 0.3393309 0.5757677 0.0276273 0.0170898
33 0.4799791 0.5751980 0.0653009 0.0615232
14 0.4799791 0.5757677 0.0276273 0.0170898
13 0.5490474 0.5757677 0.0276273 0.0170898
6 0.6206273 0.5757677 0.0276273 0.0170898
29 0.6909514 0.5757677 0.0276273 0.0170898
18 0.7612755 0.5757677 0.0276273 0.0170898
26 0.4096550 0.2681515 0.0276273 0.0170898
24 0.3393309 0.2681515 0.0276273 0.0170898
26 0.6206273 0.5142445 0.0276273 0.0170898
9 0.3393309 0.3296748 0.0276273 0.0170898
22 0.6206273 0.2681515 0.0276273 0.0170898
16 0.6206273 0.3296748 0.0276273 0.0170898
31 0.7612755 0.2681515 0.0276273 0.0170898
9 0.5490474 0.3296748 0.0276273 0.0170898
7 0.3393309 0.5142445 0.0276273 0.0170898
22 0.6206273 0.3911980 0.0276273 0.0170898
7 0.4799791 0.4527212 0.0276273 0.0170898
8 0.4096550 0.4527212 0.0276273 0.0170898
30 0.4799791 0.2681515 0.0276273 0.0170898
10 0.5490474 0.3911980 0.0276273 0.0170898
27 0.6909514 0.3296748 0.0276273 0.0170898
