9 0.7424660 0.3046048 0.0261269 0.0170223
22 0.4764470 0.6110061 0.0261269 0.0170223
32 0.6112379 0.4322720 0.4809718 0.4357707
2 0.4764470 0.3046048 0.0261269 0.0170223
31 0.5429518 0.3046048 0.0261269 0.0170223
30 0.6082689 0.3046048 0.0261269 0.0170223
26 0.6759612 0.3046048 0.0261269 0.0170223
11 0.4764470 0.3658850 0.0261269 0.0170223
25 0.5429518 0.3658850 0.0261269 0.0170223
22 0.6759612 0.3658850 0.0261269 0.0170223
19 0.4764470 0.4271653 0.0261269 0.0170223
6 0.5429518 0.4271653 0.0261269 0.0170223
7 0.6082689 0.4271653 0.0261269 0.0170223
12 0.6759612 0.4271653 0.0261269 0.0170223
27 0.8089707 0.4271653 0.0261269 0.0170223
29 0.4099423 0.4884456 0.0261269 0.0170223
18 0.4764470 0.4884456 0.0261269 0.0170223
33 0.5429518 0.4878781 0.0617544 0.0612802
15 0.5429518 0.4884456 0.0261269 0.0170223
16 0.6082689 0.4884456 0.0261269 0.0170223
13 0.6759612 0.4884456 0.0261269 0.0170223
15 0.7424660 0.4884456 0.0261269 0.0170223
8 0.4764470 0.5497258 0.0261269 0.0170223
21 0.5429518 0.5497258 0.0261269 0.0170223
3 0.6082689 0.5497258 0.0261269 0.0170223
24 0.6759612 0.5497258 0.0261269 0.0170223
1 0.4099423 0.6110061 0.0261269 0.0170223
23 0.6759612 0.6110061 0.0261269 0.0170223
5 0.8089707 0.6110061 0.0261269 0.0170223
8 0.4099423 0.4271653 0.0261269 0.0170223
7 0.4099423 0.5497258 0.0261269 0.0170223
27 0.6082689 0.3658850 0.0261269 0.0170223
16 0.8089707 0.5497258 0.0261269 0.0170223
27 0.4099423 0.3658850 0.0261269 0.0170223
5 0.7424660 0.4271653 0.0261269 0.0170223
5 0.8089707 0.4884456 0.0261269 0.0170223
3 0.7424660 0.6110061 0.0261269 0.0170223
12 0.5429518 0.6110061 0.0261269 0.0170223
30 0.7424660 0.5497258 0.0261269 0.0170223
2 0.4099423 0.3046048 0.0261269 0.0170223
2 0.7424660 0.3658850 0.0261269 0.0170223
16 0.8089707 0.3046048 0.0261269 0.0170223
18 0.8089707 0.3658850 0.0261269 0.0170223
22 0.6082689 0.6110061 0.0261269 0.0170223
