30 0.2138954 0.5399090 0.0261303 0.0169322
19 0.2138954 0.6008649 0.0261303 0.0169322
32 0.2821904 0.6059446 0.4810345 0.4334639
2 0.0808686 0.4789532 0.0261303 0.0169322
8 0.1473820 0.4789532 0.0261303 0.0169322
5 0.2138954 0.4789532 0.0261303 0.0169322
18 0.2792211 0.4789532 0.0261303 0.0169322
1 0.4134357 0.4789532 0.0261303 0.0169322
20 0.0808686 0.5399090 0.0261303 0.0169322
14 0.1473820 0.5399090 0.0261303 0.0169322
16 0.2792211 0.5399090 0.0261303 0.0169322
7 0.3469222 0.5399090 0.0261303 0.0169322
13 0.4134357 0.5399090 0.0261303 0.0169322
31 0.4799490 0.5399090 0.0261303 0.0169322
24 0.3469222 0.6008649 0.0261303 0.0169322
15 0.0808686 0.6618207 0.0261303 0.0169322
33 0.1467881 0.6612564 0.0605747 0.0609559
21 0.1473820 0.6618207 0.0261303 0.0169322
23 0.2792211 0.6618207 0.0261303 0.0169322
21 0.4799490 0.6618207 0.0261303 0.0169322
17 0.2138954 0.7227766 0.0261303 0.0169322
4 0.3469222 0.7227766 0.0261303 0.0169322
27 0.4134357 0.7227766 0.0261303 0.0169322
22 0.0808686 0.7837325 0.0261303 0.0169322
30 0.1473820 0.7837325 0.0261303 0.0169322
6 0.2792211 0.7837325 0.0261303 0.0169322
12 0.3469222 0.7837325 0.0261303 0.0169322
9 0.4134357 0.7837325 0.0261303 0.0169322
3 0.4799490 0.7837325 0.0261303 0.0169322
12 0.4799490 0.7227766 0.0261303 0.0169322
4 0.2792211 0.7227766 0.0261303 0.0169322
29 0.3469222 0.4789532 0.0261303 0.0169322
6 0.0808686 0.6008649 0.0261303 0.0169322
17 0.4134357 0.6618207 0.0261303 0.0169322
1 0.1473820 0.6008649 0.0261303 0.0169322
28 0.0808686 0.7227766 0.0261303 0.0169322
25 0.2138954 0.6618207 0.0261303 0.0169322
10 0.1473820 0.7227766 0.0261303 0.0169322
17 0.2138954 0.7837325 0.0261303 0.0169322
5 0.4799490 0.6008649 0.0261303 0.0169322
21 0.2792211 0.6008649 0.0261303 0.0169322
12 0.4134357 0.6008649 0.0261303 0.0169322
12 0.3469222 0.6618207 0.0261303 0.0169322
9 0.4799490 0.4789532 0.0261303 0.0169322
