1 0.4342467 0.7309530 0.0270097 0.0169236
22 0.5029987 0.7309530 0.0270097 0.0169236
32 0.3673363 0.5532548 0.4972239 0.4332450
24 0.1592390 0.4263276 0.0270097 0.0169237
33 0.2273771 0.4257635 0.0626134 0.0609251
31 0.2279909 0.4263276 0.0270097 0.0169237
11 0.4342467 0.4263276 0.0270097 0.0169237
27 0.5029987 0.4263276 0.0270097 0.0169237
13 0.5717506 0.4263276 0.0270097 0.0169237
5 0.1592390 0.4872526 0.0270097 0.0169236
22 0.2967429 0.4872526 0.0270097 0.0169236
6 0.4342467 0.4872526 0.0270097 0.0169236
1 0.5717506 0.4872526 0.0270097 0.0169236
9 0.1592390 0.5481777 0.0270097 0.0169236
18 0.2967429 0.5481777 0.0270097 0.0169236
20 0.3642671 0.5481777 0.0270097 0.0169236
10 0.5029987 0.5481777 0.0270097 0.0169236
12 0.5717506 0.5481777 0.0270097 0.0169236
2 0.1592390 0.6091028 0.0270097 0.0169236
16 0.2279909 0.6091028 0.0270097 0.0169236
30 0.2967429 0.6091028 0.0270097 0.0169236
8 0.3642671 0.6091028 0.0270097 0.0169236
21 0.5029987 0.6091028 0.0270097 0.0169236
15 0.5717506 0.6091028 0.0270097 0.0169236
3 0.2967429 0.6700279 0.0270097 0.0169237
31 0.4342467 0.6700279 0.0270097 0.0169237
7 0.2279909 0.7309530 0.0270097 0.0169236
23 0.3642671 0.7309530 0.0270097 0.0169236
19 0.5717506 0.7309530 0.0270097 0.0169236
26 0.3642671 0.4263276 0.0270097 0.0169237
8 0.3642671 0.6700279 0.0270097 0.0169237
10 0.4342467 0.5481777 0.0270097 0.0169236
27 0.1592390 0.6700279 0.0270097 0.0169237
28 0.4342467 0.6091028 0.0270097 0.0169236
9 0.5029987 0.6700279 0.0270097 0.0169237
7 0.2279909 0.4872526 0.0270097 0.0169236
6 0.5717506 0.6700279 0.0270097 0.0169237
18 0.2279909 0.5481777 0.0270097 0.0169236
10 0.2967429 0.4263276 0.0270097 0.0169237
6 0.2967429 0.7309530 0.0270097 0.0169236
24 0.2279909 0.6700279 0.0270097 0.0169237
2 0.3642671 0.4872526 0.0270097 0.0169236
20 0.1592390 0.7309530 0.0270097 0.0169236
20 0.5029987 0.4872526 0.0270097 0.0169236
