27 0.4058860 0.2962620 0.0281326 0.0159945
30 0.1923341 0.2386818 0.0281326 0.0159945
32 0.4090829 0.3586405 0.5178954 0.4094589
21 0.2639443 0.2386818 0.0281326 0.0159945
16 0.3355545 0.2386818 0.0281326 0.0159945
24 0.4787750 0.2386818 0.0281326 0.0159945
6 0.5503853 0.2386818 0.0281326 0.0159945
33 0.6219955 0.2381487 0.0664952 0.0575802
18 0.6219955 0.2386818 0.0281326 0.0159945
30 0.2639443 0.2962620 0.0281326 0.0159945
13 0.3355545 0.2962620 0.0281326 0.0159945
7 0.4787750 0.2962620 0.0281326 0.0159945
8 0.5503853 0.2962620 0.0281326 0.0159945
11 0.6219955 0.2962620 0.0281326 0.0159945
17 0.1923341 0.3538422 0.0281326 0.0159945
18 0.2639443 0.3538422 0.0281326 0.0159945
26 0.4787750 0.3538422 0.0281326 0.0159945
27 0.5503853 0.3538422 0.0281326 0.0159945
9 0.4058860 0.4114223 0.0281326 0.0159945
4 0.4787750 0.4114223 0.0281326 0.0159945
15 0.1923341 0.4690025 0.0281326 0.0159945
10 0.3355545 0.4690025 0.0281326 0.0159945
31 0.5503853 0.4690025 0.0281326 0.0159945
19 0.6219955 0.4690025 0.0281326 0.0159945
14 0.1923341 0.5265826 0.0281326 0.0159945
2 0.2639443 0.5265826 0.0281326 0.0159945
22 0.4058860 0.5265826 0.0281326 0.0159945
12 0.5503853 0.5265826 0.0281326 0.0159945
5 0.6219955 0.5265826 0.0281326 0.0159945
9 0.3355545 0.5265826 0.0281326 0.0159945
31 0.6219955 0.4114223 0.0281326 0.0159945
15 0.4058860 0.2386818 0.0281326 0.0159945
25 0.4058860 0.3538422 0.0281326 0.0159945
12 0.2639443 0.4114223 0.0281326 0.0159945
8 0.3355545 0.4114223 0.0281326 0.0159945
25 0.4058860 0.4690025 0.0281326 0.0159945
6 0.2639443 0.4690025 0.0281326 0.0159945
8 0.1923341 0.2962620 0.0281326 0.0159945
13 0.1923341 0.4114223 0.0281326 0.0159945
20 0.4787750 0.4690025 0.0281326 0.0159945
2 0.6219955 0.3538422 0.0281326 0.0159945
13 0.5503853 0.4114223 0.0281326 0.0159945
10 0.4787750 0.5265826 0.0281326 0.0159945
16 0.3355545 0.3538422 0.0281326 0.0159945
