9 0.5067908 0.3730592 0.0273002 0.0159025
2 0.2970757 0.3730592 0.0273002 0.0159025
32 0.3001780 0.4350789 0.5025719 0.4071037
31 0.1593337 0.3158102 0.0273002 0.0159025
19 0.2970757 0.3158102 0.0273002 0.0159025
16 0.3678080 0.3158102 0.0273002 0.0159025
14 0.4372994 0.3158102 0.0273002 0.0159025
15 0.0898423 0.3730592 0.0273002 0.0159025
17 0.1593337 0.3730592 0.0273002 0.0159025
30 0.4372994 0.3730592 0.0273002 0.0159025
4 0.0898423 0.4303082 0.0273002 0.0159025
20 0.2288251 0.4303082 0.0273002 0.0159025
23 0.2970757 0.4303082 0.0273002 0.0159025
21 0.4372994 0.4303082 0.0273002 0.0159025
9 0.1593337 0.4875571 0.0273002 0.0159025
1 0.2288251 0.4875571 0.0273002 0.0159025
26 0.2970757 0.4875571 0.0273002 0.0159025
34 0.4366790 0.4870270 0.0632868 0.0572489
24 0.4372994 0.4875571 0.0273002 0.0159025
13 0.5067908 0.4875571 0.0273002 0.0159025
2 0.0898423 0.5448061 0.0273002 0.0159024
25 0.2288251 0.5448061 0.0273002 0.0159024
24 0.2970757 0.5448061 0.0273002 0.0159024
7 0.4372994 0.5448061 0.0273002 0.0159024
5 0.5067908 0.5448061 0.0273002 0.0159024
11 0.2288251 0.6020551 0.0273002 0.0159025
10 0.2970757 0.6020551 0.0273002 0.0159025
8 0.3678080 0.6020551 0.0273002 0.0159025
12 0.5067908 0.6020551 0.0273002 0.0159025
27 0.5067908 0.3158102 0.0273002 0.0159025
29 0.3678080 0.5448061 0.0273002 0.0159024
10 0.5067908 0.4303082 0.0273002 0.0159025
26 0.2288251 0.3158102 0.0273002 0.0159025
13 0.1593337 0.5448061 0.0273002 0.0159024
6 0.1593337 0.4303082 0.0273002 0.0159025
1 0.0898423 0.4875571 0.0273002 0.0159025
2 0.2288251 0.3730592 0.0273002 0.0159025
30 0.4372994 0.6020551 0.0273002 0.0159025
16 0.3678080 0.4875571 0.0273002 0.0159025
1 0.0898423 0.6020551 0.0273002 0.0159025
27 0.1593337 0.6020551 0.0273002 0.0159025
10 0.3678080 0.3730592 0.0273002 0.0159025
22 0.3678080 0.4303082 0.0273002 0.0159025
20 0.0898423 0.3158102 0.0273002 0.0159025
