22 0.4870940 0.3282805 0.0273734 0.0161386
2 0.6252051 0.4444783 0.0273734 0.0161386
32 0.6283157 0.3331221 0.5039186 0.4131476
10 0.4174164 0.2120828 0.0273734 0.0161386
7 0.4870940 0.2120828 0.0273734 0.0161386
22 0.6252051 0.2120828 0.0273734 0.0161386
11 0.8354823 0.2120828 0.0273734 0.0161386
30 0.5567717 0.2701817 0.0273734 0.0161386
8 0.6961270 0.2701817 0.0273734 0.0161386
16 0.8354823 0.2701817 0.0273734 0.0161386
17 0.4174164 0.3282805 0.0273734 0.0161386
13 0.6252051 0.3282805 0.0273734 0.0161386
24 0.6961270 0.3282805 0.0273734 0.0161386
1 0.7658046 0.3282805 0.0273734 0.0161386
34 0.4864719 0.3858415 0.0634564 0.0580988
28 0.4870940 0.3863794 0.0273734 0.0161386
9 0.5567717 0.3863794 0.0273734 0.0161386
15 0.6252051 0.3863794 0.0273734 0.0161386
14 0.6961270 0.3863794 0.0273734 0.0161386
19 0.8354823 0.3863794 0.0273734 0.0161386
4 0.5567717 0.4444783 0.0273734 0.0161386
23 0.6961270 0.4444783 0.0273734 0.0161386
31 0.7658046 0.4444783 0.0273734 0.0161386
25 0.8354823 0.4444783 0.0273734 0.0161386
18 0.4870940 0.5025771 0.0273734 0.0161386
27 0.6252051 0.5025771 0.0273734 0.0161386
2 0.6961270 0.5025771 0.0273734 0.0161386
6 0.7658046 0.5025771 0.0273734 0.0161386
29 0.8354823 0.5025771 0.0273734 0.0161386
5 0.7658046 0.2701817 0.0273734 0.0161386
15 0.5567717 0.2120828 0.0273734 0.0161386
3 0.5567717 0.5025771 0.0273734 0.0161386
17 0.4174164 0.5025771 0.0273734 0.0161386
26 0.4174164 0.2701817 0.0273734 0.0161386
31 0.4174164 0.3863794 0.0273734 0.0161386
25 0.4174164 0.4444783 0.0273734 0.0161386
2 0.4870940 0.2701817 0.0273734 0.0161386
24 0.6961270 0.2120828 0.0273734 0.0161386
28 0.7658046 0.3863794 0.0273734 0.0161386
4 0.5567717 0.3282805 0.0273734 0.0161386
27 0.8354823 0.3282805 0.0273734 0.0161386
21 0.6252051 0.2701817 0.0273734 0.0161386
10 0.4870940 0.4444783 0.0273734 0.0161386
15 0.7658046 0.2120828 0.0273734 0.0161386
