5 0.2580778 0.3297137 0.0270716 0.0159990
28 0.6026253 0.5025025 0.0270716 0.0159990
32 0.4666521 0.3921096 0.4983634 0.4095736
22 0.3958968 0.2721174 0.0270716 0.0159990
34 0.4635757 0.2715841 0.0639874 0.0575963
1 0.4635758 0.2721174 0.0270716 0.0159990
11 0.5337158 0.2721174 0.0270716 0.0159990
8 0.6715349 0.2721174 0.0270716 0.0159990
23 0.4635758 0.3297137 0.0270716 0.0159990
29 0.3269873 0.3873100 0.0270716 0.0159989
20 0.4635758 0.3873100 0.0270716 0.0159989
25 0.6026253 0.3873100 0.0270716 0.0159989
24 0.6715349 0.3873100 0.0270716 0.0159989
27 0.3269873 0.4449062 0.0270716 0.0159990
21 0.3958968 0.4449062 0.0270716 0.0159990
6 0.4635758 0.4449062 0.0270716 0.0159990
5 0.5337158 0.4449062 0.0270716 0.0159990
3 0.6026253 0.4449062 0.0270716 0.0159990
18 0.3269873 0.5025025 0.0270716 0.0159990
14 0.3958968 0.5025025 0.0270716 0.0159990
19 0.4635758 0.5025025 0.0270716 0.0159990
10 0.6715349 0.5025025 0.0270716 0.0159990
4 0.2580778 0.5600988 0.0270716 0.0159989
1 0.3269873 0.5600988 0.0270716 0.0159989
13 0.3958968 0.5600988 0.0270716 0.0159989
9 0.4635758 0.5600988 0.0270716 0.0159989
31 0.5337158 0.5600988 0.0270716 0.0159989
12 0.6026253 0.5600988 0.0270716 0.0159989
7 0.6715349 0.5600988 0.0270716 0.0159989
7 0.3269873 0.3297137 0.0270716 0.0159990
31 0.2580778 0.3873100 0.0270716 0.0159989
30 0.2580778 0.4449062 0.0270716 0.0159990
21 0.6715349 0.3297137 0.0270716 0.0159990
28 0.6026253 0.3297137 0.0270716 0.0159990
1 0.2580778 0.2721174 0.0270716 0.0159990
22 0.5337158 0.5025025 0.0270716 0.0159990
15 0.3958968 0.3297137 0.0270716 0.0159990
6 0.5337158 0.3297137 0.0270716 0.0159990
1 0.3269873 0.2721174 0.0270716 0.0159990
2 0.2580778 0.5025025 0.0270716 0.0159990
6 0.3958968 0.3873100 0.0270716 0.0159989
1 0.5337158 0.3873100 0.0270716 0.0159989
4 0.6715349 0.4449062 0.0270716 0.0159990
11 0.6026253 0.2721174 0.0270716 0.0159990
