6 0.1953490 0.6073557 0.0286834 0.0167862
2 0.5604100 0.4260643 0.0286834 0.0167863
32 0.3433290 0.5519611 0.5280347 0.4297278
16 0.1223368 0.4260643 0.0286834 0.0167863
26 0.2683612 0.4260643 0.0286834 0.0167863
18 0.4143856 0.4260643 0.0286834 0.0167863
4 0.2683612 0.4864948 0.0286834 0.0167863
17 0.3400696 0.4864948 0.0286833 0.0167863
9 0.4143856 0.4864948 0.0286834 0.0167863
11 0.4873978 0.4864948 0.0286834 0.0167863
8 0.5604100 0.4864948 0.0286834 0.0167863
13 0.2683612 0.5469253 0.0286834 0.0167863
30 0.5604100 0.5469253 0.0286834 0.0167863
3 0.2683612 0.6073557 0.0286834 0.0167862
27 0.4143856 0.6073557 0.0286834 0.0167862
24 0.5604100 0.6073557 0.0286834 0.0167862
10 0.1223368 0.6677862 0.0286834 0.0167862
23 0.1953490 0.6677862 0.0286834 0.0167862
22 0.2683612 0.6677862 0.0286834 0.0167862
7 0.4143856 0.6677862 0.0286834 0.0167862
29 0.4873978 0.6677862 0.0286834 0.0167862
6 0.5604100 0.6677862 0.0286834 0.0167862
2 0.1223368 0.7282167 0.0286834 0.0167862
20 0.1953490 0.7282167 0.0286834 0.0167862
34 0.2683612 0.7276571 0.0677971 0.0604305
20 0.2683612 0.7282167 0.0286834 0.0167862
21 0.3400696 0.7282167 0.0286833 0.0167862
1 0.4873978 0.7282167 0.0286834 0.0167862
25 0.5604100 0.7282167 0.0286834 0.0167862
16 0.4873978 0.5469253 0.0286834 0.0167863
31 0.3400696 0.5469253 0.0286833 0.0167863
8 0.1953490 0.5469253 0.0286834 0.0167863
9 0.4873978 0.6073557 0.0286834 0.0167862
29 0.1223368 0.5469253 0.0286834 0.0167863
29 0.4873978 0.4260643 0.0286834 0.0167863
2 0.3400696 0.6073557 0.0286833 0.0167862
18 0.4143856 0.7282167 0.0286834 0.0167862
3 0.1223368 0.6073557 0.0286834 0.0167862
21 0.1953490 0.4260643 0.0286834 0.0167863
20 0.3400696 0.4260643 0.0286833 0.0167863
14 0.3400696 0.6677862 0.0286833 0.0167862
18 0.4143856 0.5469253 0.0286834 0.0167863
12 0.1223368 0.4864948 0.0286834 0.0167863
16 0.1953490 0.4864948 0.0286834 0.0167863
