24 0.3608261 0.5052008 0.0264600 0.0169010
18 0.4281789 0.3835130 0.0264600 0.0169011
32 0.5646885 0.4494272 0.4871047 0.4326676
22 0.4281789 0.3226691 0.0264600 0.0169011
21 0.5616817 0.3226691 0.0264600 0.0169011
15 0.6975899 0.3226691 0.0264600 0.0169011
17 0.7649426 0.3226691 0.0264600 0.0169011
5 0.3608261 0.3835130 0.0264600 0.0169011
13 0.4955316 0.3835130 0.0264600 0.0169011
34 0.6296358 0.3829496 0.0637445 0.0608439
18 0.6302371 0.3835130 0.0264600 0.0169011
2 0.6975899 0.3835130 0.0264600 0.0169011
25 0.7649426 0.3835130 0.0264600 0.0169011
7 0.3608261 0.4443569 0.0264600 0.0169011
31 0.6302371 0.4443569 0.0264600 0.0169011
20 0.7649426 0.4443569 0.0264600 0.0169011
12 0.4955316 0.5052008 0.0264600 0.0169010
23 0.5616817 0.5052008 0.0264600 0.0169010
10 0.6302371 0.5052008 0.0264600 0.0169010
30 0.6975899 0.5052008 0.0264600 0.0169010
26 0.5616817 0.5660447 0.0264600 0.0169011
14 0.6302371 0.5660447 0.0264600 0.0169011
24 0.6975899 0.5660447 0.0264600 0.0169011
16 0.7649426 0.5660447 0.0264600 0.0169011
6 0.4281789 0.6268886 0.0264600 0.0169010
18 0.5616817 0.6268886 0.0264600 0.0169010
29 0.6302371 0.6268886 0.0264600 0.0169010
4 0.6975899 0.6268886 0.0264600 0.0169010
3 0.7649426 0.6268886 0.0264600 0.0169010
31 0.3608261 0.3226691 0.0264600 0.0169011
17 0.6302371 0.3226691 0.0264600 0.0169011
1 0.4281789 0.4443569 0.0264600 0.0169011
3 0.4955316 0.4443569 0.0264600 0.0169011
4 0.5616817 0.3835130 0.0264600 0.0169011
27 0.4955316 0.6268886 0.0264600 0.0169010
8 0.3608261 0.6268886 0.0264600 0.0169010
4 0.4281789 0.5052008 0.0264600 0.0169010
15 0.6975899 0.4443569 0.0264600 0.0169011
20 0.7649426 0.5052008 0.0264600 0.0169010
10 0.3608261 0.5660447 0.0264600 0.0169011
6 0.4281789 0.5660447 0.0264600 0.0169011
13 0.4955316 0.5660447 0.0264600 0.0169011
2 0.4955316 0.3226691 0.0264600 0.0169011
30 0.5616817 0.4443569 0.0264600 0.0169011
