20 0.3624724 0.2820439 0.0286855 0.0167436
10 0.2894548 0.4628748 0.0286855 0.0167436
32 0.4374457 0.4076209 0.5280731 0.4286363
7 0.2164373 0.2820439 0.0286855 0.0167436
14 0.5815249 0.2820439 0.0286855 0.0167436
30 0.2164373 0.3423209 0.0286855 0.0167436
9 0.2894548 0.3423209 0.0286855 0.0167436
11 0.3624724 0.3423209 0.0286855 0.0167436
27 0.4341860 0.3423209 0.0286855 0.0167436
23 0.6545425 0.3423209 0.0286855 0.0167436
1 0.2164373 0.4025979 0.0286855 0.0167436
4 0.2894548 0.4025979 0.0286855 0.0167436
25 0.4341860 0.4025979 0.0286855 0.0167436
26 0.5085074 0.4025979 0.0286855 0.0167436
21 0.5815249 0.4025979 0.0286855 0.0167436
17 0.2164373 0.4628748 0.0286855 0.0167436
20 0.5085074 0.4628748 0.0286855 0.0167436
2 0.6545425 0.4628748 0.0286855 0.0167436
6 0.2894548 0.5231518 0.0286855 0.0167436
15 0.3624724 0.5231518 0.0286855 0.0167436
22 0.4341860 0.5231518 0.0286855 0.0167436
29 0.5085074 0.5231518 0.0286855 0.0167436
12 0.6545425 0.5231518 0.0286855 0.0167436
3 0.2164373 0.5834288 0.0286855 0.0167436
13 0.2894548 0.5834288 0.0286855 0.0167436
33 0.3624724 0.5828707 0.0678020 0.0602770
1 0.3624724 0.5834288 0.0286855 0.0167436
19 0.4341860 0.5834288 0.0286855 0.0167436
31 0.5085074 0.5834288 0.0286855 0.0167436
11 0.4341860 0.4628748 0.0286855 0.0167436
5 0.4341860 0.2820439 0.0286855 0.0167436
2 0.5815249 0.4628748 0.0286855 0.0167436
26 0.5085074 0.3423209 0.0286855 0.0167436
12 0.5815249 0.5231518 0.0286855 0.0167436
8 0.5085074 0.2820439 0.0286855 0.0167436
27 0.5815249 0.3423209 0.0286855 0.0167436
20 0.3624724 0.4025979 0.0286855 0.0167436
11 0.3624724 0.4628748 0.0286855 0.0167436
17 0.6545425 0.5834288 0.0286855 0.0167436
18 0.2164373 0.5231518 0.0286855 0.0167436
24 0.6545425 0.4025979 0.0286855 0.0167436
24 0.5815249 0.5834288 0.0286855 0.0167436
1 0.2894548 0.2820439 0.0286855 0.0167436
3 0.6545425 0.2820439 0.0286855 0.0167436
