10 0.6498322 0.4954245 0.0266962 0.0168258
20 0.7189996 0.5559972 0.0266962 0.0168258
32 0.6528658 0.3793266 0.4914534 0.4307397
3 0.4471835 0.2531334 0.0266962 0.0168258
10 0.5151375 0.2531334 0.0266962 0.0168258
21 0.5830915 0.2531334 0.0266962 0.0168258
31 0.7189996 0.2531334 0.0266962 0.0168258
7 0.7869537 0.2531334 0.0266962 0.0168258
13 0.8549078 0.2531334 0.0266962 0.0168258
19 0.4471835 0.3137062 0.0266962 0.0168258
14 0.5151375 0.3137062 0.0266962 0.0168258
2 0.5830915 0.3137062 0.0266962 0.0168258
11 0.6498322 0.3137062 0.0266962 0.0168258
4 0.7869537 0.3137062 0.0266962 0.0168258
30 0.6498322 0.3742790 0.0266962 0.0168258
23 0.7189996 0.3742790 0.0266962 0.0168258
16 0.7869537 0.3742790 0.0266962 0.0168258
24 0.8549078 0.3742790 0.0266962 0.0168258
33 0.5145308 0.4342908 0.0618867 0.0605728
13 0.5151375 0.4348517 0.0266962 0.0168258
12 0.5830915 0.4348517 0.0266962 0.0168258
1 0.7869537 0.4348517 0.0266962 0.0168258
20 0.4471835 0.4954245 0.0266962 0.0168258
22 0.7189996 0.4954245 0.0266962 0.0168258
6 0.8549078 0.4954245 0.0266962 0.0168258
27 0.5151375 0.5559972 0.0266962 0.0168258
5 0.5830915 0.5559972 0.0266962 0.0168258
8 0.6498322 0.5559972 0.0266962 0.0168258
9 0.7869537 0.5559972 0.0266962 0.0168258
12 0.4471835 0.3742790 0.0266962 0.0168258
20 0.8549078 0.4348517 0.0266962 0.0168258
14 0.4471835 0.5559972 0.0266962 0.0168258
11 0.7869537 0.4954245 0.0266962 0.0168258
2 0.4471835 0.4348517 0.0266962 0.0168258
13 0.7189996 0.3137062 0.0266962 0.0168258
27 0.7189996 0.4348517 0.0266962 0.0168258
24 0.8549078 0.3137062 0.0266962 0.0168258
17 0.5151375 0.4954245 0.0266962 0.0168258
11 0.6498322 0.2531334 0.0266962 0.0168258
26 0.6498322 0.4348517 0.0266962 0.0168258
4 0.5830915 0.3742790 0.0266962 0.0168258
20 0.5830915 0.4954245 0.0266962 0.0168258
27 0.8549078 0.5559972 0.0266962 0.0168258
2 0.5151375 0.3742790 0.0266962 0.0168258
