6 0.8319907 0.5465236 0.0286574 0.0162752
7 0.5402065 0.7222957 0.0286574 0.0162752
32 0.6151065 0.6099969 0.5275562 0.4166450
24 0.3943145 0.4879329 0.0286574 0.0162752
27 0.4672605 0.4879329 0.0286574 0.0162752
10 0.6118500 0.4879329 0.0286574 0.0162752
29 0.7590446 0.4879329 0.0286573 0.0162752
15 0.3943145 0.5465236 0.0286574 0.0162752
20 0.6860986 0.5465236 0.0286574 0.0162752
3 0.7590446 0.5465236 0.0286573 0.0162752
25 0.4672605 0.6051143 0.0286574 0.0162752
31 0.5402065 0.6051143 0.0286574 0.0162752
34 0.6118500 0.6045718 0.0677356 0.0585907
14 0.6118500 0.6051143 0.0286574 0.0162752
21 0.8319907 0.6051143 0.0286574 0.0162752
9 0.3943145 0.6637051 0.0286574 0.0162752
13 0.4672605 0.6637051 0.0286574 0.0162752
30 0.5402065 0.6637051 0.0286574 0.0162752
14 0.6860986 0.6637051 0.0286574 0.0162752
23 0.8319907 0.6637051 0.0286574 0.0162752
18 0.4672605 0.7222957 0.0286574 0.0162752
16 0.6118500 0.7222957 0.0286574 0.0162752
11 0.6860986 0.7222957 0.0286574 0.0162752
22 0.7590446 0.7222957 0.0286573 0.0162752
4 0.8319907 0.7222957 0.0286574 0.0162752
12 0.3943145 0.7808865 0.0286574 0.0162752
6 0.4672605 0.7808865 0.0286574 0.0162752
17 0.5402065 0.7808865 0.0286574 0.0162752
5 0.8319907 0.7808865 0.0286574 0.0162752
18 0.6860986 0.6051143 0.0286574 0.0162752
12 0.7590446 0.6051143 0.0286573 0.0162752
16 0.5402065 0.4879329 0.0286574 0.0162752
21 0.3943145 0.7222957 0.0286574 0.0162752
14 0.6118500 0.6637051 0.0286574 0.0162752
26 0.7590446 0.7808865 0.0286573 0.0162752
17 0.4672605 0.5465236 0.0286574 0.0162752
4 0.6118500 0.7808865 0.0286574 0.0162752
5 0.6860986 0.7808865 0.0286574 0.0162752
21 0.3943145 0.6051143 0.0286574 0.0162752
20 0.7590446 0.6637051 0.0286573 0.0162752
17 0.6860986 0.4879329 0.0286574 0.0162752
27 0.8319907 0.4879329 0.0286574 0.0162752
14 0.5402065 0.5465236 0.0286574 0.0162752
31 0.6118500 0.5465236 0.0286574 0.0162752
