31 0.2916790 0.4951989 0.0278238 0.0169859
19 0.4333271 0.3729005 0.0278237 0.0169859
32 0.5060483 0.5002946 0.5122098 0.4348387
5 0.2916790 0.3729005 0.0278238 0.0169859
6 0.5749753 0.3729005 0.0278238 0.0169859
23 0.7166234 0.3729005 0.0278238 0.0169859
33 0.2916790 0.4334835 0.0657652 0.0611492
26 0.2916790 0.4340496 0.0278238 0.0169859
14 0.3625031 0.4340496 0.0278238 0.0169859
12 0.4333271 0.4340496 0.0278237 0.0169859
1 0.5028865 0.4340496 0.0278238 0.0169859
13 0.7166234 0.4340496 0.0278238 0.0169859
7 0.3625031 0.4951989 0.0278238 0.0169859
30 0.4333271 0.4951989 0.0278237 0.0169859
8 0.5749753 0.4951989 0.0278238 0.0169859
29 0.6457993 0.4951989 0.0278238 0.0169859
18 0.7166234 0.4951989 0.0278238 0.0169859
25 0.2916790 0.5563480 0.0278238 0.0169859
22 0.5028865 0.5563480 0.0278238 0.0169859
24 0.5749753 0.5563480 0.0278238 0.0169859
19 0.7166234 0.5563480 0.0278238 0.0169859
4 0.2916790 0.6174973 0.0278238 0.0169859
16 0.4333271 0.6174973 0.0278237 0.0169859
9 0.5028865 0.6174973 0.0278238 0.0169859
26 0.6457993 0.6174973 0.0278238 0.0169859
17 0.2916790 0.6786464 0.0278238 0.0169859
21 0.3625031 0.6786464 0.0278238 0.0169859
11 0.4333271 0.6786464 0.0278237 0.0169859
3 0.6457993 0.6786464 0.0278238 0.0169859
22 0.5028865 0.4951989 0.0278238 0.0169859
25 0.7166234 0.6786464 0.0278238 0.0169859
2 0.6457993 0.3729005 0.0278238 0.0169859
3 0.7166234 0.6174973 0.0278238 0.0169859
3 0.5749753 0.4340496 0.0278238 0.0169859
3 0.3625031 0.5563480 0.0278238 0.0169859
20 0.3625031 0.6174973 0.0278238 0.0169859
18 0.4333271 0.5563480 0.0278237 0.0169859
17 0.6457993 0.5563480 0.0278238 0.0169859
25 0.6457993 0.4340496 0.0278238 0.0169859
4 0.5028865 0.3729005 0.0278238 0.0169859
16 0.3625031 0.3729005 0.0278238 0.0169859
20 0.5749753 0.6174973 0.0278238 0.0169859
4 0.5749753 0.6786464 0.0278238 0.0169859
2 0.5028865 0.6786464 0.0278238 0.0169859
