10 0.1521199 0.6247656 0.0267746 0.0169990
30 0.0839662 0.4411759 0.0267747 0.0169991
32 0.2902527 0.5686688 0.4928970 0.4351757
16 0.1521199 0.4411759 0.0267746 0.0169991
31 0.2202736 0.4411759 0.0267747 0.0169991
22 0.3565808 0.4411759 0.0267747 0.0169991
4 0.4247345 0.4411759 0.0267746 0.0169991
9 0.4928882 0.4411759 0.0267746 0.0169991
34 0.2202736 0.5018058 0.0632855 0.0611966
15 0.2202736 0.5023725 0.0267747 0.0169990
27 0.3565808 0.5023725 0.0267747 0.0169990
7 0.4247345 0.5023725 0.0267746 0.0169990
2 0.4928882 0.5023725 0.0267746 0.0169990
12 0.2202736 0.5635690 0.0267747 0.0169990
23 0.3565808 0.5635690 0.0267747 0.0169990
15 0.4928882 0.5635690 0.0267746 0.0169990
24 0.0839662 0.6247656 0.0267747 0.0169990
21 0.2202736 0.6247656 0.0267747 0.0169990
10 0.3565808 0.6247656 0.0267747 0.0169990
18 0.4928882 0.6247656 0.0267746 0.0169990
5 0.0839662 0.6859622 0.0267747 0.0169991
26 0.2202736 0.6859622 0.0267747 0.0169991
6 0.2872102 0.6859622 0.0267747 0.0169991
29 0.4247345 0.6859622 0.0267746 0.0169991
14 0.4928882 0.6859622 0.0267746 0.0169991
20 0.2872102 0.7471587 0.0267747 0.0169990
11 0.3565808 0.7471587 0.0267747 0.0169990
3 0.4247345 0.7471587 0.0267746 0.0169990
30 0.4928882 0.7471587 0.0267746 0.0169990
4 0.0839662 0.5023725 0.0267747 0.0169990
12 0.2202736 0.7471587 0.0267747 0.0169990
4 0.4247345 0.6247656 0.0267746 0.0169990
10 0.2872102 0.4411759 0.0267747 0.0169991
11 0.1521199 0.5635690 0.0267746 0.0169990
14 0.3565808 0.6859622 0.0267747 0.0169991
6 0.0839662 0.5635690 0.0267747 0.0169990
15 0.2872102 0.6247656 0.0267747 0.0169990
8 0.1521199 0.5023725 0.0267746 0.0169990
15 0.1521199 0.6859622 0.0267746 0.0169991
19 0.0839662 0.7471587 0.0267747 0.0169990
5 0.4247345 0.5635690 0.0267746 0.0169990
27 0.1521199 0.7471587 0.0267746 0.0169990
29 0.2872102 0.5023725 0.0267747 0.0169990
22 0.2872102 0.5635690 0.0267747 0.0169990
