28 0.3130494 0.4334661 0.0287750 0.0159771
25 0.2384961 0.4909836 0.0287750 0.0159770
32 0.2539383 0.4382593 0.5053766 0.4090129
20 0.0200677 0.3184313 0.0287750 0.0159771
7 0.0933132 0.3184313 0.0287750 0.0159771
8 0.1665586 0.3184313 0.0287750 0.0159771
22 0.2384961 0.3184313 0.0287750 0.0159771
14 0.3862949 0.3184313 0.0287750 0.0159771
27 0.2384961 0.3759487 0.0287750 0.0159771
11 0.3130494 0.3759487 0.0287750 0.0159771
3 0.0200677 0.4334661 0.0287750 0.0159771
30 0.0933132 0.4334661 0.0287750 0.0159771
13 0.1665586 0.4334661 0.0287750 0.0159771
21 0.2384961 0.4334661 0.0287750 0.0159771
2 0.3862949 0.4334661 0.0287750 0.0159771
19 0.4595403 0.4334661 0.0287750 0.0159771
31 0.0200677 0.4909836 0.0287750 0.0159770
29 0.3862949 0.4909836 0.0287750 0.0159770
18 0.4595403 0.4909836 0.0287750 0.0159770
12 0.0933132 0.5485010 0.0287750 0.0159770
9 0.1665586 0.5485010 0.0287750 0.0159770
1 0.3862949 0.5485010 0.0287750 0.0159770
5 0.4595403 0.5485010 0.0287750 0.0159770
33 0.0276623 0.6054858 0.0528245 0.0575174
2 0.0200677 0.6060185 0.0287750 0.0159770
10 0.1665586 0.6060185 0.0287750 0.0159770
26 0.3130494 0.6060185 0.0287750 0.0159770
16 0.3862949 0.6060185 0.0287750 0.0159770
6 0.4595403 0.6060185 0.0287750 0.0159770
10 0.3862949 0.3759487 0.0287750 0.0159771
22 0.1665586 0.4909836 0.0287750 0.0159770
12 0.0200677 0.3759487 0.0287750 0.0159771
25 0.3130494 0.5485010 0.0287750 0.0159770
13 0.0933132 0.6060185 0.0287750 0.0159770
30 0.2384961 0.6060185 0.0287750 0.0159770
19 0.2384961 0.5485010 0.0287750 0.0159770
3 0.1665586 0.3759487 0.0287750 0.0159771
17 0.0933132 0.3759487 0.0287750 0.0159771
19 0.3130494 0.4909836 0.0287750 0.0159770
14 0.4595403 0.3184313 0.0287750 0.0159771
30 0.4595403 0.3759487 0.0287750 0.0159771
18 0.3130494 0.3184313 0.0287750 0.0159771
3 0.0933132 0.4909836 0.0287750 0.0159770
6 0.0200677 0.5485010 0.0287750 0.0159770
