11 0.3592094 0.4631969 0.0288678 0.0163544
21 0.5796545 0.2276936 0.0288678 0.0163544
32 0.5081411 0.3503516 0.5314302 0.4186725
30 0.4326911 0.2276936 0.0288678 0.0163544
9 0.5048606 0.2276936 0.0288678 0.0163544
2 0.6531362 0.2276936 0.0288678 0.0163544
22 0.2857277 0.2865695 0.0288678 0.0163544
14 0.3592094 0.2865695 0.0288678 0.0163544
26 0.5048606 0.2865695 0.0288678 0.0163544
1 0.5796545 0.2865695 0.0288678 0.0163544
27 0.6531362 0.2865695 0.0288678 0.0163544
19 0.7266179 0.2865695 0.0288678 0.0163544
5 0.3592094 0.3454453 0.0288678 0.0163544
4 0.5048606 0.3454453 0.0288678 0.0163544
23 0.5796545 0.3454453 0.0288678 0.0163544
3 0.6531362 0.3454453 0.0288678 0.0163544
17 0.7266179 0.3454453 0.0288678 0.0163544
12 0.2857277 0.4043211 0.0288678 0.0163544
13 0.4326911 0.4043211 0.0288678 0.0163544
24 0.6531362 0.4043211 0.0288678 0.0163544
10 0.2857277 0.4631969 0.0288678 0.0163544
21 0.4326911 0.4631969 0.0288678 0.0163544
18 0.6531362 0.4631969 0.0288678 0.0163544
34 0.7266179 0.4626518 0.0682330 0.0588759
7 0.7266179 0.4631969 0.0288678 0.0163544
7 0.3592094 0.5220728 0.0288678 0.0163544
29 0.4326911 0.5220728 0.0288678 0.0163544
8 0.6531362 0.5220728 0.0288678 0.0163544
31 0.7266179 0.5220728 0.0288678 0.0163544
19 0.5048606 0.5220728 0.0288678 0.0163544
24 0.3592094 0.2276936 0.0288678 0.0163544
17 0.5048606 0.4631969 0.0288678 0.0163544
20 0.5796545 0.5220728 0.0288678 0.0163544
27 0.2857277 0.5220728 0.0288678 0.0163544
15 0.5796545 0.4631969 0.0288678 0.0163544
7 0.4326911 0.2865695 0.0288678 0.0163544
18 0.2857277 0.3454453 0.0288678 0.0163544
6 0.4326911 0.3454453 0.0288678 0.0163544
30 0.3592094 0.4043211 0.0288678 0.0163544
26 0.7266179 0.2276936 0.0288678 0.0163544
25 0.2857277 0.2276936 0.0288678 0.0163544
27 0.5796545 0.4043211 0.0288678 0.0163544
11 0.7266179 0.4043211 0.0288678 0.0163544
26 0.5048606 0.4043211 0.0288678 0.0163544
