7 0.2444813 0.4966066 0.0283304 0.0170100
30 0.2444813 0.3128985 0.0283304 0.0170100
32 0.4627541 0.3792375 0.5215369 0.4354562
33 0.3159512 0.2510955 0.0656750 0.0612360
4 0.3165951 0.2516625 0.0283304 0.0170100
1 0.3887088 0.2516625 0.0283304 0.0170100
19 0.4595348 0.2516625 0.0283304 0.0170100
31 0.5329362 0.2516625 0.0283304 0.0170100
23 0.6050500 0.2516625 0.0283304 0.0170100
12 0.6771637 0.2516625 0.0283304 0.0170100
16 0.4595348 0.3128985 0.0283304 0.0170100
20 0.5329362 0.3128985 0.0283304 0.0170100
30 0.6050500 0.3128985 0.0283304 0.0170100
18 0.6771637 0.3128985 0.0283304 0.0170100
29 0.2444813 0.3741346 0.0283304 0.0170100
25 0.3165951 0.3741346 0.0283304 0.0170100
27 0.5329362 0.3741346 0.0283304 0.0170100
3 0.6050500 0.3741346 0.0283304 0.0170100
4 0.3165951 0.4353706 0.0283304 0.0170100
24 0.4595348 0.4353706 0.0283304 0.0170100
7 0.5329362 0.4353706 0.0283304 0.0170100
8 0.6771637 0.4353706 0.0283304 0.0170100
14 0.3165951 0.4966066 0.0283304 0.0170100
22 0.4595348 0.4966066 0.0283304 0.0170100
2 0.5329362 0.4966066 0.0283304 0.0170100
5 0.2444813 0.5578426 0.0283304 0.0170100
6 0.3165951 0.5578426 0.0283304 0.0170100
15 0.3887088 0.5578426 0.0283304 0.0170100
21 0.6771637 0.5578426 0.0283304 0.0170100
2 0.5329362 0.5578426 0.0283304 0.0170100
12 0.3887088 0.4353706 0.0283304 0.0170100
8 0.3887088 0.3128985 0.0283304 0.0170100
2 0.4595348 0.5578426 0.0283304 0.0170100
19 0.3887088 0.3741346 0.0283304 0.0170100
3 0.6771637 0.4966066 0.0283304 0.0170100
22 0.2444813 0.4353706 0.0283304 0.0170100
28 0.6050500 0.4353706 0.0283304 0.0170100
4 0.6050500 0.4966066 0.0283304 0.0170100
12 0.6050500 0.5578426 0.0283304 0.0170100
30 0.3887088 0.4966066 0.0283304 0.0170100
17 0.2444813 0.2516625 0.0283304 0.0170100
10 0.6771637 0.3741346 0.0283304 0.0170100
3 0.3165951 0.3128985 0.0283304 0.0170100
9 0.4595348 0.3741346 0.0283304 0.0170100
