7 0.6851854 0.2843560 0.0272515 0.0174789
17 0.4758446 0.5989760 0.0272514 0.0174789
32 0.4789413 0.4154477 0.5016747 0.4474596
23 0.3383485 0.2843560 0.0272514 0.0174789
15 0.4077159 0.2843560 0.0272514 0.0174789
12 0.4758446 0.2843560 0.0272514 0.0174789
31 0.2689812 0.3472800 0.0272515 0.0174789
29 0.4077159 0.3472800 0.0272514 0.0174789
3 0.4758446 0.3472800 0.0272514 0.0174789
4 0.5464507 0.3472800 0.0272514 0.0174789
27 0.6851854 0.3472800 0.0272515 0.0174789
19 0.4077159 0.4102040 0.0272514 0.0174788
33 0.4758446 0.4096214 0.0644125 0.0629240
4 0.4758446 0.4102040 0.0272514 0.0174788
11 0.5464507 0.4102040 0.0272514 0.0174788
30 0.6158180 0.4102040 0.0272515 0.0174788
7 0.3383485 0.4731280 0.0272514 0.0174789
5 0.4077159 0.4731280 0.0272514 0.0174789
6 0.4758446 0.4731280 0.0272514 0.0174789
14 0.5464507 0.4731280 0.0272514 0.0174789
18 0.6158180 0.4731280 0.0272515 0.0174789
25 0.3383485 0.5360520 0.0272514 0.0174789
21 0.6158180 0.5360520 0.0272515 0.0174789
8 0.6851854 0.5360520 0.0272515 0.0174789
26 0.2689812 0.5989760 0.0272515 0.0174789
13 0.3383485 0.5989760 0.0272514 0.0174789
17 0.4077159 0.5989760 0.0272514 0.0174789
24 0.5464507 0.5989760 0.0272514 0.0174789
9 0.6158180 0.5989760 0.0272515 0.0174789
28 0.2689812 0.2843560 0.0272515 0.0174789
26 0.6851854 0.4731280 0.0272515 0.0174789
27 0.3383485 0.4102040 0.0272514 0.0174788
9 0.5464507 0.2843560 0.0272514 0.0174789
31 0.2689812 0.4102040 0.0272515 0.0174788
8 0.6158180 0.2843560 0.0272515 0.0174789
14 0.4758446 0.5360520 0.0272514 0.0174789
17 0.4077159 0.5360520 0.0272514 0.0174789
21 0.3383485 0.3472800 0.0272514 0.0174789
26 0.6851854 0.5989760 0.0272515 0.0174789
17 0.2689812 0.5360520 0.0272515 0.0174789
14 0.6158180 0.3472800 0.0272515 0.0174789
22 0.2689812 0.4731280 0.0272515 0.0174789
14 0.6851854 0.4102040 0.0272515 0.0174788
29 0.5464507 0.5360520 0.0272514 0.0174789
