18 0.4227930 0.4808114 0.0262699 0.0158365
9 0.5565307 0.3097774 0.0262699 0.0158365
32 0.6251907 0.4285510 0.4836049 0.4054141
3 0.6222054 0.3097774 0.0262699 0.0158365
1 0.6902684 0.3097774 0.0262699 0.0158365
20 0.8240060 0.3097774 0.0262699 0.0158365
18 0.4896619 0.3667887 0.0262699 0.0158365
27 0.5565307 0.3667887 0.0262699 0.0158365
23 0.6222054 0.3667887 0.0262699 0.0158365
22 0.6902684 0.3667887 0.0262699 0.0158365
26 0.7571371 0.3667887 0.0262699 0.0158365
17 0.8240060 0.3667887 0.0262699 0.0158365
12 0.4227930 0.4238000 0.0262699 0.0158365
25 0.4896619 0.4238000 0.0262699 0.0158365
13 0.6902684 0.4238000 0.0262699 0.0158365
5 0.4896619 0.4808114 0.0262699 0.0158365
16 0.6222054 0.4808114 0.0262699 0.0158365
29 0.6902684 0.4808114 0.0262699 0.0158365
33 0.7565401 0.4802835 0.0608984 0.0570114
26 0.7571371 0.4808114 0.0262699 0.0158365
19 0.8240060 0.4808114 0.0262699 0.0158365
8 0.5565307 0.5378228 0.0262699 0.0158365
21 0.6222054 0.5378228 0.0262699 0.0158365
31 0.8240060 0.5378228 0.0262699 0.0158365
6 0.4227930 0.5948341 0.0262699 0.0158365
4 0.6222054 0.5948341 0.0262699 0.0158365
10 0.6902684 0.5948341 0.0262699 0.0158365
11 0.7571371 0.5948341 0.0262699 0.0158365
18 0.4227930 0.3667887 0.0262699 0.0158365
25 0.7571371 0.5378228 0.0262699 0.0158365
7 0.5565307 0.4808114 0.0262699 0.0158365
30 0.6222054 0.4238000 0.0262699 0.0158365
15 0.5565307 0.5948341 0.0262699 0.0158365
31 0.4896619 0.5378228 0.0262699 0.0158365
4 0.8240060 0.5948341 0.0262699 0.0158365
27 0.7571371 0.4238000 0.0262699 0.0158365
3 0.7571371 0.3097774 0.0262699 0.0158365
7 0.4227930 0.3097774 0.0262699 0.0158365
19 0.4227930 0.5378228 0.0262699 0.0158365
22 0.6902684 0.5378228 0.0262699 0.0158365
10 0.4896619 0.5948341 0.0262699 0.0158365
25 0.5565307 0.4238000 0.0262699 0.0158365
12 0.8240060 0.4238000 0.0262699 0.0158365
5 0.4896619 0.3097774 0.0262699 0.0158365
