30 0.6169106 0.2619773 0.0264739 0.0165814
21 0.5495224 0.3813636 0.0264739 0.0165814
32 0.4165510 0.3863381 0.4873613 0.4244846
23 0.2125813 0.2619773 0.0264739 0.0165814
15 0.3473577 0.2619773 0.0264740 0.0165814
3 0.4135426 0.2619773 0.0264740 0.0165814
30 0.5495224 0.2619773 0.0264739 0.0165814
24 0.2125813 0.3216705 0.0264739 0.0165815
34 0.2793678 0.3211178 0.0613714 0.0596932
11 0.2799695 0.3216705 0.0264739 0.0165815
8 0.3473577 0.3216705 0.0264740 0.0165815
17 0.4135426 0.3216705 0.0264740 0.0165815
16 0.5495224 0.3216705 0.0264739 0.0165815
6 0.6169106 0.3216705 0.0264739 0.0165815
25 0.6169106 0.3813636 0.0264739 0.0165814
1 0.2799695 0.4410568 0.0264739 0.0165814
20 0.3473577 0.4410568 0.0264740 0.0165814
26 0.4135426 0.4410568 0.0264740 0.0165814
9 0.5495224 0.4410568 0.0264739 0.0165814
7 0.6169106 0.4410568 0.0264739 0.0165814
31 0.2125813 0.5007500 0.0264739 0.0165814
12 0.3473577 0.5007500 0.0264740 0.0165814
10 0.4821342 0.5007500 0.0264740 0.0165814
13 0.6169106 0.5007500 0.0264739 0.0165814
22 0.2125813 0.5604431 0.0264739 0.0165814
29 0.3473577 0.5604431 0.0264740 0.0165814
14 0.4135426 0.5604431 0.0264740 0.0165814
27 0.5495224 0.5604431 0.0264739 0.0165814
6 0.2125813 0.4410568 0.0264739 0.0165814
27 0.6169106 0.5604431 0.0264739 0.0165814
10 0.2125813 0.3813636 0.0264739 0.0165814
30 0.4821342 0.2619773 0.0264740 0.0165814
17 0.2799695 0.5604431 0.0264739 0.0165814
15 0.5495224 0.5007500 0.0264739 0.0165814
25 0.4821342 0.4410568 0.0264740 0.0165814
17 0.4135426 0.3813636 0.0264740 0.0165814
4 0.2799695 0.5007500 0.0264739 0.0165814
22 0.4821342 0.3216705 0.0264740 0.0165815
30 0.2799695 0.2619773 0.0264739 0.0165814
26 0.4821342 0.5604431 0.0264740 0.0165814
3 0.4821342 0.3813636 0.0264740 0.0165814
1 0.4135426 0.5007500 0.0264740 0.0165814
18 0.3473577 0.3813636 0.0264740 0.0165814
19 0.2799695 0.3813636 0.0264739 0.0165814
