29 0.7568381 0.2532992 0.0276373 0.0168012
27 0.7568381 0.4347521 0.0276373 0.0168011
32 0.6180234 0.3793082 0.5087780 0.4301104
9 0.4050904 0.2532992 0.0276373 0.0168012
34 0.5457895 0.2527392 0.0653246 0.0604843
7 0.5457895 0.2532992 0.0276373 0.0168012
14 0.6148827 0.2532992 0.0276373 0.0168012
23 0.4754399 0.3137835 0.0276373 0.0168012
11 0.5457895 0.3137835 0.0276373 0.0168012
24 0.6148827 0.3137835 0.0276373 0.0168012
26 0.6864886 0.3137835 0.0276373 0.0168012
5 0.7568381 0.3137835 0.0276373 0.0168012
20 0.8271877 0.3137835 0.0276373 0.0168012
25 0.4754399 0.3742678 0.0276373 0.0168011
4 0.5457895 0.3742678 0.0276373 0.0168011
31 0.6864886 0.3742678 0.0276373 0.0168011
29 0.7568381 0.3742678 0.0276373 0.0168011
18 0.8271877 0.3742678 0.0276373 0.0168011
17 0.5457895 0.4347521 0.0276373 0.0168011
12 0.6148827 0.4347521 0.0276373 0.0168011
15 0.6864886 0.4347521 0.0276373 0.0168011
19 0.8271877 0.4347521 0.0276373 0.0168011
30 0.6148827 0.4952363 0.0276373 0.0168012
7 0.6864886 0.4952363 0.0276373 0.0168012
2 0.7568381 0.4952363 0.0276373 0.0168012
3 0.5457895 0.5557206 0.0276373 0.0168012
22 0.6148827 0.5557206 0.0276373 0.0168012
16 0.8271877 0.5557206 0.0276373 0.0168012
24 0.4754399 0.2532992 0.0276373 0.0168012
1 0.5457895 0.4952363 0.0276373 0.0168012
29 0.4050904 0.4952363 0.0276373 0.0168012
10 0.4050904 0.3742678 0.0276373 0.0168011
6 0.4754399 0.4347521 0.0276373 0.0168011
9 0.6864886 0.5557206 0.0276373 0.0168012
21 0.4050904 0.3137835 0.0276373 0.0168012
18 0.4754399 0.4952363 0.0276373 0.0168012
14 0.4050904 0.5557206 0.0276373 0.0168012
22 0.8271877 0.4952363 0.0276373 0.0168012
11 0.6148827 0.3742678 0.0276373 0.0168011
2 0.4050904 0.4347521 0.0276373 0.0168011
31 0.8271877 0.2532992 0.0276373 0.0168012
20 0.4754399 0.5557206 0.0276373 0.0168012
13 0.7568381 0.5557206 0.0276373 0.0168012
7 0.6864886 0.2532992 0.0276373 0.0168012
