20 0.6072859 0.6784032 0.0262020 0.0166155
20 0.4738939 0.4391391 0.0262020 0.0166155
32 0.4089843 0.5039398 0.4823552 0.4253584
17 0.2071097 0.3793231 0.0262020 0.0166156
21 0.2738058 0.3793231 0.0262020 0.0166156
8 0.5405899 0.3793231 0.0262020 0.0166156
23 0.6072859 0.3793231 0.0262020 0.0166156
6 0.3405018 0.4391391 0.0262020 0.0166155
15 0.6072859 0.4391391 0.0262020 0.0166155
30 0.2738058 0.4989551 0.0262020 0.0166156
26 0.4060068 0.4989551 0.0262020 0.0166156
14 0.4738939 0.4989551 0.0262020 0.0166156
20 0.6072859 0.4989551 0.0262020 0.0166156
7 0.2071097 0.5587711 0.0262020 0.0166156
1 0.2738058 0.5587711 0.0262020 0.0166156
4 0.4060068 0.5587711 0.0262020 0.0166156
11 0.5405899 0.5587711 0.0262020 0.0166156
2 0.2071097 0.6185871 0.0262020 0.0166156
22 0.2738058 0.6185871 0.0262020 0.0166156
3 0.3405018 0.6185871 0.0262020 0.0166156
29 0.4738939 0.6185871 0.0262020 0.0166156
25 0.5405899 0.6185871 0.0262020 0.0166156
33 0.6072859 0.6180333 0.0619320 0.0598160
30 0.6072859 0.6185871 0.0262020 0.0166156
16 0.2071097 0.6784032 0.0262020 0.0166155
10 0.3405018 0.6784032 0.0262020 0.0166155
24 0.4738939 0.6784032 0.0262020 0.0166155
31 0.5405899 0.6784032 0.0262020 0.0166155
28 0.2071097 0.4391391 0.0262020 0.0166155
19 0.6072859 0.5587711 0.0262020 0.0166156
22 0.4060068 0.4391391 0.0262020 0.0166155
3 0.4738939 0.3793231 0.0262020 0.0166156
28 0.4060068 0.6784032 0.0262020 0.0166155
26 0.3405018 0.4989551 0.0262020 0.0166156
21 0.5405899 0.4391391 0.0262020 0.0166155
30 0.3405018 0.5587711 0.0262020 0.0166156
6 0.2738058 0.4391391 0.0262020 0.0166155
31 0.2071097 0.4989551 0.0262020 0.0166156
25 0.3405018 0.3793231 0.0262020 0.0166156
30 0.4738939 0.5587711 0.0262020 0.0166156
25 0.2738058 0.6784032 0.0262020 0.0166155
8 0.4060068 0.6185871 0.0262020 0.0166156
16 0.4060068 0.3793231 0.0262020 0.0166156
29 0.5405899 0.4989551 0.0262020 0.0166156
