24 0.5303185 0.2889317 0.0267321 0.0171795
13 0.5303185 0.2270856 0.0267321 0.0171795
32 0.5333562 0.3559318 0.4921143 0.4397952
11 0.4634881 0.2270856 0.0267321 0.0171795
26 0.5995789 0.2270856 0.0267321 0.0171795
16 0.7356699 0.2270856 0.0267321 0.0171795
15 0.3273972 0.2889317 0.0267321 0.0171795
12 0.3954427 0.2889317 0.0267321 0.0171795
14 0.4634881 0.2889317 0.0267321 0.0171795
19 0.6676244 0.2889317 0.0267321 0.0171795
31 0.3954427 0.3507779 0.0267321 0.0171795
24 0.4634881 0.3507779 0.0267321 0.0171795
23 0.5303185 0.3507779 0.0267321 0.0171795
18 0.5995789 0.3507779 0.0267321 0.0171795
6 0.6676244 0.3507779 0.0267321 0.0171795
5 0.7356699 0.3507779 0.0267321 0.0171795
3 0.4634881 0.4126242 0.0267321 0.0171795
21 0.5303185 0.4126242 0.0267321 0.0171795
33 0.5989714 0.4120515 0.0644002 0.0618462
12 0.5995789 0.4126242 0.0267321 0.0171795
7 0.5303185 0.4744704 0.0267321 0.0171795
8 0.5995789 0.4744704 0.0267321 0.0171795
20 0.6676244 0.4744704 0.0267321 0.0171795
22 0.7356699 0.4744704 0.0267321 0.0171795
13 0.3273972 0.5363165 0.0267321 0.0171795
10 0.5303185 0.5363165 0.0267321 0.0171795
27 0.6676244 0.5363165 0.0267321 0.0171795
2 0.7356699 0.5363165 0.0267321 0.0171795
25 0.3273972 0.2270856 0.0267321 0.0171795
12 0.7356699 0.4126242 0.0267321 0.0171795
21 0.3954427 0.2270856 0.0267321 0.0171795
31 0.5995789 0.2889317 0.0267321 0.0171795
24 0.3954427 0.4126242 0.0267321 0.0171795
25 0.3954427 0.5363165 0.0267321 0.0171795
28 0.4634881 0.4744704 0.0267321 0.0171795
2 0.3273972 0.3507779 0.0267321 0.0171795
10 0.3273972 0.4126242 0.0267321 0.0171795
18 0.5995789 0.5363165 0.0267321 0.0171795
15 0.7356699 0.2889317 0.0267321 0.0171795
16 0.3273972 0.4744704 0.0267321 0.0171795
31 0.6676244 0.2270856 0.0267321 0.0171795
24 0.4634881 0.5363165 0.0267321 0.0171795
19 0.3954427 0.4744704 0.0267321 0.0171795
4 0.6676244 0.4126242 0.0267321 0.0171795
