4 0.7217354 0.5324254 0.0268066 0.0170919
20 0.7217354 0.4093633 0.0268066 0.0170920
32 0.5870930 0.4760219 0.4934859 0.4375543
27 0.4487951 0.3478322 0.0268066 0.0170919
10 0.5170301 0.3478322 0.0268066 0.0170919
11 0.6535003 0.3478322 0.0268066 0.0170919
23 0.7217354 0.3478322 0.0268066 0.0170919
8 0.7899704 0.3478322 0.0268066 0.0170919
18 0.3805600 0.4708943 0.0268066 0.0170919
4 0.4487951 0.4708943 0.0268066 0.0170919
3 0.5170301 0.4708943 0.0268066 0.0170919
12 0.5840467 0.4708943 0.0268066 0.0170919
25 0.6535003 0.4708943 0.0268066 0.0170919
30 0.7217354 0.4708943 0.0268066 0.0170919
26 0.7899704 0.4708943 0.0268066 0.0170919
19 0.3805600 0.5324254 0.0268066 0.0170919
24 0.4487951 0.5324254 0.0268066 0.0170919
33 0.6528910 0.5318557 0.0645796 0.0615310
11 0.6535003 0.5324254 0.0268066 0.0170919
6 0.4487951 0.5939564 0.0268066 0.0170919
9 0.5170301 0.5939564 0.0268066 0.0170919
7 0.6535003 0.5939564 0.0268066 0.0170919
15 0.7899704 0.5939564 0.0268066 0.0170919
1 0.3805600 0.6554876 0.0268066 0.0170919
22 0.4487951 0.6554876 0.0268066 0.0170919
5 0.5170301 0.6554876 0.0268066 0.0170919
16 0.6535003 0.6554876 0.0268066 0.0170919
29 0.7217354 0.6554876 0.0268066 0.0170919
1 0.7899704 0.4093633 0.0268066 0.0170920
31 0.3805600 0.5939564 0.0268066 0.0170919
13 0.5840467 0.3478322 0.0268066 0.0170919
12 0.7899704 0.6554876 0.0268066 0.0170919
9 0.3805600 0.4093633 0.0268066 0.0170920
13 0.5840467 0.4093633 0.0268066 0.0170920
1 0.5170301 0.5324254 0.0268066 0.0170919
24 0.5840467 0.6554876 0.0268066 0.0170919
30 0.5840467 0.5324254 0.0268066 0.0170919
9 0.7217354 0.5939564 0.0268066 0.0170919
16 0.6535003 0.4093633 0.0268066 0.0170920
24 0.5840467 0.5939564 0.0268066 0.0170919
17 0.4487951 0.4093633 0.0268066 0.0170920
8 0.7899704 0.5324254 0.0268066 0.0170919
20 0.3805600 0.3478322 0.0268066 0.0170919
25 0.5170301 0.4093633 0.0268066 0.0170920
