21 0.7564958 0.3332469 0.0261988 0.0168467
26 0.6898079 0.2119505 0.0261988 0.0168467
32 0.5582185 0.3383009 0.4822960 0.4312761
19 0.4230566 0.2119505 0.0261988 0.0168467
7 0.3563687 0.2725987 0.0261988 0.0168467
17 0.4230566 0.2725987 0.0261988 0.0168467
12 0.4897444 0.2725987 0.0261988 0.0168467
15 0.5552414 0.2725987 0.0261988 0.0168467
11 0.6231201 0.2725987 0.0261988 0.0168467
3 0.6898079 0.2725987 0.0261988 0.0168467
20 0.4230566 0.3332469 0.0261988 0.0168467
10 0.4897444 0.3332469 0.0261988 0.0168467
27 0.5552414 0.3332469 0.0261988 0.0168467
30 0.6231201 0.3332469 0.0261988 0.0168467
1 0.3563687 0.3938951 0.0261988 0.0168467
22 0.4230566 0.3938951 0.0261988 0.0168467
6 0.5552414 0.3938951 0.0261988 0.0168467
24 0.6898079 0.3938951 0.0261988 0.0168467
4 0.7564958 0.3938951 0.0261988 0.0168467
25 0.4230566 0.4545434 0.0261988 0.0168467
13 0.4897444 0.4545434 0.0261988 0.0168467
33 0.5552414 0.4539818 0.0619244 0.0606482
19 0.5552414 0.4545434 0.0261988 0.0168467
5 0.6231201 0.4545434 0.0261988 0.0168467
9 0.3563687 0.5151915 0.0261988 0.0168467
16 0.4897444 0.5151915 0.0261988 0.0168467
2 0.6231201 0.5151915 0.0261988 0.0168467
23 0.7564958 0.5151915 0.0261988 0.0168467
7 0.3563687 0.4545434 0.0261988 0.0168467
5 0.5552414 0.2119505 0.0261988 0.0168467
10 0.7564958 0.2119505 0.0261988 0.0168467
5 0.7564958 0.4545434 0.0261988 0.0168467
4 0.6898079 0.5151915 0.0261988 0.0168467
21 0.7564958 0.2725987 0.0261988 0.0168467
6 0.4897444 0.2119505 0.0261988 0.0168467
16 0.3563687 0.3332469 0.0261988 0.0168467
31 0.5552414 0.5151915 0.0261988 0.0168467
25 0.3563687 0.2119505 0.0261988 0.0168467
13 0.4230566 0.5151915 0.0261988 0.0168467
22 0.6231201 0.2119505 0.0261988 0.0168467
21 0.6898079 0.4545434 0.0261988 0.0168467
7 0.4897444 0.3938951 0.0261988 0.0168467
3 0.6231201 0.3938951 0.0261988 0.0168467
15 0.6898079 0.3332469 0.0261988 0.0168467
