21 0.4362216 0.5571638 0.0288033 0.0161376
10 0.2882775 0.4409734 0.0288033 0.0161376
32 0.2915507 0.3877195 0.5302420 0.4131214
3 0.0696345 0.2666878 0.0288033 0.0161375
25 0.1429520 0.2666878 0.0288033 0.0161375
15 0.2162694 0.2666878 0.0288033 0.0161375
5 0.3629042 0.2666878 0.0288033 0.0161375
26 0.4362216 0.2666878 0.0288033 0.0161375
7 0.5095390 0.2666878 0.0288033 0.0161375
10 0.0696345 0.3247830 0.0288033 0.0161376
21 0.1429520 0.3247830 0.0288033 0.0161376
8 0.2162694 0.3247830 0.0288033 0.0161376
27 0.2882775 0.3247830 0.0288033 0.0161376
13 0.3629042 0.3247830 0.0288033 0.0161376
14 0.3629042 0.3828782 0.0288033 0.0161376
11 0.4362216 0.3828782 0.0288033 0.0161376
6 0.5095390 0.3828782 0.0288033 0.0161376
29 0.0696345 0.4409734 0.0288033 0.0161376
2 0.1429520 0.4409734 0.0288033 0.0161376
30 0.3629042 0.4409734 0.0288033 0.0161376
19 0.0696345 0.4990686 0.0288033 0.0161376
4 0.2162694 0.4990686 0.0288033 0.0161376
12 0.2882775 0.4990686 0.0288033 0.0161376
1 0.4362216 0.4990686 0.0288033 0.0161376
20 0.0696345 0.5571638 0.0288033 0.0161376
31 0.3629042 0.5571638 0.0288033 0.0161376
33 0.5095390 0.5566259 0.0680804 0.0580952
12 0.5095390 0.5571638 0.0288033 0.0161376
16 0.4362216 0.4409734 0.0288033 0.0161376
13 0.2162694 0.5571638 0.0288033 0.0161376
2 0.5095390 0.3247830 0.0288033 0.0161376
14 0.5095390 0.4990686 0.0288033 0.0161376
20 0.5095390 0.4409734 0.0288033 0.0161376
15 0.4362216 0.3247830 0.0288033 0.0161376
26 0.0696345 0.3828782 0.0288033 0.0161376
17 0.2882775 0.5571638 0.0288033 0.0161376
17 0.2882775 0.2666878 0.0288033 0.0161375
5 0.1429520 0.5571638 0.0288033 0.0161376
2 0.1429520 0.4990686 0.0288033 0.0161376
28 0.3629042 0.4990686 0.0288033 0.0161376
14 0.2882775 0.3828782 0.0288033 0.0161376
5 0.1429520 0.3828782 0.0288033 0.0161376
14 0.2162694 0.4409734 0.0288033 0.0161376
10 0.2162694 0.3828782 0.0288033 0.0161376
