19 0.6279247 0.3958416 0.0287039 0.0163269
25 0.4817954 0.2782876 0.0287040 0.0163269
32 0.4106879 0.3419627 0.5284137 0.4179698
30 0.1895369 0.2195106 0.0287040 0.0163269
26 0.3356662 0.2195106 0.0287040 0.0163269
20 0.4074261 0.2195106 0.0287040 0.0163269
12 0.4817954 0.2195106 0.0287040 0.0163269
33 0.6279247 0.2189664 0.0678457 0.0587770
4 0.6279247 0.2195106 0.0287039 0.0163269
31 0.1895369 0.2782876 0.0287040 0.0163269
6 0.3356662 0.2782876 0.0287040 0.0163269
11 0.5548600 0.2782876 0.0287040 0.0163269
2 0.6279247 0.2782876 0.0287039 0.0163269
23 0.2626015 0.3370646 0.0287040 0.0163270
9 0.3356662 0.3370646 0.0287040 0.0163270
1 0.1895369 0.3958416 0.0287040 0.0163269
17 0.2626015 0.3958416 0.0287040 0.0163269
29 0.4817954 0.3958416 0.0287040 0.0163269
21 0.2626015 0.4546186 0.0287040 0.0163269
3 0.3356662 0.4546186 0.0287040 0.0163269
25 0.4074261 0.4546186 0.0287040 0.0163269
10 0.4817954 0.4546186 0.0287040 0.0163269
13 0.5548600 0.4546186 0.0287040 0.0163269
19 0.6279247 0.4546186 0.0287039 0.0163269
15 0.3356662 0.5133956 0.0287040 0.0163270
18 0.4817954 0.5133956 0.0287040 0.0163270
8 0.5548600 0.5133956 0.0287040 0.0163270
5 0.6279247 0.5133956 0.0287039 0.0163270
11 0.4074261 0.3958416 0.0287040 0.0163269
21 0.4817954 0.3370646 0.0287040 0.0163270
16 0.3356662 0.3958416 0.0287040 0.0163269
4 0.1895369 0.5133956 0.0287040 0.0163270
20 0.6279247 0.3370646 0.0287039 0.0163270
1 0.5548600 0.3370646 0.0287040 0.0163270
8 0.4074261 0.3370646 0.0287040 0.0163270
13 0.5548600 0.2195106 0.0287040 0.0163269
9 0.2626015 0.2782876 0.0287040 0.0163269
2 0.4074261 0.2782876 0.0287040 0.0163269
14 0.4074261 0.5133956 0.0287040 0.0163270
25 0.1895369 0.3370646 0.0287040 0.0163270
21 0.1895369 0.4546186 0.0287040 0.0163269
5 0.2626015 0.2195106 0.0287040 0.0163269
6 0.2626015 0.5133956 0.0287040 0.0163270
10 0.5548600 0.3958416 0.0287040 0.0163269
