6 0.1754992 0.4717390 0.0267233 0.0163995
6 0.2435222 0.5307771 0.0267233 0.0163995
32 0.3133672 0.3585825 0.4919518 0.4198269
8 0.1074762 0.2355863 0.0267233 0.0163995
23 0.2435222 0.2355863 0.0267233 0.0163995
6 0.3103304 0.2355863 0.0267233 0.0163995
5 0.3795681 0.2355863 0.0267233 0.0163995
16 0.1074762 0.2946245 0.0267233 0.0163995
17 0.1754992 0.2946245 0.0267233 0.0163995
12 0.2435222 0.2946245 0.0267233 0.0163995
22 0.3795681 0.2946245 0.0267233 0.0163995
21 0.4475911 0.2946245 0.0267233 0.0163995
13 0.5156140 0.2946245 0.0267233 0.0163995
7 0.1074762 0.3536627 0.0267233 0.0163995
11 0.3795681 0.3536627 0.0267233 0.0163995
10 0.5156140 0.3536627 0.0267233 0.0163995
4 0.2435222 0.4127008 0.0267233 0.0163995
30 0.3103304 0.4127008 0.0267233 0.0163995
29 0.3795681 0.4127008 0.0267233 0.0163995
20 0.4475911 0.4127008 0.0267233 0.0163995
26 0.1074762 0.4717390 0.0267233 0.0163995
14 0.3103304 0.4717390 0.0267233 0.0163995
2 0.4475911 0.4717390 0.0267233 0.0163995
34 0.5156140 0.4711923 0.0631642 0.0590382
22 0.5156140 0.4717390 0.0267233 0.0163995
24 0.1754992 0.5307771 0.0267233 0.0163995
3 0.3795681 0.5307771 0.0267233 0.0163995
9 0.5156140 0.5307771 0.0267233 0.0163995
28 0.4475911 0.3536627 0.0267233 0.0163995
27 0.5156140 0.2355863 0.0267233 0.0163995
27 0.1074762 0.5307771 0.0267233 0.0163995
2 0.3103304 0.2946245 0.0267233 0.0163995
7 0.4475911 0.5307771 0.0267233 0.0163995
21 0.3795681 0.4717390 0.0267233 0.0163995
13 0.3103304 0.5307771 0.0267233 0.0163995
10 0.1754992 0.3536627 0.0267233 0.0163995
19 0.1754992 0.4127008 0.0267233 0.0163995
31 0.3103304 0.3536627 0.0267233 0.0163995
1 0.1754992 0.2355863 0.0267233 0.0163995
3 0.2435222 0.4717390 0.0267233 0.0163995
9 0.5156140 0.4127008 0.0267233 0.0163995
8 0.2435222 0.3536627 0.0267233 0.0163995
3 0.4475911 0.2355863 0.0267233 0.0163995
12 0.1074762 0.4127008 0.0267233 0.0163995
