16 0.5066063 0.5147715 0.0275289 0.0173273
31 0.5066063 0.5771499 0.0275289 0.0173273
32 0.3683364 0.5823482 0.5067811 0.4435802
12 0.1562391 0.4523930 0.0275288 0.0173273
21 0.2263125 0.4523930 0.0275289 0.0173273
25 0.2963860 0.4523930 0.0275289 0.0173273
13 0.3652081 0.4523930 0.0275288 0.0173273
27 0.5066063 0.4523930 0.0275289 0.0173273
24 0.1562391 0.5147715 0.0275288 0.0173273
2 0.4365328 0.5147715 0.0275288 0.0173273
4 0.5766797 0.5147715 0.0275288 0.0173273
11 0.2963860 0.5771499 0.0275289 0.0173273
17 0.3652081 0.5771499 0.0275288 0.0173273
8 0.5766797 0.5771499 0.0275288 0.0173273
14 0.1562391 0.6395284 0.0275288 0.0173273
15 0.2263125 0.6395284 0.0275289 0.0173273
3 0.2963860 0.6395284 0.0275289 0.0173273
34 0.3652081 0.6389508 0.0650682 0.0623785
21 0.3652081 0.6395284 0.0275288 0.0173273
20 0.4365328 0.6395284 0.0275288 0.0173273
31 0.1562391 0.7019069 0.0275288 0.0173273
22 0.2263125 0.7019069 0.0275289 0.0173273
29 0.3652081 0.7019069 0.0275288 0.0173273
18 0.5766797 0.7019069 0.0275288 0.0173273
26 0.1562391 0.7642853 0.0275288 0.0173274
1 0.2263125 0.7642853 0.0275289 0.0173274
19 0.5066063 0.7642853 0.0275289 0.0173274
30 0.5766797 0.7642853 0.0275288 0.0173274
1 0.5766797 0.4523930 0.0275288 0.0173273
12 0.2963860 0.7019069 0.0275289 0.0173273
19 0.4365328 0.4523930 0.0275288 0.0173273
11 0.5066063 0.7019069 0.0275289 0.0173273
5 0.2263125 0.5771499 0.0275289 0.0173273
26 0.5066063 0.6395284 0.0275289 0.0173273
14 0.5766797 0.6395284 0.0275288 0.0173273
28 0.4365328 0.5771499 0.0275288 0.0173273
28 0.4365328 0.7019069 0.0275288 0.0173273
20 0.4365328 0.7642853 0.0275288 0.0173274
3 0.2263125 0.5147715 0.0275289 0.0173273
24 0.3652081 0.7642853 0.0275288 0.0173274
18 0.1562391 0.5771499 0.0275288 0.0173273
5 0.2963860 0.5147715 0.0275289 0.0173273
9 0.2963860 0.7642853 0.0275289 0.0173274
29 0.3652081 0.5147715 0.0275288 0.0173273
