17 0.5215328 0.7984965 0.0279342 0.0160520
25 0.1660065 0.5673475 0.0279342 0.0160520
32 0.3812269 0.6299504 0.5142434 0.4109316
8 0.3780526 0.5095602 0.0279342 0.0160520
14 0.4504276 0.5095602 0.0279342 0.0160520
9 0.5215328 0.5095602 0.0279342 0.0160520
31 0.5926381 0.5095602 0.0279342 0.0160520
13 0.2371118 0.5673475 0.0279342 0.0160520
17 0.3082170 0.5673475 0.0279342 0.0160520
27 0.3780526 0.5673475 0.0279342 0.0160520
26 0.4504276 0.5673475 0.0279342 0.0160520
2 0.5926381 0.5673475 0.0279342 0.0160520
6 0.1660065 0.6251348 0.0279342 0.0160520
12 0.3082170 0.6251348 0.0279342 0.0160520
5 0.4504276 0.6251348 0.0279342 0.0160520
19 0.1660065 0.6829220 0.0279342 0.0160520
7 0.2371118 0.6829220 0.0279342 0.0160520
33 0.3082170 0.6823869 0.0660263 0.0577873
2 0.3082170 0.6829220 0.0279342 0.0160520
25 0.3780526 0.6829220 0.0279342 0.0160520
15 0.4504276 0.6829220 0.0279342 0.0160520
4 0.5215328 0.6829220 0.0279342 0.0160520
20 0.5926381 0.6829220 0.0279342 0.0160520
18 0.2371118 0.7407092 0.0279342 0.0160520
30 0.3780526 0.7407092 0.0279342 0.0160520
16 0.5215328 0.7407092 0.0279342 0.0160520
10 0.5926381 0.7407092 0.0279342 0.0160520
22 0.5926381 0.7984965 0.0279342 0.0160520
20 0.3780526 0.7984965 0.0279342 0.0160520
12 0.5215328 0.6251348 0.0279342 0.0160520
9 0.4504276 0.7984965 0.0279342 0.0160520
15 0.2371118 0.6251348 0.0279342 0.0160520
8 0.4504276 0.7407092 0.0279342 0.0160520
13 0.5926381 0.6251348 0.0279342 0.0160520
9 0.1660065 0.7407092 0.0279342 0.0160520
29 0.1660065 0.7984965 0.0279342 0.0160520
24 0.3082170 0.7407092 0.0279342 0.0160520
19 0.3780526 0.6251348 0.0279342 0.0160520
4 0.3082170 0.7984965 0.0279342 0.0160520
22 0.1660065 0.5095602 0.0279342 0.0160520
20 0.3082170 0.5095602 0.0279342 0.0160520
28 0.2371118 0.7984965 0.0279342 0.0160520
17 0.5215328 0.5673475 0.0279342 0.0160520
1 0.2371118 0.5095602 0.0279342 0.0160520
