20 0.5534496 0.4175546 0.0285370 0.0162177
26 0.7726657 0.4759380 0.0285370 0.0162176
32 0.5566924 0.3640364 0.5253404 0.4151710
19 0.3368278 0.2424043 0.0285370 0.0162176
25 0.4094675 0.2424043 0.0285370 0.0162176
23 0.5534496 0.2424043 0.0285370 0.0162176
12 0.6273864 0.2424043 0.0285371 0.0162176
15 0.7000261 0.2424043 0.0285370 0.0162176
29 0.7726657 0.2424043 0.0285370 0.0162176
14 0.4094675 0.3007877 0.0285370 0.0162176
3 0.4821071 0.3007877 0.0285370 0.0162176
5 0.5534496 0.3007877 0.0285370 0.0162176
30 0.7000261 0.3007877 0.0285370 0.0162176
7 0.3368278 0.3591711 0.0285370 0.0162176
13 0.4094675 0.3591711 0.0285370 0.0162176
27 0.4821071 0.3591711 0.0285370 0.0162176
2 0.5534496 0.3591711 0.0285370 0.0162176
31 0.7000261 0.4175546 0.0285370 0.0162177
21 0.7726657 0.4175546 0.0285370 0.0162177
17 0.3368278 0.4759380 0.0285370 0.0162176
20 0.4094675 0.4759380 0.0285370 0.0162176
16 0.6273864 0.4759380 0.0285371 0.0162176
33 0.6993775 0.4753974 0.0661540 0.0583834
8 0.7000261 0.4759380 0.0285370 0.0162176
18 0.4094675 0.5343214 0.0285370 0.0162177
4 0.4821071 0.5343214 0.0285370 0.0162177
24 0.6273864 0.5343214 0.0285371 0.0162177
9 0.7000261 0.5343214 0.0285370 0.0162177
6 0.4094675 0.4175546 0.0285370 0.0162177
22 0.4821071 0.2424043 0.0285370 0.0162176
12 0.5534496 0.5343214 0.0285370 0.0162177
28 0.6273864 0.3591711 0.0285371 0.0162176
19 0.6273864 0.4175546 0.0285371 0.0162177
21 0.6273864 0.3007877 0.0285371 0.0162176
3 0.7726657 0.5343214 0.0285370 0.0162177
7 0.7000261 0.3591711 0.0285370 0.0162176
21 0.3368278 0.4175546 0.0285370 0.0162177
25 0.4821071 0.4759380 0.0285370 0.0162176
16 0.3368278 0.5343214 0.0285370 0.0162177
24 0.4821071 0.4175546 0.0285370 0.0162177
17 0.7726657 0.3591711 0.0285370 0.0162176
25 0.5534496 0.4759380 0.0285370 0.0162176
18 0.7726657 0.3007877 0.0285370 0.0162176
13 0.3368278 0.3007877 0.0285370 0.0162176
