29 0.5546382 0.4758091 0.0287619 0.0159746
15 0.5546382 0.7058431 0.0287619 0.0159746
32 0.6298112 0.5381099 0.5294794 0.4089493
7 0.4814262 0.4183006 0.0287619 0.0159746
17 0.5546382 0.4183006 0.0287619 0.0159746
11 0.7010622 0.4183006 0.0287619 0.0159746
21 0.8474861 0.4183006 0.0287619 0.0159746
1 0.4814262 0.4758091 0.0287619 0.0159746
5 0.6265428 0.4758091 0.0287619 0.0159746
4 0.7010622 0.4758091 0.0287619 0.0159746
6 0.8474861 0.4758091 0.0287619 0.0159746
16 0.4082143 0.5333176 0.0287618 0.0159746
2 0.6265428 0.5333176 0.0287619 0.0159746
20 0.7010622 0.5333176 0.0287619 0.0159746
18 0.7742741 0.5333176 0.0287619 0.0159746
29 0.8474861 0.5333176 0.0287619 0.0159746
27 0.4082143 0.5908261 0.0287618 0.0159746
3 0.4814262 0.5908261 0.0287619 0.0159746
19 0.5546382 0.5908261 0.0287619 0.0159746
10 0.8474861 0.5908261 0.0287619 0.0159746
30 0.4082143 0.6483346 0.0287618 0.0159746
12 0.5546382 0.6483346 0.0287619 0.0159746
8 0.6265428 0.6483346 0.0287619 0.0159746
13 0.7010622 0.6483346 0.0287619 0.0159746
33 0.8474861 0.6478021 0.0679825 0.0575085
14 0.8474861 0.6483346 0.0287619 0.0159746
9 0.4082143 0.7058431 0.0287618 0.0159746
26 0.6265428 0.7058431 0.0287619 0.0159746
31 0.7742741 0.6483346 0.0287619 0.0159746
7 0.4814262 0.5333176 0.0287619 0.0159746
18 0.7742741 0.7058431 0.0287619 0.0159746
1 0.4814262 0.6483346 0.0287619 0.0159746
28 0.7742741 0.5908261 0.0287619 0.0159746
7 0.4082143 0.4183006 0.0287618 0.0159746
31 0.7010622 0.5908261 0.0287619 0.0159746
31 0.7742741 0.4758091 0.0287619 0.0159746
26 0.8474861 0.7058431 0.0287619 0.0159746
17 0.5546382 0.5333176 0.0287619 0.0159746
11 0.4082143 0.4758091 0.0287618 0.0159746
20 0.6265428 0.5908261 0.0287619 0.0159746
19 0.4814262 0.7058431 0.0287619 0.0159746
10 0.7010622 0.7058431 0.0287619 0.0159746
4 0.7742741 0.4183006 0.0287619 0.0159746
14 0.6265428 0.4183006 0.0287619 0.0159746
