26 0.5615365 0.5953942 0.0286912 0.0171423
22 0.3424398 0.5953942 0.0286912 0.0171423
32 0.4904605 0.4154006 0.5281796 0.4388415
9 0.3424398 0.2868338 0.0286912 0.0171422
17 0.4872001 0.2868338 0.0286913 0.0171422
31 0.7076010 0.2868338 0.0286913 0.0171422
24 0.2694075 0.3485458 0.0286913 0.0171423
12 0.4872001 0.3485458 0.0286913 0.0171423
11 0.5615365 0.3485458 0.0286912 0.0171423
3 0.6345688 0.3485458 0.0286913 0.0171423
6 0.7076010 0.3485458 0.0286913 0.0171423
22 0.2694075 0.4102579 0.0286913 0.0171422
13 0.4154720 0.4102579 0.0286913 0.0171422
2 0.4872001 0.4102579 0.0286913 0.0171422
7 0.6345688 0.4102579 0.0286913 0.0171422
21 0.2694075 0.4719700 0.0286913 0.0171423
19 0.3424398 0.4719700 0.0286912 0.0171423
4 0.4154720 0.4719700 0.0286913 0.0171423
14 0.4872001 0.4719700 0.0286913 0.0171423
30 0.6345688 0.4719700 0.0286913 0.0171423
20 0.3424398 0.5336821 0.0286912 0.0171423
15 0.4154720 0.5336821 0.0286913 0.0171423
16 0.4872001 0.5336821 0.0286913 0.0171423
1 0.5615365 0.5336821 0.0286912 0.0171423
5 0.6345688 0.5336821 0.0286913 0.0171423
33 0.4872001 0.5948227 0.0678156 0.0617121
21 0.4872001 0.5953942 0.0286913 0.0171423
27 0.7076010 0.5953942 0.0286913 0.0171423
4 0.5615365 0.2868338 0.0286912 0.0171422
9 0.7076010 0.5336821 0.0286913 0.0171423
19 0.2694075 0.5336821 0.0286913 0.0171423
1 0.6345688 0.5953942 0.0286913 0.0171423
15 0.7076010 0.4719700 0.0286913 0.0171423
11 0.4154720 0.2868338 0.0286913 0.0171422
21 0.2694075 0.5953942 0.0286913 0.0171423
21 0.4154720 0.5953942 0.0286913 0.0171423
19 0.7076010 0.4102579 0.0286913 0.0171422
27 0.5615365 0.4102579 0.0286912 0.0171422
4 0.3424398 0.4102579 0.0286912 0.0171422
15 0.5615365 0.4719700 0.0286912 0.0171423
22 0.4154720 0.3485458 0.0286913 0.0171423
27 0.6345688 0.2868338 0.0286913 0.0171422
17 0.2694075 0.2868338 0.0286913 0.0171422
5 0.3424398 0.3485458 0.0286912 0.0171423
