3 0.5369310 0.5174233 0.0272016 0.0171321
27 0.4664542 0.6407742 0.0272016 0.0171321
32 0.4695453 0.5842384 0.5007561 0.4385811
17 0.2599696 0.4557479 0.0272016 0.0171321
13 0.6061713 0.4557479 0.0272015 0.0171321
3 0.2599696 0.5174233 0.0272016 0.0171321
7 0.3292100 0.5174233 0.0272016 0.0171321
14 0.4664542 0.5174233 0.0272016 0.0171321
24 0.6061713 0.5174233 0.0272015 0.0171321
34 0.6754117 0.5168522 0.0642946 0.0616754
7 0.6754117 0.5174233 0.0272015 0.0171321
15 0.2599696 0.5790988 0.0272016 0.0171320
12 0.3292100 0.5790988 0.0272016 0.0171320
4 0.4664542 0.5790988 0.0272016 0.0171320
2 0.5369310 0.5790988 0.0272016 0.0171320
5 0.6754117 0.5790988 0.0272015 0.0171320
6 0.3292100 0.6407742 0.0272016 0.0171321
25 0.3984503 0.6407742 0.0272016 0.0171321
31 0.5369310 0.6407742 0.0272016 0.0171321
8 0.6061713 0.6407742 0.0272015 0.0171321
21 0.2599696 0.7024497 0.0272016 0.0171321
20 0.3292100 0.7024497 0.0272016 0.0171321
30 0.4664542 0.7024497 0.0272016 0.0171321
22 0.5369310 0.7024497 0.0272016 0.0171321
26 0.6061713 0.7024497 0.0272015 0.0171321
27 0.3984503 0.7641252 0.0272016 0.0171321
9 0.4664542 0.7641252 0.0272016 0.0171321
1 0.5369310 0.7641252 0.0272016 0.0171321
8 0.6754117 0.4557479 0.0272015 0.0171321
4 0.2599696 0.7641252 0.0272016 0.0171321
30 0.3984503 0.7024497 0.0272016 0.0171321
26 0.3984503 0.4557479 0.0272016 0.0171321
24 0.6754117 0.6407742 0.0272015 0.0171321
5 0.3984503 0.5790988 0.0272016 0.0171320
15 0.6754117 0.7641252 0.0272015 0.0171321
10 0.3984503 0.5174233 0.0272016 0.0171321
19 0.6754117 0.7024497 0.0272015 0.0171321
24 0.2599696 0.6407742 0.0272016 0.0171321
27 0.3292100 0.7641252 0.0272016 0.0171321
10 0.3292100 0.4557479 0.0272016 0.0171321
10 0.5369310 0.4557479 0.0272016 0.0171321
30 0.6061713 0.7641252 0.0272015 0.0171321
4 0.4664542 0.4557479 0.0272016 0.0171321
2 0.6061713 0.5790988 0.0272015 0.0171320
