15 0.6284838 0.5799740 0.0274696 0.0166526
4 0.7683289 0.4600757 0.0274696 0.0166526
32 0.5604342 0.4051223 0.5056898 0.4263050
23 0.4886387 0.2802282 0.0274696 0.0166526
25 0.5573127 0.2802282 0.0274696 0.0166526
34 0.6977821 0.2796732 0.0636795 0.0599491
7 0.6984064 0.2802282 0.0274696 0.0166526
1 0.7683289 0.2802282 0.0274696 0.0166526
27 0.4187162 0.3401774 0.0274696 0.0166526
26 0.5573127 0.3401774 0.0274696 0.0166526
7 0.3487936 0.4001265 0.0274696 0.0166526
8 0.4886387 0.4001265 0.0274696 0.0166526
14 0.5573127 0.4001265 0.0274696 0.0166526
18 0.6984064 0.4001265 0.0274696 0.0166526
5 0.3487936 0.4600757 0.0274696 0.0166526
4 0.5573127 0.4600757 0.0274696 0.0166526
16 0.6284838 0.4600757 0.0274696 0.0166526
17 0.6984064 0.4600757 0.0274696 0.0166526
10 0.3487936 0.5200248 0.0274696 0.0166526
13 0.4187162 0.5200248 0.0274696 0.0166526
20 0.4886387 0.5200248 0.0274696 0.0166526
22 0.5573127 0.5200248 0.0274696 0.0166526
24 0.6284838 0.5200248 0.0274696 0.0166526
21 0.6984064 0.5200248 0.0274696 0.0166526
11 0.3487936 0.5799740 0.0274696 0.0166526
12 0.4187162 0.5799740 0.0274696 0.0166526
9 0.5573127 0.5799740 0.0274696 0.0166526
2 0.6984064 0.5799740 0.0274696 0.0166526
8 0.3487936 0.2802282 0.0274696 0.0166526
1 0.6284838 0.3401774 0.0274696 0.0166526
2 0.7683289 0.4001265 0.0274696 0.0166526
26 0.4187162 0.4600757 0.0274696 0.0166526
16 0.6284838 0.2802282 0.0274696 0.0166526
4 0.7683289 0.3401774 0.0274696 0.0166526
4 0.7683289 0.5200248 0.0274696 0.0166526
13 0.4886387 0.4600757 0.0274696 0.0166526
29 0.3487936 0.3401774 0.0274696 0.0166526
27 0.4187162 0.4001265 0.0274696 0.0166526
17 0.6284838 0.4001265 0.0274696 0.0166526
21 0.4886387 0.3401774 0.0274696 0.0166526
7 0.4187162 0.2802282 0.0274696 0.0166526
4 0.7683289 0.5799740 0.0274696 0.0166526
1 0.4886387 0.5799740 0.0274696 0.0166526
5 0.6984064 0.3401774 0.0274696 0.0166526
