27 0.2323335 0.6646692 0.0285381 0.0168907
30 0.3049759 0.4822490 0.0285381 0.0168907
32 0.3795640 0.6089296 0.5253599 0.4324033
4 0.2323335 0.4822490 0.0285381 0.0168907
13 0.3763211 0.4822490 0.0285381 0.0168907
20 0.4502606 0.4822490 0.0285381 0.0168907
22 0.5229030 0.4822490 0.0285381 0.0168907
26 0.2323335 0.5430558 0.0285381 0.0168908
11 0.3049759 0.5430558 0.0285381 0.0168908
14 0.4502606 0.5430558 0.0285381 0.0168908
24 0.5229030 0.5430558 0.0285381 0.0168908
21 0.1596912 0.6038624 0.0285381 0.0168907
18 0.5955453 0.6038624 0.0285381 0.0168907
6 0.1596912 0.6646692 0.0285381 0.0168907
29 0.3049759 0.6646692 0.0285381 0.0168907
33 0.3763211 0.6641062 0.0674536 0.0608067
28 0.3763211 0.6646692 0.0285381 0.0168907
1 0.4502606 0.6646692 0.0285381 0.0168907
17 0.5229030 0.6646692 0.0285381 0.0168907
2 0.5955453 0.6646692 0.0285381 0.0168907
7 0.1596912 0.7254759 0.0285381 0.0168907
3 0.3049759 0.7254759 0.0285381 0.0168907
8 0.5229030 0.7254759 0.0285381 0.0168907
5 0.1596912 0.7862826 0.0285381 0.0168909
31 0.3049759 0.7862826 0.0285381 0.0168909
15 0.3763211 0.7862826 0.0285381 0.0168909
10 0.5229030 0.7862826 0.0285381 0.0168909
9 0.5955453 0.7862826 0.0285381 0.0168909
26 0.4502606 0.7254759 0.0285381 0.0168907
10 0.1596912 0.4822490 0.0285381 0.0168907
9 0.2323335 0.6038624 0.0285381 0.0168907
27 0.5955453 0.7254759 0.0285381 0.0168907
18 0.5955453 0.4822490 0.0285381 0.0168907
13 0.3763211 0.6038624 0.0285381 0.0168907
16 0.1596912 0.5430558 0.0285381 0.0168908
15 0.5229030 0.6038624 0.0285381 0.0168907
15 0.4502606 0.7862826 0.0285381 0.0168909
17 0.3763211 0.5430558 0.0285381 0.0168908
19 0.3763211 0.7254759 0.0285381 0.0168907
21 0.4502606 0.6038624 0.0285381 0.0168907
25 0.5955453 0.5430558 0.0285381 0.0168908
1 0.2323335 0.7862826 0.0285381 0.0168909
10 0.2323335 0.7254759 0.0285381 0.0168907
28 0.3049759 0.6038624 0.0285381 0.0168907
