28 0.3404482 0.3887672 0.0276791 0.0170069
31 0.5518158 0.4499922 0.0276791 0.0170070
32 0.4832471 0.4550943 0.5095469 0.4353776
7 0.3404482 0.3275422 0.0276791 0.0170069
33 0.4109040 0.3269753 0.0654233 0.0612250
23 0.4109040 0.3275422 0.0276791 0.0170069
22 0.5518158 0.3275422 0.0276791 0.0170069
20 0.6222716 0.3275422 0.0276791 0.0170069
1 0.6927275 0.3275422 0.0276791 0.0170069
26 0.2699923 0.3887672 0.0276791 0.0170069
9 0.4109040 0.3887672 0.0276791 0.0170069
3 0.4801017 0.3887672 0.0276791 0.0170069
30 0.5518158 0.3887672 0.0276791 0.0170069
18 0.6927275 0.3887672 0.0276791 0.0170069
12 0.3404482 0.4499922 0.0276791 0.0170070
21 0.4801017 0.4499922 0.0276791 0.0170070
15 0.6222716 0.4499922 0.0276791 0.0170070
17 0.6927275 0.4499922 0.0276791 0.0170070
2 0.2699923 0.5112171 0.0276791 0.0170069
31 0.6927275 0.5112171 0.0276791 0.0170069
14 0.2699923 0.5724422 0.0276791 0.0170070
10 0.4801017 0.5724422 0.0276791 0.0170070
16 0.5518158 0.5724422 0.0276791 0.0170070
8 0.2699923 0.6336671 0.0276791 0.0170069
19 0.3404482 0.6336671 0.0276791 0.0170069
6 0.4109040 0.6336671 0.0276791 0.0170069
23 0.4801017 0.6336671 0.0276791 0.0170069
13 0.6222716 0.6336671 0.0276791 0.0170069
17 0.6222716 0.5724422 0.0276791 0.0170070
13 0.2699923 0.4499922 0.0276791 0.0170070
22 0.5518158 0.6336671 0.0276791 0.0170069
28 0.4109040 0.5724422 0.0276791 0.0170070
3 0.3404482 0.5724422 0.0276791 0.0170070
14 0.3404482 0.5112171 0.0276791 0.0170069
29 0.6927275 0.5724422 0.0276791 0.0170070
14 0.4801017 0.3275422 0.0276791 0.0170069
16 0.6222716 0.3887672 0.0276791 0.0170069
27 0.6222716 0.5112171 0.0276791 0.0170069
21 0.4109040 0.4499922 0.0276791 0.0170070
29 0.2699923 0.3275422 0.0276791 0.0170069
2 0.4109040 0.5112171 0.0276791 0.0170069
9 0.5518158 0.5112171 0.0276791 0.0170069
9 0.4801017 0.5112171 0.0276791 0.0170069
5 0.6927275 0.6336671 0.0276791 0.0170069
