21 0.2945839 0.4978117 0.0288521 0.0168473
25 0.6617924 0.3765113 0.0288521 0.0168473
32 0.4434345 0.3815655 0.5311408 0.4312903
13 0.2945839 0.2552109 0.0288521 0.0168473
10 0.4401559 0.2552109 0.0288521 0.0168473
22 0.5883507 0.2552109 0.0288521 0.0168473
16 0.2945839 0.3158611 0.0288521 0.0168473
20 0.3680256 0.3158611 0.0288521 0.0168473
34 0.4401558 0.3152995 0.0681959 0.0606502
3 0.4401559 0.3158611 0.0288521 0.0168473
23 0.5883507 0.3158611 0.0288521 0.0168473
4 0.6617924 0.3158611 0.0288521 0.0168473
11 0.2945839 0.3765113 0.0288521 0.0168473
21 0.5149090 0.3765113 0.0288521 0.0168473
1 0.5883507 0.3765113 0.0288521 0.0168473
15 0.2211422 0.4371615 0.0288521 0.0168473
14 0.2945839 0.4371615 0.0288521 0.0168473
5 0.3680256 0.4371615 0.0288521 0.0168473
31 0.4401559 0.4371615 0.0288521 0.0168473
27 0.5149090 0.4371615 0.0288521 0.0168473
18 0.3680256 0.4978117 0.0288521 0.0168473
29 0.5149090 0.4978117 0.0288521 0.0168473
7 0.5883507 0.4978117 0.0288521 0.0168473
26 0.6617924 0.4978117 0.0288521 0.0168473
2 0.2211422 0.5584619 0.0288521 0.0168473
24 0.3680256 0.5584619 0.0288521 0.0168473
9 0.5883507 0.5584619 0.0288521 0.0168473
3 0.6617924 0.5584619 0.0288521 0.0168473
28 0.2211422 0.3158611 0.0288521 0.0168473
3 0.3680256 0.2552109 0.0288521 0.0168473
1 0.6617924 0.4371615 0.0288521 0.0168473
27 0.4401559 0.3765113 0.0288521 0.0168473
7 0.2211422 0.4978117 0.0288521 0.0168473
20 0.2211422 0.2552109 0.0288521 0.0168473
1 0.4401559 0.4978117 0.0288521 0.0168473
4 0.2211422 0.3765113 0.0288521 0.0168473
13 0.5149090 0.2552109 0.0288521 0.0168473
14 0.5149090 0.3158611 0.0288521 0.0168473
9 0.5883507 0.4371615 0.0288521 0.0168473
14 0.6617924 0.2552109 0.0288521 0.0168473
16 0.4401559 0.5584619 0.0288521 0.0168473
14 0.5149090 0.5584619 0.0288521 0.0168473
7 0.2945839 0.5584619 0.0288521 0.0168473
29 0.3680256 0.3765113 0.0288521 0.0168473
