24 0.6518260 0.3134884 0.0288447 0.0170788
27 0.5049804 0.6209068 0.0288447 0.0170789
32 0.5803699 0.4415794 0.5310044 0.4372173
22 0.4315576 0.3134884 0.0288447 0.0170788
7 0.7986717 0.3134884 0.0288446 0.0170788
4 0.3581348 0.3749720 0.0288447 0.0170788
14 0.4315576 0.3749720 0.0288447 0.0170788
19 0.5049804 0.3749720 0.0288447 0.0170788
33 0.5770921 0.3744027 0.0681784 0.0614837
9 0.5770921 0.3749720 0.0288447 0.0170788
18 0.6518260 0.3749720 0.0288447 0.0170788
2 0.7252489 0.3749720 0.0288447 0.0170788
1 0.7986717 0.3749720 0.0288446 0.0170788
17 0.3581348 0.4364557 0.0288447 0.0170788
8 0.4315576 0.4364557 0.0288447 0.0170788
30 0.5049804 0.4364557 0.0288447 0.0170788
29 0.7986717 0.4364557 0.0288446 0.0170788
24 0.4315576 0.4979394 0.0288447 0.0170788
13 0.5770921 0.4979394 0.0288447 0.0170788
15 0.6518260 0.4979394 0.0288447 0.0170788
5 0.4315576 0.5594231 0.0288447 0.0170788
25 0.5049804 0.5594231 0.0288447 0.0170788
11 0.5770921 0.5594231 0.0288447 0.0170788
6 0.7252489 0.5594231 0.0288447 0.0170788
10 0.7986717 0.5594231 0.0288446 0.0170788
21 0.4315576 0.6209068 0.0288447 0.0170789
9 0.7252489 0.6209068 0.0288447 0.0170789
3 0.7986717 0.6209068 0.0288446 0.0170789
30 0.5770921 0.6209068 0.0288447 0.0170789
17 0.6518260 0.4364557 0.0288447 0.0170788
12 0.5049804 0.3134884 0.0288447 0.0170788
11 0.7986717 0.4979394 0.0288446 0.0170788
28 0.7252489 0.4364557 0.0288447 0.0170788
15 0.6518260 0.6209068 0.0288447 0.0170789
12 0.7252489 0.4979394 0.0288447 0.0170788
9 0.5770921 0.3134884 0.0288447 0.0170788
27 0.3581348 0.3134884 0.0288447 0.0170788
5 0.3581348 0.6209068 0.0288447 0.0170789
21 0.5770921 0.4364557 0.0288447 0.0170788
29 0.3581348 0.4979394 0.0288447 0.0170788
25 0.3581348 0.5594231 0.0288447 0.0170788
26 0.5049804 0.4979394 0.0288447 0.0170788
11 0.7252489 0.3134884 0.0288447 0.0170788
26 0.6518260 0.5594231 0.0288447 0.0170788
