19 0.5438320 0.6962619 0.0282555 0.0174507
1 0.7596017 0.5706167 0.0282555 0.0174508
32 0.6176817 0.5130293 0.5201591 0.4467387
31 0.3999855 0.3821488 0.0282556 0.0174507
19 0.4719087 0.3821488 0.0282556 0.0174507
12 0.5438320 0.3821488 0.0282555 0.0174507
18 0.3999855 0.4449714 0.0282556 0.0174508
14 0.6144709 0.4449714 0.0282555 0.0174508
22 0.6876785 0.4449714 0.0282555 0.0174508
10 0.7596017 0.4449714 0.0282555 0.0174508
6 0.5438320 0.5077941 0.0282555 0.0174507
8 0.6876785 0.5077941 0.0282555 0.0174507
2 0.7596017 0.5077941 0.0282555 0.0174507
33 0.8315250 0.5072124 0.0667859 0.0628227
14 0.8315250 0.5077941 0.0282556 0.0174507
29 0.3999855 0.5706167 0.0282556 0.0174508
26 0.4719087 0.5706167 0.0282556 0.0174508
7 0.5438320 0.5706167 0.0282555 0.0174508
5 0.6144709 0.5706167 0.0282555 0.0174508
4 0.8315250 0.5706167 0.0282556 0.0174508
24 0.3999855 0.6334393 0.0282556 0.0174508
20 0.4719087 0.6334393 0.0282556 0.0174508
15 0.5438320 0.6334393 0.0282555 0.0174508
23 0.6144709 0.6334393 0.0282555 0.0174508
30 0.8315250 0.6334393 0.0282556 0.0174508
21 0.3999855 0.6962619 0.0282556 0.0174507
17 0.4719087 0.6962619 0.0282556 0.0174507
11 0.6876785 0.6962619 0.0282555 0.0174507
4 0.7596017 0.3821488 0.0282555 0.0174507
13 0.5438320 0.4449714 0.0282555 0.0174508
11 0.4719087 0.5077941 0.0282556 0.0174507
21 0.7596017 0.6334393 0.0282555 0.0174508
20 0.6144709 0.5077941 0.0282555 0.0174507
11 0.3999855 0.5077941 0.0282556 0.0174507
8 0.8315250 0.4449714 0.0282556 0.0174508
3 0.6876785 0.3821488 0.0282555 0.0174507
15 0.8315250 0.3821488 0.0282556 0.0174507
5 0.7596017 0.6962619 0.0282555 0.0174507
1 0.6876785 0.5706167 0.0282555 0.0174508
27 0.8315250 0.6962619 0.0282556 0.0174507
29 0.6144709 0.6962619 0.0282555 0.0174507
15 0.6144709 0.3821488 0.0282555 0.0174507
31 0.4719087 0.4449714 0.0282556 0.0174508
22 0.6876785 0.6334393 0.0282555 0.0174508
