31 0.4604338 0.5483981 0.0270948 0.0163464
1 0.3914653 0.7249395 0.0270948 0.0163464
32 0.6002184 0.6121491 0.4987905 0.4184687
1 0.3914653 0.4895509 0.0270948 0.0163464
15 0.4604338 0.4895509 0.0270948 0.0163464
21 0.5294024 0.4895509 0.0270948 0.0163464
25 0.7363081 0.4895509 0.0270948 0.0163464
31 0.3914653 0.5483981 0.0270948 0.0163464
33 0.5294024 0.5478532 0.0640422 0.0588471
18 0.5294024 0.5483981 0.0270948 0.0163464
12 0.5971394 0.5483981 0.0270948 0.0163464
18 0.6673395 0.5483981 0.0270948 0.0163464
22 0.7363081 0.5483981 0.0270948 0.0163464
10 0.5294024 0.6072452 0.0270948 0.0163464
3 0.5971394 0.6072452 0.0270948 0.0163464
4 0.6673395 0.6072452 0.0270948 0.0163464
7 0.7363081 0.6072452 0.0270948 0.0163464
30 0.4604338 0.6660924 0.0270948 0.0163464
5 0.6673395 0.6660924 0.0270948 0.0163464
24 0.7363081 0.6660924 0.0270948 0.0163464
23 0.8052766 0.6660924 0.0270947 0.0163464
19 0.4604338 0.7249395 0.0270948 0.0163464
16 0.5294024 0.7249395 0.0270948 0.0163464
9 0.6673395 0.7249395 0.0270948 0.0163464
27 0.7363081 0.7249395 0.0270948 0.0163464
14 0.4604338 0.7837867 0.0270948 0.0163464
17 0.5294024 0.7837867 0.0270948 0.0163464
2 0.7363081 0.7837867 0.0270948 0.0163464
11 0.5294024 0.6660924 0.0270948 0.0163464
14 0.6673395 0.4895509 0.0270948 0.0163464
13 0.4604338 0.6072452 0.0270948 0.0163464
16 0.3914653 0.7837867 0.0270948 0.0163464
19 0.8052766 0.6072452 0.0270947 0.0163464
16 0.3914653 0.6660924 0.0270948 0.0163464
6 0.8052766 0.4895509 0.0270947 0.0163464
30 0.8052766 0.7249395 0.0270947 0.0163464
12 0.5971394 0.7249395 0.0270948 0.0163464
8 0.8052766 0.5483981 0.0270947 0.0163464
26 0.6673395 0.7837867 0.0270948 0.0163464
7 0.5971394 0.4895509 0.0270948 0.0163464
7 0.5971394 0.6660924 0.0270948 0.0163464
27 0.8052766 0.7837867 0.0270947 0.0163464
11 0.3914653 0.6072452 0.0270948 0.0163464
11 0.5971394 0.7837867 0.0270948 0.0163464
