10 0.2243351 0.3345376 0.0262485 0.0160655
9 0.2243351 0.6237161 0.0262485 0.0160655
32 0.3597533 0.4550286 0.4832103 0.4112760
2 0.1575209 0.3345376 0.0262485 0.0160655
29 0.2911494 0.3345376 0.0262485 0.0160655
10 0.3567706 0.3345376 0.0262485 0.0160655
20 0.1575209 0.3923733 0.0262485 0.0160655
11 0.2243351 0.3923733 0.0262485 0.0160655
5 0.2911494 0.3923733 0.0262485 0.0160655
16 0.3567706 0.3923733 0.0262485 0.0160655
8 0.3567706 0.4502090 0.0262485 0.0160655
22 0.4915922 0.4502090 0.0262484 0.0160655
19 0.5584064 0.4502090 0.0262484 0.0160655
1 0.1575209 0.5080447 0.0262485 0.0160655
33 0.2237386 0.5075092 0.0608487 0.0578357
7 0.2243351 0.5080447 0.0262485 0.0160655
18 0.2911494 0.5080447 0.0262485 0.0160655
25 0.4247779 0.5080447 0.0262484 0.0160655
9 0.4915922 0.5080447 0.0262484 0.0160655
14 0.5584064 0.5080447 0.0262484 0.0160655
24 0.2911494 0.5658804 0.0262485 0.0160655
13 0.3567706 0.5658804 0.0262485 0.0160655
3 0.4915922 0.5658804 0.0262484 0.0160655
26 0.5584064 0.5658804 0.0262484 0.0160655
30 0.1575209 0.6237161 0.0262485 0.0160655
17 0.3567706 0.6237161 0.0262485 0.0160655
15 0.4915922 0.6237161 0.0262484 0.0160655
31 0.5584064 0.6237161 0.0262484 0.0160655
15 0.4915922 0.3345376 0.0262484 0.0160655
27 0.2243351 0.4502090 0.0262485 0.0160655
27 0.5584064 0.3923733 0.0262484 0.0160655
29 0.4247779 0.6237161 0.0262484 0.0160655
4 0.3567706 0.5080447 0.0262485 0.0160655
12 0.5584064 0.3345376 0.0262484 0.0160655
19 0.1575209 0.4502090 0.0262485 0.0160655
12 0.4247779 0.3923733 0.0262484 0.0160655
16 0.4247779 0.4502090 0.0262484 0.0160655
10 0.2911494 0.6237161 0.0262485 0.0160655
6 0.4247779 0.5658804 0.0262484 0.0160655
7 0.2243351 0.5658804 0.0262485 0.0160655
12 0.4915922 0.3923733 0.0262484 0.0160655
21 0.4247779 0.3345376 0.0262484 0.0160655
4 0.1575209 0.5658804 0.0262485 0.0160655
1 0.2911494 0.4502090 0.0262485 0.0160655
