15 0.7297713 0.2342964 0.0288712 0.0159679
5 0.7297713 0.4067501 0.0288712 0.0159679
32 0.5847595 0.3540559 0.5314913 0.4087791
14 0.5093008 0.2342964 0.0288712 0.0159679
11 0.6562811 0.2342964 0.0288712 0.0159679
4 0.8032614 0.2342964 0.0288712 0.0159679
26 0.4358107 0.2917810 0.0288712 0.0159679
10 0.5093008 0.2917810 0.0288712 0.0159679
25 0.5814787 0.2917810 0.0288711 0.0159679
27 0.7297713 0.2917810 0.0288712 0.0159679
3 0.8032614 0.2917810 0.0288712 0.0159679
18 0.4358107 0.3492655 0.0288712 0.0159679
6 0.5093008 0.3492655 0.0288712 0.0159679
34 0.4351546 0.4062179 0.0669285 0.0574845
17 0.4358107 0.4067501 0.0288712 0.0159679
5 0.5814787 0.4067501 0.0288711 0.0159679
24 0.6562811 0.4067501 0.0288712 0.0159679
13 0.8032614 0.4067501 0.0288712 0.0159679
15 0.5093008 0.4642347 0.0288712 0.0159679
23 0.5814787 0.4642347 0.0288711 0.0159679
22 0.6562811 0.4642347 0.0288712 0.0159679
2 0.7297713 0.4642347 0.0288712 0.0159679
21 0.8032614 0.4642347 0.0288712 0.0159679
1 0.3623206 0.5217192 0.0288712 0.0159679
17 0.5814787 0.5217192 0.0288711 0.0159679
8 0.6562811 0.5217192 0.0288712 0.0159679
12 0.7297713 0.5217192 0.0288712 0.0159679
20 0.8032614 0.5217192 0.0288712 0.0159679
13 0.6562811 0.2917810 0.0288712 0.0159679
1 0.4358107 0.5217192 0.0288712 0.0159679
20 0.3623206 0.3492655 0.0288712 0.0159679
20 0.8032614 0.3492655 0.0288712 0.0159679
31 0.3623206 0.4642347 0.0288712 0.0159679
18 0.5093008 0.4067501 0.0288712 0.0159679
26 0.5814787 0.2342964 0.0288711 0.0159679
12 0.6562811 0.3492655 0.0288712 0.0159679
7 0.5814787 0.3492655 0.0288711 0.0159679
13 0.3623206 0.2917810 0.0288712 0.0159679
14 0.5093008 0.5217192 0.0288712 0.0159679
8 0.4358107 0.2342964 0.0288712 0.0159679
16 0.3623206 0.2342964 0.0288712 0.0159679
12 0.7297713 0.3492655 0.0288712 0.0159679
2 0.3623206 0.4067501 0.0288712 0.0159679
4 0.4358107 0.4642347 0.0288712 0.0159679
