10 0.7955852 0.5921732 0.0273363 0.0167010
26 0.5855925 0.3516784 0.0273363 0.0167010
32 0.5886989 0.4168124 0.5032369 0.4275463
17 0.4476683 0.2915547 0.0273363 0.0167010
6 0.7260018 0.2915547 0.0273363 0.0167010
27 0.7955852 0.2915547 0.0273363 0.0167010
18 0.4476683 0.3516784 0.0273363 0.0167010
1 0.6564185 0.3516784 0.0273363 0.0167010
2 0.7260018 0.3516784 0.0273363 0.0167010
20 0.3780849 0.4118021 0.0273363 0.0167010
26 0.4476683 0.4118021 0.0273363 0.0167010
8 0.5855925 0.4118021 0.0273363 0.0167010
31 0.6564185 0.4118021 0.0273363 0.0167010
22 0.7260018 0.4118021 0.0273363 0.0167010
25 0.7955852 0.4118021 0.0273363 0.0167010
15 0.5172517 0.4719258 0.0273363 0.0167010
10 0.6564185 0.4719258 0.0273363 0.0167010
33 0.7253806 0.4713691 0.0633706 0.0601237
3 0.7260018 0.4719258 0.0273363 0.0167010
4 0.3780849 0.5320495 0.0273363 0.0167010
29 0.4476683 0.5320495 0.0273363 0.0167010
12 0.5172517 0.5320495 0.0273363 0.0167010
5 0.6564185 0.5320495 0.0273363 0.0167010
21 0.7955852 0.5320495 0.0273363 0.0167010
3 0.5172517 0.5921732 0.0273363 0.0167010
11 0.5855925 0.5921732 0.0273363 0.0167010
19 0.6564185 0.5921732 0.0273363 0.0167010
24 0.7260018 0.5921732 0.0273363 0.0167010
14 0.7260018 0.5320495 0.0273363 0.0167010
9 0.6564185 0.2915547 0.0273363 0.0167010
31 0.3780849 0.2915547 0.0273363 0.0167010
22 0.5855925 0.5320495 0.0273363 0.0167010
3 0.7955852 0.3516784 0.0273363 0.0167010
7 0.7955852 0.4719258 0.0273363 0.0167010
4 0.3780849 0.5921732 0.0273363 0.0167010
14 0.5855925 0.2915547 0.0273363 0.0167010
12 0.4476683 0.4719258 0.0273363 0.0167010
17 0.5172517 0.3516784 0.0273363 0.0167010
5 0.3780849 0.3516784 0.0273363 0.0167010
2 0.5855925 0.4719258 0.0273363 0.0167010
21 0.3780849 0.4719258 0.0273363 0.0167010
26 0.4476683 0.5921732 0.0273363 0.0167010
29 0.5172517 0.4118021 0.0273363 0.0167010
22 0.5172517 0.2915547 0.0273363 0.0167010
