17 0.4697209 0.7483747 0.0274857 0.0165734
24 0.3985081 0.6887103 0.0274857 0.0165734
32 0.4016315 0.6340180 0.5059859 0.4242798
30 0.1898670 0.5097173 0.0274857 0.0165734
7 0.3297939 0.5097173 0.0274856 0.0165734
21 0.3985081 0.5097173 0.0274857 0.0165734
23 0.3297939 0.5693816 0.0274856 0.0165734
16 0.3985081 0.5693816 0.0274857 0.0165734
13 0.5396844 0.5693816 0.0274857 0.0165734
25 0.1898670 0.6290460 0.0274857 0.0165735
34 0.2592058 0.6284935 0.0637167 0.0596643
23 0.2598305 0.6290460 0.0274856 0.0165735
24 0.3985081 0.6290460 0.0274857 0.0165735
10 0.4697209 0.6290460 0.0274857 0.0165735
15 0.5396844 0.6290460 0.0274857 0.0165735
14 0.1898670 0.6887103 0.0274857 0.0165734
26 0.2598305 0.6887103 0.0274856 0.0165734
29 0.5396844 0.6887103 0.0274857 0.0165734
17 0.1898670 0.7483747 0.0274857 0.0165734
20 0.2598305 0.7483747 0.0274856 0.0165734
18 0.3297939 0.7483747 0.0274856 0.0165734
3 0.5396844 0.7483747 0.0274857 0.0165734
31 0.1898670 0.8080390 0.0274857 0.0165734
1 0.2598305 0.8080390 0.0274856 0.0165734
6 0.3297939 0.8080390 0.0274856 0.0165734
2 0.3985081 0.8080390 0.0274857 0.0165734
12 0.4697209 0.8080390 0.0274857 0.0165734
19 0.5396844 0.8080390 0.0274857 0.0165734
21 0.3985081 0.7483747 0.0274857 0.0165734
15 0.6096479 0.7483747 0.0274857 0.0165734
31 0.1898670 0.5693816 0.0274857 0.0165734
2 0.6096479 0.8080390 0.0274857 0.0165734
14 0.6096479 0.6290460 0.0274857 0.0165735
2 0.4697209 0.5693816 0.0274857 0.0165734
17 0.5396844 0.5097173 0.0274857 0.0165734
15 0.3297939 0.6887103 0.0274856 0.0165734
18 0.6096479 0.5097173 0.0274857 0.0165734
6 0.4697209 0.6887103 0.0274857 0.0165734
30 0.6096479 0.6887103 0.0274857 0.0165734
22 0.4697209 0.5097173 0.0274857 0.0165734
5 0.2598305 0.5693816 0.0274856 0.0165734
18 0.3297939 0.6290460 0.0274856 0.0165735
14 0.6096479 0.5693816 0.0274857 0.0165734
20 0.2598305 0.5097173 0.0274856 0.0165734
