17 0.3588359 0.6033832 0.0270527 0.0173408
21 0.3588359 0.4161030 0.0270527 0.0173408
32 0.4984031 0.5461587 0.4980149 0.4439237
31 0.2899746 0.4161030 0.0270527 0.0173408
20 0.4276972 0.4161030 0.0270527 0.0173408
23 0.5654199 0.4161030 0.0270527 0.0173408
17 0.6342812 0.4161030 0.0270527 0.0173408
16 0.7031425 0.4161030 0.0270526 0.0173408
19 0.4276972 0.4785297 0.0270527 0.0173408
21 0.4953289 0.4785297 0.0270527 0.0173408
12 0.5654199 0.4785297 0.0270527 0.0173408
10 0.6342812 0.4785297 0.0270527 0.0173408
33 0.7031425 0.4779517 0.0639426 0.0624268
3 0.7031425 0.4785297 0.0270526 0.0173408
9 0.2899746 0.5409565 0.0270527 0.0173408
7 0.4276972 0.5409565 0.0270527 0.0173408
27 0.4276972 0.6033832 0.0270527 0.0173408
6 0.5654199 0.6033832 0.0270527 0.0173408
30 0.7031425 0.6033832 0.0270526 0.0173408
8 0.2899746 0.6658101 0.0270527 0.0173408
2 0.3588359 0.6658101 0.0270527 0.0173408
11 0.4276972 0.6658101 0.0270527 0.0173408
5 0.4953289 0.6658101 0.0270527 0.0173408
14 0.6342812 0.6658101 0.0270527 0.0173408
24 0.7031425 0.6658101 0.0270526 0.0173408
3 0.2899746 0.7282368 0.0270527 0.0173408
4 0.4276972 0.7282368 0.0270527 0.0173408
1 0.4953289 0.7282368 0.0270527 0.0173408
15 0.5654199 0.7282368 0.0270527 0.0173408
2 0.6342812 0.6033832 0.0270527 0.0173408
20 0.4953289 0.4161030 0.0270527 0.0173408
28 0.2899746 0.4785297 0.0270527 0.0173408
9 0.3588359 0.7282368 0.0270527 0.0173408
6 0.3588359 0.4785297 0.0270527 0.0173408
25 0.6342812 0.7282368 0.0270527 0.0173408
5 0.4953289 0.6033832 0.0270527 0.0173408
10 0.3588359 0.5409565 0.0270527 0.0173408
14 0.5654199 0.6658101 0.0270527 0.0173408
1 0.2899746 0.6033832 0.0270527 0.0173408
14 0.7031425 0.7282368 0.0270526 0.0173408
26 0.6342812 0.5409565 0.0270527 0.0173408
14 0.5654199 0.5409565 0.0270527 0.0173408
15 0.4953289 0.5409565 0.0270527 0.0173408
2 0.7031425 0.5409565 0.0270526 0.0173408
