29 0.8418956 0.4724988 0.0268913 0.0164803
1 0.7734453 0.3538408 0.0268913 0.0164803
32 0.6383780 0.3587849 0.4950426 0.4218952
2 0.4311935 0.2351828 0.0268912 0.0164803
29 0.4996439 0.2351828 0.0268912 0.0164803
24 0.5680942 0.2351828 0.0268912 0.0164803
7 0.7049948 0.2351828 0.0268913 0.0164803
6 0.7734453 0.2351828 0.0268913 0.0164803
26 0.6353222 0.2945118 0.0268913 0.0164803
18 0.7049948 0.2945118 0.0268913 0.0164803
13 0.7734453 0.2945118 0.0268913 0.0164803
15 0.4996439 0.3538408 0.0268912 0.0164803
12 0.5680942 0.3538408 0.0268912 0.0164803
3 0.6353222 0.3538408 0.0268913 0.0164803
14 0.8418956 0.3538408 0.0268913 0.0164803
1 0.4311935 0.4131698 0.0268912 0.0164803
27 0.4996439 0.4131698 0.0268912 0.0164803
9 0.7734453 0.4131698 0.0268913 0.0164803
11 0.8418956 0.4131698 0.0268913 0.0164803
31 0.4311935 0.4724988 0.0268912 0.0164803
19 0.5680942 0.4724988 0.0268912 0.0164803
10 0.7049948 0.4724988 0.0268913 0.0164803
5 0.5680942 0.5318278 0.0268912 0.0164802
21 0.6353222 0.5318278 0.0268913 0.0164802
23 0.7049948 0.5318278 0.0268913 0.0164802
30 0.7734453 0.5318278 0.0268913 0.0164802
34 0.8418956 0.5312785 0.0635610 0.0593290
27 0.8418956 0.5318278 0.0268913 0.0164802
14 0.4996439 0.4724988 0.0268912 0.0164803
4 0.6353222 0.4724988 0.0268913 0.0164803
30 0.4311935 0.3538408 0.0268912 0.0164803
8 0.4996439 0.5318278 0.0268912 0.0164802
26 0.5680942 0.2945118 0.0268912 0.0164803
14 0.4311935 0.5318278 0.0268912 0.0164802
19 0.8418956 0.2945118 0.0268913 0.0164803
24 0.5680942 0.4131698 0.0268912 0.0164803
30 0.6353222 0.2351828 0.0268913 0.0164803
1 0.4311935 0.2945118 0.0268912 0.0164803
15 0.7049948 0.3538408 0.0268913 0.0164803
1 0.8418956 0.2351828 0.0268913 0.0164803
7 0.7049948 0.4131698 0.0268913 0.0164803
20 0.4996439 0.2945118 0.0268912 0.0164803
12 0.7734453 0.4724988 0.0268913 0.0164803
21 0.6353222 0.4131698 0.0268913 0.0164803
