13 0.0863370 0.7038761 0.0279846 0.0173309
12 0.1575704 0.7038761 0.0279846 0.0173309
32 0.3019454 0.5219019 0.5151706 0.4436704
19 0.1575704 0.3919203 0.0279846 0.0173309
26 0.2288039 0.3919203 0.0279846 0.0173309
8 0.2987654 0.3919203 0.0279846 0.0173309
10 0.3712708 0.3919203 0.0279846 0.0173309
21 0.0863370 0.4543115 0.0279846 0.0173309
25 0.1575704 0.4543115 0.0279846 0.0173309
4 0.2987654 0.4543115 0.0279846 0.0173309
11 0.4425043 0.4543115 0.0279845 0.0173309
23 0.0863370 0.5167026 0.0279846 0.0173309
18 0.1575704 0.5167026 0.0279846 0.0173309
27 0.2987654 0.5167026 0.0279846 0.0173309
3 0.3712708 0.5167026 0.0279846 0.0173309
9 0.5137378 0.5167026 0.0279846 0.0173309
30 0.0863370 0.5790938 0.0279846 0.0173309
22 0.1575704 0.5790938 0.0279846 0.0173309
1 0.2987654 0.5790938 0.0279846 0.0173309
13 0.3712708 0.5790938 0.0279846 0.0173309
20 0.0863370 0.6414849 0.0279846 0.0173309
15 0.2288039 0.6414849 0.0279846 0.0173309
24 0.4425043 0.6414849 0.0279845 0.0173309
12 0.5137378 0.6414849 0.0279846 0.0173309
7 0.2987654 0.7038761 0.0279846 0.0173309
33 0.4418683 0.7032983 0.0648734 0.0623912
19 0.4425043 0.7038761 0.0279845 0.0173309
16 0.5137378 0.7038761 0.0279846 0.0173309
15 0.5137378 0.5790938 0.0279846 0.0173309
16 0.3712708 0.4543115 0.0279846 0.0173309
4 0.1575704 0.6414849 0.0279846 0.0173309
11 0.4425043 0.3919203 0.0279845 0.0173309
19 0.3712708 0.6414849 0.0279846 0.0173309
31 0.2288039 0.4543115 0.0279846 0.0173309
11 0.0863370 0.3919203 0.0279846 0.0173309
24 0.2288039 0.7038761 0.0279846 0.0173309
26 0.4425043 0.5790938 0.0279845 0.0173309
14 0.2987654 0.6414849 0.0279846 0.0173309
2 0.3712708 0.7038761 0.0279846 0.0173309
26 0.5137378 0.3919203 0.0279846 0.0173309
6 0.2288039 0.5167026 0.0279846 0.0173309
26 0.4425043 0.5167026 0.0279845 0.0173309
30 0.2288039 0.5790938 0.0279846 0.0173309
29 0.5137378 0.4543115 0.0279846 0.0173309
