5 0.3595581 0.8061918 0.0285220 0.0167537
18 0.2856601 0.5649377 0.0285220 0.0167537
32 0.2889012 0.6302774 0.5250649 0.4288961
13 0.0691518 0.5046242 0.0285220 0.0167537
9 0.2856601 0.5046242 0.0285220 0.0167537
33 0.3589098 0.5040658 0.0687122 0.0603135
6 0.3595581 0.5046242 0.0285220 0.0167537
29 0.4321597 0.5046242 0.0285221 0.0167537
27 0.5047612 0.5046242 0.0285220 0.0167537
23 0.0691518 0.5649377 0.0285220 0.0167537
22 0.1417534 0.5649377 0.0285220 0.0167537
24 0.2143550 0.5649377 0.0285221 0.0167537
31 0.4321597 0.5649377 0.0285221 0.0167537
21 0.2143550 0.6252512 0.0285221 0.0167537
6 0.1417534 0.6855648 0.0285220 0.0167537
14 0.2856601 0.6855648 0.0285220 0.0167537
25 0.3595581 0.6855648 0.0285220 0.0167537
1 0.5047612 0.6855648 0.0285220 0.0167537
7 0.0691518 0.7458782 0.0285220 0.0167537
19 0.1417534 0.7458782 0.0285220 0.0167537
4 0.2143550 0.7458782 0.0285221 0.0167537
11 0.3595581 0.7458782 0.0285220 0.0167537
3 0.4321597 0.7458782 0.0285221 0.0167537
15 0.0691518 0.8061918 0.0285220 0.0167537
5 0.1417534 0.8061918 0.0285220 0.0167537
18 0.2143550 0.8061918 0.0285221 0.0167537
8 0.4321597 0.8061918 0.0285221 0.0167537
2 0.5047612 0.8061918 0.0285220 0.0167537
9 0.2143550 0.6855648 0.0285221 0.0167537
11 0.1417534 0.6252512 0.0285220 0.0167537
9 0.0691518 0.6855648 0.0285220 0.0167537
30 0.5047612 0.5649377 0.0285220 0.0167537
30 0.5047612 0.7458782 0.0285220 0.0167537
20 0.2143550 0.5046242 0.0285221 0.0167537
17 0.3595581 0.5649377 0.0285220 0.0167537
12 0.5047612 0.6252512 0.0285220 0.0167537
18 0.4321597 0.6252512 0.0285221 0.0167537
15 0.2856601 0.7458782 0.0285220 0.0167537
14 0.2856601 0.8061918 0.0285220 0.0167537
24 0.2856601 0.6252512 0.0285220 0.0167537
5 0.0691518 0.6252512 0.0285220 0.0167537
21 0.4321597 0.6855648 0.0285221 0.0167537
29 0.3595581 0.6252512 0.0285220 0.0167537
9 0.1417534 0.5046242 0.0285220 0.0167537
