10 0.2824678 0.6599440 0.0281374 0.0169466
7 0.3540905 0.5379286 0.0281374 0.0169465
32 0.4276315 0.4820048 0.5179849 0.4338326
11 0.2824678 0.3549054 0.0281374 0.0169466
7 0.3540905 0.3549054 0.0281374 0.0169466
8 0.4244341 0.3549054 0.0281374 0.0169466
23 0.4973357 0.3549054 0.0281375 0.0169466
5 0.5689582 0.3549054 0.0281374 0.0169466
31 0.6405808 0.3549054 0.0281375 0.0169466
14 0.2824678 0.4159132 0.0281374 0.0169466
13 0.4244341 0.4159132 0.0281374 0.0169466
3 0.4973357 0.4159132 0.0281375 0.0169466
10 0.5689582 0.4159132 0.0281374 0.0169466
20 0.2824678 0.4769208 0.0281374 0.0169466
21 0.3540905 0.4769208 0.0281374 0.0169466
9 0.4973357 0.4769208 0.0281375 0.0169466
30 0.2108453 0.5379286 0.0281375 0.0169465
17 0.4244341 0.5379286 0.0281374 0.0169465
24 0.6405808 0.5379286 0.0281375 0.0169465
18 0.2108453 0.5989362 0.0281375 0.0169465
12 0.2824678 0.5989362 0.0281374 0.0169465
27 0.5689582 0.5989362 0.0281374 0.0169465
6 0.6405808 0.5989362 0.0281375 0.0169465
33 0.2108452 0.6593791 0.0665067 0.0610077
9 0.2108453 0.6599440 0.0281375 0.0169466
1 0.3540905 0.6599440 0.0281374 0.0169466
19 0.5689582 0.6599440 0.0281374 0.0169466
25 0.6405808 0.6599440 0.0281375 0.0169466
12 0.4244341 0.6599440 0.0281374 0.0169466
24 0.4973357 0.6599440 0.0281375 0.0169466
22 0.4244341 0.4769208 0.0281374 0.0169466
1 0.3540905 0.5989362 0.0281374 0.0169465
14 0.6405808 0.4769208 0.0281375 0.0169466
13 0.4244341 0.5989362 0.0281374 0.0169465
17 0.3540905 0.4159132 0.0281374 0.0169466
9 0.4973357 0.5379286 0.0281375 0.0169465
6 0.5689582 0.5379286 0.0281374 0.0169465
30 0.2108453 0.3549054 0.0281375 0.0169466
12 0.5689582 0.4769208 0.0281374 0.0169466
31 0.2824678 0.5379286 0.0281374 0.0169465
18 0.4973357 0.5989362 0.0281375 0.0169465
20 0.2108453 0.4159132 0.0281375 0.0169466
22 0.2108453 0.4769208 0.0281375 0.0169466
11 0.6405808 0.4159132 0.0281375 0.0169466
