13 0.6529692 0.5569428 0.0274716 0.0160645
30 0.7928249 0.4991105 0.0274716 0.0160645
32 0.5849145 0.5039299 0.5057280 0.4112516
3 0.3732580 0.3834460 0.0274716 0.0160645
18 0.4431858 0.3834460 0.0274717 0.0160645
31 0.5131136 0.3834460 0.0274717 0.0160645
33 0.5817927 0.3829105 0.0649329 0.0578323
10 0.5817927 0.3834460 0.0274717 0.0160645
27 0.6529692 0.3834460 0.0274716 0.0160645
13 0.7228970 0.3834460 0.0274716 0.0160645
22 0.7928249 0.3834460 0.0274716 0.0160645
26 0.4431858 0.4412782 0.0274717 0.0160645
19 0.6529692 0.4412782 0.0274716 0.0160645
29 0.7928249 0.4412782 0.0274716 0.0160645
16 0.3732580 0.4991105 0.0274716 0.0160645
11 0.5131136 0.4991105 0.0274717 0.0160645
15 0.6529692 0.4991105 0.0274716 0.0160645
5 0.4431858 0.6147750 0.0274717 0.0160645
6 0.5131136 0.6147750 0.0274717 0.0160645
10 0.5817927 0.6147750 0.0274717 0.0160645
12 0.6529692 0.6147750 0.0274716 0.0160645
30 0.7228970 0.6147750 0.0274716 0.0160645
25 0.3732580 0.6726073 0.0274716 0.0160645
17 0.4431858 0.6726073 0.0274717 0.0160645
14 0.5131136 0.6726073 0.0274717 0.0160645
24 0.5817927 0.6726073 0.0274717 0.0160645
23 0.7228970 0.6726073 0.0274716 0.0160645
1 0.7928249 0.6726073 0.0274716 0.0160645
26 0.3732580 0.4412782 0.0274716 0.0160645
17 0.4431858 0.5569428 0.0274717 0.0160645
7 0.7928249 0.6147750 0.0274716 0.0160645
29 0.5817927 0.4412782 0.0274717 0.0160645
22 0.5131136 0.5569428 0.0274717 0.0160645
18 0.5817927 0.4991105 0.0274717 0.0160645
13 0.6529692 0.6726073 0.0274716 0.0160645
25 0.7228970 0.4412782 0.0274716 0.0160645
22 0.5817927 0.5569428 0.0274717 0.0160645
29 0.7928249 0.5569428 0.0274716 0.0160645
29 0.5131136 0.4412782 0.0274717 0.0160645
26 0.3732580 0.6147750 0.0274716 0.0160645
10 0.7228970 0.5569428 0.0274716 0.0160645
3 0.3732580 0.5569428 0.0274716 0.0160645
22 0.7228970 0.4991105 0.0274716 0.0160645
31 0.4431858 0.4991105 0.0274717 0.0160645
