9 0.6136197 0.2148193 0.0277368 0.0171723
5 0.5430170 0.4621002 0.0277367 0.0171723
32 0.4037028 0.3436114 0.5106086 0.4396104
30 0.4005509 0.2148193 0.0277367 0.0171723
21 0.4724143 0.2148193 0.0277367 0.0171723
18 0.5430170 0.2148193 0.0277367 0.0171723
8 0.1900036 0.2766395 0.0277368 0.0171722
25 0.2606063 0.2766395 0.0277368 0.0171722
22 0.3312090 0.2766395 0.0277368 0.0171722
31 0.4005509 0.2766395 0.0277367 0.0171722
33 0.5423866 0.2760671 0.0642989 0.0618202
12 0.5430170 0.2766395 0.0277367 0.0171722
3 0.1900036 0.3384597 0.0277368 0.0171723
7 0.2606063 0.3384597 0.0277368 0.0171723
13 0.5430170 0.3384597 0.0277367 0.0171723
12 0.6136197 0.3384597 0.0277368 0.0171723
14 0.1900036 0.4002799 0.0277368 0.0171723
26 0.2606063 0.4002799 0.0277368 0.0171723
1 0.3312090 0.4002799 0.0277368 0.0171723
2 0.4005509 0.4002799 0.0277367 0.0171723
9 0.4724143 0.4002799 0.0277367 0.0171723
10 0.6136197 0.4002799 0.0277368 0.0171723
11 0.2606063 0.4621002 0.0277368 0.0171723
5 0.3312090 0.4621002 0.0277368 0.0171723
6 0.4005509 0.4621002 0.0277367 0.0171723
15 0.4724143 0.4621002 0.0277367 0.0171723
27 0.6136197 0.5239204 0.0277368 0.0171722
13 0.1900036 0.4621002 0.0277368 0.0171723
12 0.2606063 0.5239204 0.0277368 0.0171722
6 0.3312090 0.2148193 0.0277368 0.0171723
10 0.3312090 0.3384597 0.0277368 0.0171723
6 0.4724143 0.5239204 0.0277367 0.0171722
4 0.4005509 0.3384597 0.0277367 0.0171723
10 0.1900036 0.2148193 0.0277368 0.0171723
10 0.1900036 0.5239204 0.0277368 0.0171722
20 0.4724143 0.2766395 0.0277367 0.0171722
18 0.2606063 0.2148193 0.0277368 0.0171723
30 0.3312090 0.5239204 0.0277368 0.0171722
20 0.5430170 0.5239204 0.0277367 0.0171722
11 0.5430170 0.4002799 0.0277367 0.0171723
31 0.4724143 0.3384597 0.0277367 0.0171723
25 0.6136197 0.2766395 0.0277368 0.0171722
3 0.6136197 0.4621002 0.0277368 0.0171723
19 0.4005509 0.5239204 0.0277367 0.0171722
