18 0.5320989 0.5711332 0.0270955 0.0168888
21 0.6700397 0.5103337 0.0270955 0.0168888
32 0.6029167 0.5154003 0.4988037 0.4323523
10 0.3941582 0.3887346 0.0270955 0.0168887
17 0.4631285 0.3887346 0.0270955 0.0168887
24 0.5320989 0.3887346 0.0270955 0.0168887
11 0.6700397 0.3887346 0.0270955 0.0168887
14 0.8079804 0.3887346 0.0270955 0.0168887
31 0.4631285 0.4495341 0.0270955 0.0168888
13 0.5320989 0.4495341 0.0270955 0.0168888
3 0.8079804 0.4495341 0.0270955 0.0168888
12 0.4631285 0.5103337 0.0270955 0.0168888
29 0.5320989 0.5103337 0.0270955 0.0168888
30 0.5998376 0.5103337 0.0270955 0.0168888
5 0.7390101 0.5103337 0.0270955 0.0168888
27 0.8079804 0.5103337 0.0270955 0.0168888
34 0.4625127 0.5705703 0.0628123 0.0607996
16 0.4631285 0.5711332 0.0270955 0.0168888
25 0.6700397 0.5711332 0.0270955 0.0168888
20 0.7390101 0.5711332 0.0270955 0.0168888
23 0.3941582 0.6319328 0.0270955 0.0168888
15 0.4631285 0.6319328 0.0270955 0.0168888
9 0.5320989 0.6319328 0.0270955 0.0168888
7 0.5998376 0.6319328 0.0270955 0.0168888
6 0.6700397 0.6319328 0.0270955 0.0168888
21 0.4631285 0.6927323 0.0270955 0.0168888
4 0.8079804 0.6927323 0.0270955 0.0168888
27 0.5320989 0.6927323 0.0270955 0.0168888
25 0.7390101 0.6319328 0.0270955 0.0168888
2 0.5998376 0.5711332 0.0270955 0.0168888
6 0.6700397 0.6927323 0.0270955 0.0168888
25 0.5998376 0.4495341 0.0270955 0.0168888
21 0.8079804 0.6319328 0.0270955 0.0168888
24 0.3941582 0.6927323 0.0270955 0.0168888
14 0.7390101 0.3887346 0.0270955 0.0168887
14 0.7390101 0.4495341 0.0270955 0.0168888
4 0.3941582 0.4495341 0.0270955 0.0168888
21 0.3941582 0.5103337 0.0270955 0.0168888
27 0.8079804 0.5711332 0.0270955 0.0168888
2 0.5998376 0.6927323 0.0270955 0.0168888
16 0.6700397 0.4495341 0.0270955 0.0168888
9 0.3941582 0.5711332 0.0270955 0.0168888
18 0.7390101 0.6927323 0.0270955 0.0168888
8 0.5998376 0.3887346 0.0270955 0.0168887
