18 0.6990710 0.4566353 0.0271281 0.0158733
12 0.4906771 0.3994914 0.0271282 0.0158733
32 0.4937598 0.4613973 0.4994054 0.4063568
1 0.3538030 0.3423475 0.0271282 0.0158733
10 0.4228566 0.3423475 0.0271282 0.0158733
3 0.5609638 0.3423475 0.0271282 0.0158733
31 0.6300174 0.3423475 0.0271282 0.0158733
30 0.6990710 0.3423475 0.0271281 0.0158733
12 0.2847494 0.3994914 0.0271282 0.0158733
29 0.3538030 0.3994914 0.0271282 0.0158733
17 0.4228566 0.3994914 0.0271282 0.0158733
9 0.6300174 0.3994914 0.0271282 0.0158733
25 0.3538030 0.4566353 0.0271282 0.0158733
8 0.2847494 0.5137793 0.0271282 0.0158733
34 0.3531865 0.5132502 0.0628881 0.0571439
19 0.3538030 0.5137793 0.0271282 0.0158733
6 0.5609638 0.5137793 0.0271282 0.0158733
18 0.6990710 0.5137793 0.0271281 0.0158733
4 0.2847494 0.5709232 0.0271282 0.0158733
2 0.4228566 0.5709232 0.0271282 0.0158733
19 0.4906771 0.5709232 0.0271282 0.0158733
7 0.5609638 0.5709232 0.0271282 0.0158733
13 0.2847494 0.6280672 0.0271282 0.0158733
24 0.3538030 0.6280672 0.0271282 0.0158733
27 0.4906771 0.6280672 0.0271282 0.0158733
21 0.5609638 0.6280672 0.0271282 0.0158733
16 0.6990710 0.6280672 0.0271281 0.0158733
9 0.3538030 0.5709232 0.0271282 0.0158733
29 0.6300174 0.5137793 0.0271282 0.0158733
15 0.4906771 0.5137793 0.0271282 0.0158733
2 0.6300174 0.4566353 0.0271282 0.0158733
17 0.6990710 0.5709232 0.0271281 0.0158733
6 0.2847494 0.3423475 0.0271282 0.0158733
8 0.6300174 0.6280672 0.0271282 0.0158733
3 0.5609638 0.3994914 0.0271282 0.0158733
15 0.4906771 0.4566353 0.0271282 0.0158733
25 0.4228566 0.4566353 0.0271282 0.0158733
30 0.6990710 0.3994914 0.0271281 0.0158733
8 0.4906771 0.3423475 0.0271282 0.0158733
20 0.6300174 0.5709232 0.0271282 0.0158733
8 0.4228566 0.6280672 0.0271282 0.0158733
31 0.4228566 0.5137793 0.0271282 0.0158733
18 0.5609638 0.4566353 0.0271282 0.0158733
27 0.2847494 0.4566353 0.0271282 0.0158733
