3 0.6472155 0.3800375 0.0284021 0.0168373
21 0.5026230 0.5012661 0.0284021 0.0168373
32 0.4322633 0.5063173 0.5228569 0.4310351
17 0.2134380 0.3800375 0.0284021 0.0168373
23 0.2134380 0.4406519 0.0284021 0.0168373
31 0.2857342 0.4406519 0.0284021 0.0168373
26 0.4290357 0.4406519 0.0284021 0.0168373
6 0.5026230 0.4406519 0.0284021 0.0168373
7 0.2134380 0.5012661 0.0284021 0.0168373
30 0.2857342 0.5012661 0.0284021 0.0168373
18 0.3580305 0.5012661 0.0284021 0.0168373
15 0.5749192 0.5012661 0.0284021 0.0168373
8 0.2134380 0.5618804 0.0284021 0.0168373
27 0.2857342 0.5618804 0.0284021 0.0168373
21 0.3580305 0.5618804 0.0284021 0.0168373
11 0.4290357 0.5618804 0.0284021 0.0168373
22 0.5026230 0.5618804 0.0284021 0.0168373
12 0.6472155 0.5618804 0.0284021 0.0168373
34 0.2134380 0.6219335 0.0671322 0.0606144
21 0.2134380 0.6224947 0.0284021 0.0168374
5 0.2857342 0.6224947 0.0284021 0.0168374
24 0.4290357 0.6224947 0.0284021 0.0168374
9 0.5026230 0.6224947 0.0284021 0.0168374
2 0.2134380 0.6831091 0.0284021 0.0168373
16 0.2857342 0.6831091 0.0284021 0.0168373
14 0.4290357 0.6831091 0.0284021 0.0168373
4 0.6472155 0.6831091 0.0284021 0.0168373
26 0.3580305 0.6224947 0.0284021 0.0168374
22 0.6472155 0.4406519 0.0284021 0.0168373
11 0.4290357 0.3800375 0.0284021 0.0168373
26 0.5749192 0.5618804 0.0284021 0.0168373
27 0.4290357 0.5012661 0.0284021 0.0168373
18 0.5749192 0.4406519 0.0284021 0.0168373
7 0.5749192 0.6224947 0.0284021 0.0168374
26 0.5026230 0.3800375 0.0284021 0.0168373
28 0.2857342 0.3800375 0.0284021 0.0168373
26 0.3580305 0.4406519 0.0284021 0.0168373
13 0.6472155 0.5012661 0.0284021 0.0168373
8 0.3580305 0.3800375 0.0284021 0.0168373
3 0.5026230 0.6831091 0.0284021 0.0168373
26 0.6472155 0.6224947 0.0284021 0.0168374
1 0.3580305 0.6831091 0.0284021 0.0168373
21 0.5749192 0.6831091 0.0284021 0.0168373
25 0.5749192 0.3800375 0.0284021 0.0168373
