20 0.4750202 0.5883428 0.0274504 0.0174398
21 0.6135200 0.3999929 0.0274504 0.0174398
32 0.6166393 0.4680082 0.5053371 0.4464592
5 0.4750202 0.3372095 0.0274504 0.0174398
18 0.7545153 0.3372095 0.0274504 0.0174398
26 0.8243891 0.3372095 0.0274504 0.0174398
25 0.4051464 0.3999929 0.0274504 0.0174398
13 0.4750202 0.3999929 0.0274504 0.0174398
22 0.6846415 0.3999929 0.0274504 0.0174398
29 0.4051464 0.4627762 0.0274504 0.0174398
3 0.5448940 0.4627762 0.0274504 0.0174398
9 0.6846415 0.4627762 0.0274504 0.0174398
2 0.7545153 0.4627762 0.0274504 0.0174398
14 0.8243891 0.4627762 0.0274504 0.0174398
21 0.4750202 0.5255595 0.0274504 0.0174398
1 0.5448940 0.5255595 0.0274504 0.0174398
34 0.6135200 0.5249782 0.0648828 0.0627833
24 0.6135200 0.5255595 0.0274504 0.0174398
20 0.8243891 0.5255595 0.0274504 0.0174398
16 0.4051464 0.5883428 0.0274504 0.0174398
23 0.7545153 0.5883428 0.0274504 0.0174398
15 0.4051464 0.6511262 0.0274504 0.0174398
6 0.4750202 0.6511262 0.0274504 0.0174398
8 0.5448940 0.6511262 0.0274504 0.0174398
4 0.6135200 0.6511262 0.0274504 0.0174398
7 0.6846415 0.6511262 0.0274504 0.0174398
27 0.7545153 0.6511262 0.0274504 0.0174398
14 0.7545153 0.3999929 0.0274504 0.0174398
15 0.8243891 0.6511262 0.0274504 0.0174398
16 0.5448940 0.3999929 0.0274504 0.0174398
2 0.5448940 0.3372095 0.0274504 0.0174398
14 0.8243891 0.5883428 0.0274504 0.0174398
18 0.4051464 0.3372095 0.0274504 0.0174398
10 0.6846415 0.3372095 0.0274504 0.0174398
15 0.5448940 0.5883428 0.0274504 0.0174398
7 0.6135200 0.5883428 0.0274504 0.0174398
21 0.7545153 0.5255595 0.0274504 0.0174398
22 0.6846415 0.5883428 0.0274504 0.0174398
13 0.4750202 0.4627762 0.0274504 0.0174398
9 0.6135200 0.4627762 0.0274504 0.0174398
18 0.8243891 0.3999929 0.0274504 0.0174398
4 0.6135200 0.3372095 0.0274504 0.0174398
13 0.4051464 0.5255595 0.0274504 0.0174398
21 0.6846415 0.5255595 0.0274504 0.0174398
