10 0.5526371 0.2748008 0.0278007 0.0174704
28 0.5526371 0.3376941 0.0278007 0.0174704
32 0.3422363 0.4058284 0.5117857 0.4472410
34 0.2695754 0.2742184 0.0657108 0.0628933
26 0.2695754 0.2748008 0.0278007 0.0174704
15 0.4111063 0.2748008 0.0278007 0.0174704
13 0.4818717 0.2748008 0.0278007 0.0174704
29 0.1280445 0.3376941 0.0278007 0.0174704
17 0.1988100 0.3376941 0.0278007 0.0174704
3 0.4111063 0.3376941 0.0278007 0.0174704
16 0.4818717 0.3376941 0.0278007 0.0174704
20 0.1280445 0.4005873 0.0278007 0.0174704
14 0.1988100 0.4005873 0.0278007 0.0174704
2 0.3390772 0.4005873 0.0278007 0.0174704
25 0.4111063 0.4005873 0.0278007 0.0174704
21 0.4111063 0.4634806 0.0278007 0.0174704
5 0.4818717 0.4634806 0.0278007 0.0174704
10 0.5526371 0.4634806 0.0278007 0.0174704
27 0.1280445 0.5263739 0.0278007 0.0174704
12 0.3390772 0.5263739 0.0278007 0.0174704
4 0.4111063 0.5263739 0.0278007 0.0174704
18 0.5526371 0.5263739 0.0278007 0.0174704
19 0.1988100 0.5892672 0.0278007 0.0174704
6 0.2695754 0.5892672 0.0278007 0.0174704
11 0.3390772 0.5892672 0.0278007 0.0174704
24 0.4111063 0.5892672 0.0278007 0.0174704
7 0.5526371 0.5892672 0.0278007 0.0174704
3 0.4818717 0.4005873 0.0278007 0.0174704
15 0.2695754 0.4634806 0.0278007 0.0174704
28 0.2695754 0.4005873 0.0278007 0.0174704
19 0.1280445 0.5892672 0.0278007 0.0174704
13 0.1988100 0.5263739 0.0278007 0.0174704
4 0.3390772 0.2748008 0.0278007 0.0174704
31 0.1988100 0.2748008 0.0278007 0.0174704
31 0.3390772 0.4634806 0.0278007 0.0174704
27 0.2695754 0.5263739 0.0278007 0.0174704
11 0.4818717 0.5892672 0.0278007 0.0174704
29 0.2695754 0.3376941 0.0278007 0.0174704
27 0.1280445 0.2748008 0.0278007 0.0174704
16 0.5526371 0.4005873 0.0278007 0.0174704
1 0.4818717 0.5263739 0.0278007 0.0174704
1 0.1988100 0.4634806 0.0278007 0.0174704
11 0.1280445 0.4634806 0.0278007 0.0174704
4 0.3390772 0.3376941 0.0278007 0.0174704
