25 0.6402692 0.4842246 0.0287560 0.0167311
5 0.4193711 0.4842246 0.0287560 0.0167311
32 0.4226388 0.6097081 0.5293711 0.4283171
26 0.2010872 0.4842246 0.0287560 0.0167311
10 0.4938752 0.4842246 0.0287560 0.0167311
15 0.2010872 0.5444567 0.0287560 0.0167311
11 0.3474812 0.5444567 0.0287560 0.0167311
30 0.5670722 0.5444567 0.0287560 0.0167311
18 0.6402692 0.5444567 0.0287560 0.0167311
24 0.2010872 0.6046888 0.0287560 0.0167311
31 0.2742842 0.6046888 0.0287560 0.0167311
2 0.3474812 0.6046888 0.0287560 0.0167311
27 0.4938752 0.6046888 0.0287560 0.0167311
21 0.3474812 0.6649209 0.0287560 0.0167311
22 0.4193711 0.6649209 0.0287560 0.0167311
6 0.4938752 0.6649209 0.0287560 0.0167311
34 0.6402692 0.6643631 0.0679687 0.0602321
4 0.6402692 0.6649209 0.0287560 0.0167311
5 0.2010872 0.7251529 0.0287560 0.0167311
29 0.2742842 0.7251529 0.0287560 0.0167311
17 0.4193711 0.7251529 0.0287560 0.0167311
23 0.4938752 0.7251529 0.0287560 0.0167311
19 0.2010872 0.7853850 0.0287560 0.0167311
20 0.3474812 0.7853850 0.0287560 0.0167311
12 0.4193711 0.7853850 0.0287560 0.0167311
13 0.5670722 0.7853850 0.0287560 0.0167311
1 0.6402692 0.7853850 0.0287560 0.0167311
1 0.2742842 0.4842246 0.0287560 0.0167311
21 0.5670722 0.4842246 0.0287560 0.0167311
6 0.2742842 0.6649209 0.0287560 0.0167311
8 0.5670722 0.6649209 0.0287560 0.0167311
27 0.6402692 0.6046888 0.0287560 0.0167311
10 0.5670722 0.6046888 0.0287560 0.0167311
6 0.4193711 0.5444567 0.0287560 0.0167311
4 0.4938752 0.5444567 0.0287560 0.0167311
28 0.5670722 0.7251529 0.0287560 0.0167311
29 0.6402692 0.7251529 0.0287560 0.0167311
5 0.2010872 0.6649209 0.0287560 0.0167311
15 0.2742842 0.7853850 0.0287560 0.0167311
16 0.3474812 0.7251529 0.0287560 0.0167311
14 0.3474812 0.4842246 0.0287560 0.0167311
26 0.2742842 0.5444567 0.0287560 0.0167311
14 0.4193711 0.6046888 0.0287560 0.0167311
1 0.4938752 0.7853850 0.0287560 0.0167311
