20 0.3548760 0.5496178 0.0278016 0.0169191
18 0.1425724 0.6105264 0.0278017 0.0169191
32 0.2860037 0.4328762 0.5118033 0.4331280
8 0.0718045 0.3059833 0.0278017 0.0169191
20 0.2133403 0.3059833 0.0278017 0.0169191
12 0.2828444 0.3059833 0.0278017 0.0169191
14 0.4964117 0.3059833 0.0278017 0.0169191
24 0.0718045 0.3668919 0.0278017 0.0169191
31 0.1425724 0.3668919 0.0278017 0.0169191
2 0.2133403 0.3668919 0.0278017 0.0169191
11 0.2828444 0.3668919 0.0278017 0.0169191
6 0.3548760 0.3668919 0.0278016 0.0169191
23 0.4964117 0.3668919 0.0278017 0.0169191
7 0.0718045 0.4278005 0.0278017 0.0169190
25 0.1425724 0.4278005 0.0278017 0.0169190
13 0.3548760 0.4278005 0.0278016 0.0169190
21 0.4256439 0.4278005 0.0278017 0.0169190
30 0.0718045 0.4887091 0.0278017 0.0169190
29 0.4256439 0.4887091 0.0278017 0.0169190
17 0.4964117 0.4887091 0.0278017 0.0169190
10 0.2133403 0.5496178 0.0278017 0.0169191
33 0.2828444 0.5490538 0.0657130 0.0609086
16 0.2828444 0.5496178 0.0278017 0.0169191
16 0.4256439 0.5496178 0.0278017 0.0169191
5 0.0718045 0.6105264 0.0278017 0.0169191
19 0.2828444 0.6105264 0.0278017 0.0169191
4 0.4256439 0.6105264 0.0278017 0.0169191
13 0.2828444 0.4887091 0.0278017 0.0169190
31 0.4964117 0.6105264 0.0278017 0.0169191
28 0.1425724 0.3059833 0.0278017 0.0169191
9 0.4964117 0.5496178 0.0278017 0.0169191
30 0.1425724 0.4887091 0.0278017 0.0169190
3 0.1425724 0.5496178 0.0278017 0.0169191
20 0.4256439 0.3668919 0.0278017 0.0169191
1 0.3548760 0.4887091 0.0278016 0.0169190
24 0.2133403 0.4887091 0.0278017 0.0169190
27 0.4964117 0.4278005 0.0278017 0.0169190
7 0.2133403 0.4278005 0.0278017 0.0169190
29 0.0718045 0.5496178 0.0278017 0.0169191
19 0.4256439 0.3059833 0.0278017 0.0169191
6 0.3548760 0.3059833 0.0278016 0.0169191
25 0.3548760 0.6105264 0.0278016 0.0169191
9 0.2133403 0.6105264 0.0278017 0.0169191
4 0.2828444 0.4278005 0.0278017 0.0169190
