19 0.6689122 0.6039606 0.0274631 0.0172427
5 0.4591939 0.4177394 0.0274631 0.0172427
32 0.5309724 0.4229122 0.5055709 0.4414133
18 0.3892878 0.2935919 0.0274631 0.0172427
1 0.6689122 0.2935919 0.0274631 0.0172427
11 0.3193817 0.3556656 0.0274631 0.0172427
4 0.3892878 0.3556656 0.0274631 0.0172427
7 0.4591939 0.3556656 0.0274631 0.0172427
17 0.5278516 0.3556656 0.0274631 0.0172427
21 0.5990061 0.3556656 0.0274632 0.0172427
9 0.6689122 0.3556656 0.0274631 0.0172427
6 0.7388184 0.3556656 0.0274632 0.0172427
5 0.3193817 0.4177394 0.0274631 0.0172427
15 0.5278516 0.4177394 0.0274631 0.0172427
2 0.7388184 0.4177394 0.0274632 0.0172427
23 0.3193817 0.4798132 0.0274631 0.0172427
12 0.3892878 0.4798132 0.0274631 0.0172427
30 0.4591939 0.4798132 0.0274631 0.0172427
27 0.5278516 0.4798132 0.0274631 0.0172427
10 0.6689122 0.4798132 0.0274631 0.0172427
34 0.7388183 0.4792384 0.0649129 0.0620738
8 0.7388184 0.4798132 0.0274632 0.0172427
13 0.3892878 0.5418869 0.0274631 0.0172427
20 0.7388184 0.5418869 0.0274632 0.0172427
22 0.4591939 0.6039606 0.0274631 0.0172427
24 0.5278516 0.6039606 0.0274631 0.0172427
26 0.7388184 0.6039606 0.0274632 0.0172427
19 0.6689122 0.4177394 0.0274631 0.0172427
12 0.5278516 0.5418869 0.0274631 0.0172427
31 0.3892878 0.4177394 0.0274631 0.0172427
15 0.5990061 0.2935919 0.0274632 0.0172427
24 0.3892878 0.6039606 0.0274631 0.0172427
22 0.7388184 0.2935919 0.0274632 0.0172427
31 0.5990061 0.5418869 0.0274632 0.0172427
31 0.3193817 0.5418869 0.0274631 0.0172427
21 0.4591939 0.5418869 0.0274631 0.0172427
9 0.5990061 0.6039606 0.0274632 0.0172427
30 0.6689122 0.5418869 0.0274631 0.0172427
24 0.5990061 0.4177394 0.0274632 0.0172427
7 0.4591939 0.2935919 0.0274631 0.0172427
26 0.5990061 0.4798132 0.0274632 0.0172427
11 0.3193817 0.2935919 0.0274631 0.0172427
25 0.5278516 0.2935919 0.0274631 0.0172427
16 0.3193817 0.6039606 0.0274631 0.0172427
