16 0.3368134 0.6122922 0.0287601 0.0165335
22 0.2649131 0.5527716 0.0287601 0.0165335
32 0.3400816 0.4982110 0.5294475 0.4232580
31 0.1184980 0.3742097 0.0287601 0.0165335
33 0.2649131 0.3736585 0.0679784 0.0595207
14 0.2649131 0.3742097 0.0287601 0.0165335
14 0.5577433 0.3742097 0.0287601 0.0165335
23 0.1917055 0.4337303 0.0287601 0.0165335
1 0.2649131 0.4337303 0.0287601 0.0165335
15 0.3368134 0.4337303 0.0287601 0.0165335
21 0.1184980 0.4932510 0.0287601 0.0165335
7 0.2649131 0.4932510 0.0287601 0.0165335
20 0.3368134 0.4932510 0.0287601 0.0165335
2 0.4113282 0.4932510 0.0287601 0.0165335
25 0.4845358 0.4932510 0.0287601 0.0165335
22 0.5577433 0.4932510 0.0287601 0.0165335
6 0.1184980 0.5527716 0.0287601 0.0165335
16 0.1917055 0.5527716 0.0287601 0.0165335
8 0.3368134 0.5527716 0.0287601 0.0165335
12 0.4113282 0.5527716 0.0287601 0.0165335
29 0.5577433 0.5527716 0.0287601 0.0165335
17 0.1917055 0.6122922 0.0287601 0.0165335
24 0.4845358 0.6122922 0.0287601 0.0165335
10 0.5577433 0.6122922 0.0287601 0.0165335
19 0.1184980 0.6718129 0.0287601 0.0165335
18 0.2649131 0.6718129 0.0287601 0.0165335
30 0.3368134 0.6718129 0.0287601 0.0165335
24 0.4113282 0.6718129 0.0287601 0.0165335
28 0.2649131 0.6122922 0.0287601 0.0165335
14 0.4845358 0.3742097 0.0287601 0.0165335
2 0.4845358 0.4337303 0.0287601 0.0165335
16 0.4113282 0.3742097 0.0287601 0.0165335
4 0.4845358 0.5527716 0.0287601 0.0165335
25 0.1917055 0.6718129 0.0287601 0.0165335
12 0.4845358 0.6718129 0.0287601 0.0165335
22 0.5577433 0.6718129 0.0287601 0.0165335
15 0.3368134 0.3742097 0.0287601 0.0165335
4 0.5577433 0.4337303 0.0287601 0.0165335
19 0.1917055 0.4932510 0.0287601 0.0165335
29 0.1184980 0.6122922 0.0287601 0.0165335
27 0.4113282 0.6122922 0.0287601 0.0165335
21 0.4113282 0.4337303 0.0287601 0.0165335
20 0.1917055 0.3742097 0.0287601 0.0165335
8 0.1184980 0.4337303 0.0287601 0.0165335
