15 0.2103970 0.7566299 0.0284850 0.0171673
7 0.4279185 0.5712227 0.0284850 0.0171674
32 0.3573534 0.6381753 0.5243821 0.4394836
16 0.1378899 0.5094204 0.0284850 0.0171673
21 0.2829042 0.5094204 0.0284849 0.0171673
2 0.3541165 0.5094204 0.0284850 0.0171673
9 0.5729327 0.5094204 0.0284849 0.0171673
23 0.2829042 0.5712227 0.0284849 0.0171674
33 0.3541165 0.5706505 0.0673281 0.0618024
2 0.3541165 0.5712227 0.0284850 0.0171674
7 0.2829042 0.6330252 0.0284849 0.0171674
29 0.3541165 0.6330252 0.0284850 0.0171674
20 0.4279185 0.6330252 0.0284850 0.0171674
18 0.5004256 0.6330252 0.0284850 0.0171674
22 0.5729327 0.6330252 0.0284849 0.0171674
10 0.1378899 0.6948275 0.0284850 0.0171674
26 0.3541165 0.6948275 0.0284850 0.0171674
31 0.5004256 0.6948275 0.0284850 0.0171674
8 0.5729327 0.6948275 0.0284849 0.0171674
6 0.1378899 0.7566299 0.0284850 0.0171673
25 0.2829042 0.7566299 0.0284849 0.0171673
3 0.3541165 0.7566299 0.0284850 0.0171673
15 0.4279185 0.7566299 0.0284850 0.0171673
19 0.5729327 0.7566299 0.0284849 0.0171673
27 0.2103970 0.8184323 0.0284850 0.0171673
24 0.2829042 0.8184323 0.0284849 0.0171673
17 0.5729327 0.8184323 0.0284849 0.0171673
8 0.1378899 0.8184323 0.0284850 0.0171673
12 0.5004256 0.5712227 0.0284850 0.0171674
10 0.4279185 0.8184323 0.0284850 0.0171673
16 0.5729327 0.5712227 0.0284849 0.0171674
7 0.2103970 0.6330252 0.0284850 0.0171674
14 0.1378899 0.6330252 0.0284850 0.0171674
6 0.3541165 0.8184323 0.0284850 0.0171673
24 0.2829042 0.6948275 0.0284849 0.0171674
12 0.4279185 0.6948275 0.0284850 0.0171674
30 0.2103970 0.5094204 0.0284850 0.0171673
7 0.5004256 0.8184323 0.0284850 0.0171673
9 0.2103970 0.6948275 0.0284850 0.0171674
1 0.4279185 0.5094204 0.0284850 0.0171673
22 0.1378899 0.5712227 0.0284850 0.0171674
22 0.2103970 0.5712227 0.0284850 0.0171674
6 0.5004256 0.5094204 0.0284850 0.0171673
27 0.5004256 0.7566299 0.0284850 0.0171673
