22 0.5232352 0.5634712 0.0287120 0.0159144
10 0.5950152 0.4488877 0.0287120 0.0159144
32 0.5982779 0.4536620 0.5285620 0.4074079
25 0.4501501 0.3343042 0.0287120 0.0159144
6 0.5232352 0.3343042 0.0287120 0.0159144
17 0.6694054 0.3343042 0.0287120 0.0159144
20 0.3770649 0.3915959 0.0287120 0.0159144
11 0.6694054 0.3915959 0.0287120 0.0159144
8 0.8155756 0.3915959 0.0287120 0.0159144
4 0.4501501 0.4488877 0.0287120 0.0159144
16 0.5232352 0.4488877 0.0287120 0.0159144
14 0.6694054 0.4488877 0.0287120 0.0159144
27 0.7424905 0.4488877 0.0287120 0.0159144
23 0.3770649 0.5061794 0.0287120 0.0159144
18 0.4501501 0.5061794 0.0287120 0.0159144
5 0.6694054 0.5061794 0.0287120 0.0159144
10 0.7424905 0.5061794 0.0287120 0.0159144
19 0.3770649 0.5634712 0.0287120 0.0159144
13 0.4501501 0.5634712 0.0287120 0.0159144
22 0.5950152 0.5634712 0.0287120 0.0159144
24 0.7424905 0.5634712 0.0287120 0.0159144
15 0.3770649 0.6207629 0.0287120 0.0159144
26 0.4501501 0.6207629 0.0287120 0.0159144
33 0.5232352 0.6202325 0.0678648 0.0572917
7 0.5232352 0.6207629 0.0287120 0.0159144
29 0.5950152 0.6207629 0.0287120 0.0159144
1 0.6694054 0.6207629 0.0287120 0.0159144
31 0.5232352 0.5061794 0.0287120 0.0159144
5 0.5232352 0.3915959 0.0287120 0.0159144
7 0.3770649 0.3343042 0.0287120 0.0159144
15 0.8155756 0.3343042 0.0287120 0.0159144
9 0.8155756 0.5634712 0.0287120 0.0159144
5 0.7424905 0.3915959 0.0287120 0.0159144
8 0.5950152 0.3343042 0.0287120 0.0159144
19 0.3770649 0.4488877 0.0287120 0.0159144
30 0.6694054 0.5634712 0.0287120 0.0159144
17 0.7424905 0.6207629 0.0287120 0.0159144
27 0.8155756 0.5061794 0.0287120 0.0159144
14 0.8155756 0.4488877 0.0287120 0.0159144
28 0.5950152 0.3915959 0.0287120 0.0159144
2 0.8155756 0.6207629 0.0287120 0.0159144
12 0.4501501 0.3915959 0.0287120 0.0159144
1 0.7424905 0.3343042 0.0287120 0.0159144
26 0.5950152 0.5061794 0.0287120 0.0159144
