28 0.5787283 0.4919697 0.0284260 0.0166640
9 0.2892997 0.3719890 0.0284260 0.0166640
32 0.5083093 0.3769883 0.5232973 0.4265979
4 0.3616568 0.2520084 0.0284260 0.0166640
8 0.5787283 0.2520084 0.0284260 0.0166640
23 0.6510854 0.2520084 0.0284260 0.0166640
29 0.7234426 0.2520084 0.0284261 0.0166640
14 0.2892997 0.3119987 0.0284260 0.0166640
25 0.5050790 0.3119987 0.0284261 0.0166640
2 0.5787283 0.3119987 0.0284260 0.0166640
31 0.6510854 0.3119987 0.0284260 0.0166640
6 0.7234426 0.3119987 0.0284261 0.0166640
18 0.4340140 0.3719890 0.0284261 0.0166640
7 0.5050790 0.3719890 0.0284261 0.0166640
30 0.5787283 0.3719890 0.0284260 0.0166640
15 0.6510854 0.3719890 0.0284260 0.0166640
11 0.2892997 0.4319794 0.0284260 0.0166640
21 0.5050790 0.4319794 0.0284261 0.0166640
19 0.5787283 0.4319794 0.0284260 0.0166640
26 0.3616568 0.4919697 0.0284260 0.0166640
12 0.6510854 0.4919697 0.0284260 0.0166640
24 0.7234426 0.4919697 0.0284261 0.0166640
34 0.3610108 0.5514046 0.0658967 0.0599903
3 0.3616568 0.5519600 0.0284260 0.0166640
16 0.5050790 0.5519600 0.0284261 0.0166640
1 0.5787283 0.5519600 0.0284260 0.0166640
13 0.7234426 0.5519600 0.0284261 0.0166640
5 0.3616568 0.3719890 0.0284260 0.0166640
17 0.2892997 0.5519600 0.0284260 0.0166640
26 0.5050790 0.2520084 0.0284261 0.0166640
25 0.7234426 0.3719890 0.0284261 0.0166640
13 0.4340140 0.4919697 0.0284261 0.0166640
22 0.4340140 0.5519600 0.0284261 0.0166640
28 0.7234426 0.4319794 0.0284261 0.0166640
17 0.6510854 0.4319794 0.0284260 0.0166640
14 0.6510854 0.5519600 0.0284260 0.0166640
19 0.2892997 0.4919697 0.0284260 0.0166640
26 0.5050790 0.4919697 0.0284261 0.0166640
4 0.4340140 0.2520084 0.0284261 0.0166640
7 0.3616568 0.3119987 0.0284260 0.0166640
15 0.4340140 0.3119987 0.0284261 0.0166640
7 0.4340140 0.4319794 0.0284261 0.0166640
10 0.3616568 0.4319794 0.0284260 0.0166640
19 0.2892997 0.2520084 0.0284260 0.0166640
