31 0.3803334 0.6323705 0.0273209 0.0174991
29 0.4498774 0.6323705 0.0273209 0.0174991
32 0.5908282 0.4486304 0.5029522 0.4479758
31 0.4498774 0.3173876 0.0273209 0.0174991
11 0.5877235 0.3173876 0.0273208 0.0174991
4 0.6585094 0.3173876 0.0273209 0.0174991
10 0.7975974 0.3173876 0.0273209 0.0174991
19 0.3803334 0.3803841 0.0273209 0.0174991
7 0.4498774 0.3803841 0.0273209 0.0174991
30 0.5877235 0.3803841 0.0273208 0.0174991
21 0.6585094 0.3803841 0.0273209 0.0174991
24 0.3803334 0.4433807 0.0273209 0.0174991
2 0.4498774 0.4433807 0.0273209 0.0174991
26 0.5194214 0.4433807 0.0273209 0.0174991
13 0.6585094 0.4433807 0.0273209 0.0174991
23 0.3803334 0.5063774 0.0273209 0.0174991
8 0.4498774 0.5063774 0.0273209 0.0174991
1 0.5194214 0.5063774 0.0273209 0.0174991
25 0.5877235 0.5063774 0.0273208 0.0174991
20 0.3803334 0.5693739 0.0273209 0.0174991
6 0.4498774 0.5693739 0.0273209 0.0174991
29 0.6585094 0.5693739 0.0273209 0.0174991
34 0.7274324 0.5687907 0.0633347 0.0629966
13 0.7280534 0.5693739 0.0273209 0.0174991
12 0.5194214 0.6323705 0.0273209 0.0174991
14 0.5877235 0.6323705 0.0273208 0.0174991
22 0.7975974 0.6323705 0.0273209 0.0174991
22 0.5877235 0.5693739 0.0273208 0.0174991
3 0.6585094 0.6323705 0.0273209 0.0174991
14 0.7975974 0.3803841 0.0273209 0.0174991
21 0.5194214 0.3173876 0.0273209 0.0174991
17 0.7975974 0.5693739 0.0273209 0.0174991
17 0.7280534 0.3173876 0.0273209 0.0174991
17 0.5194214 0.5693739 0.0273209 0.0174991
1 0.6585094 0.5063774 0.0273209 0.0174991
29 0.5194214 0.3803841 0.0273209 0.0174991
29 0.7975974 0.4433807 0.0273209 0.0174991
11 0.5877235 0.4433807 0.0273208 0.0174991
8 0.7975974 0.5063774 0.0273209 0.0174991
6 0.7280534 0.4433807 0.0273209 0.0174991
2 0.7280534 0.3803841 0.0273209 0.0174991
27 0.7280534 0.6323705 0.0273209 0.0174991
31 0.3803334 0.3173876 0.0273209 0.0174991
24 0.7280534 0.5063774 0.0273209 0.0174991
