11 0.7633559 0.6229251 0.0265817 0.0160623
13 0.6956931 0.5072767 0.0265818 0.0160623
32 0.6298428 0.5120954 0.4893468 0.4111942
1 0.4250420 0.3916284 0.0265818 0.0160623
3 0.4927048 0.3916284 0.0265818 0.0160623
24 0.6268221 0.3916284 0.0265818 0.0160623
20 0.7633559 0.3916284 0.0265817 0.0160623
22 0.8310187 0.3916284 0.0265818 0.0160623
2 0.4250420 0.4494526 0.0265818 0.0160622
23 0.4927048 0.4494526 0.0265818 0.0160622
17 0.6268221 0.4494526 0.0265818 0.0160622
11 0.6956931 0.4494526 0.0265818 0.0160622
9 0.4927048 0.5072767 0.0265818 0.0160623
5 0.5603675 0.5072767 0.0265818 0.0160623
29 0.6268221 0.5072767 0.0265818 0.0160623
27 0.5603675 0.5651009 0.0265818 0.0160623
26 0.6268221 0.5651009 0.0265818 0.0160623
7 0.6956931 0.5651009 0.0265818 0.0160623
34 0.8310187 0.5645655 0.0628297 0.0578242
11 0.8310187 0.5651009 0.0265818 0.0160623
16 0.4250420 0.6229251 0.0265818 0.0160623
21 0.5603675 0.6229251 0.0265818 0.0160623
13 0.6268221 0.6229251 0.0265818 0.0160623
8 0.5603675 0.6807493 0.0265818 0.0160623
14 0.6956931 0.6807493 0.0265818 0.0160623
6 0.7633559 0.6807493 0.0265817 0.0160623
25 0.8310187 0.6807493 0.0265818 0.0160623
11 0.5603675 0.4494526 0.0265818 0.0160622
28 0.6956931 0.6229251 0.0265818 0.0160623
29 0.7633559 0.4494526 0.0265817 0.0160622
24 0.4250420 0.5651009 0.0265818 0.0160623
13 0.4927048 0.5651009 0.0265818 0.0160623
21 0.6268221 0.6807493 0.0265818 0.0160623
5 0.8310187 0.5072767 0.0265818 0.0160623
3 0.8310187 0.6229251 0.0265818 0.0160623
13 0.4927048 0.6807493 0.0265818 0.0160623
16 0.5603675 0.3916284 0.0265818 0.0160623
12 0.4927048 0.6229251 0.0265818 0.0160623
3 0.7633559 0.5072767 0.0265817 0.0160623
5 0.6956931 0.3916284 0.0265818 0.0160623
2 0.8310187 0.4494526 0.0265818 0.0160622
31 0.7633559 0.5651009 0.0265817 0.0160623
25 0.4250420 0.6807493 0.0265818 0.0160623
21 0.4250420 0.5072767 0.0265818 0.0160623
