27 0.2367122 0.5078259 0.0277544 0.0166002
27 0.3767460 0.7468692 0.0277544 0.0166002
32 0.3798999 0.5725668 0.5109340 0.4249657
27 0.2367122 0.4480651 0.0277544 0.0166002
20 0.3767460 0.4480651 0.0277544 0.0166002
11 0.4486552 0.4480651 0.0277544 0.0166002
31 0.5193029 0.4480651 0.0277544 0.0166002
16 0.5899506 0.4480651 0.0277544 0.0166002
33 0.3767460 0.5072726 0.0656014 0.0597608
19 0.3767460 0.5078259 0.0277544 0.0166002
30 0.4486552 0.5078259 0.0277544 0.0166002
5 0.5899506 0.5078259 0.0277544 0.0166002
18 0.1660646 0.5675867 0.0277544 0.0166003
15 0.1660646 0.6273475 0.0277544 0.0166002
12 0.2367122 0.6273475 0.0277544 0.0166002
19 0.3073599 0.6273475 0.0277544 0.0166002
8 0.3767460 0.6273475 0.0277544 0.0166002
3 0.4486552 0.6273475 0.0277544 0.0166002
22 0.5899506 0.6273475 0.0277544 0.0166002
7 0.1660646 0.6871084 0.0277544 0.0166003
10 0.3073599 0.6871084 0.0277544 0.0166003
6 0.5899506 0.6871084 0.0277544 0.0166003
29 0.1660646 0.7468692 0.0277544 0.0166002
21 0.2367122 0.7468692 0.0277544 0.0166002
13 0.3073599 0.7468692 0.0277544 0.0166002
23 0.4486552 0.7468692 0.0277544 0.0166002
17 0.5899506 0.7468692 0.0277544 0.0166002
18 0.3073599 0.4480651 0.0277544 0.0166002
27 0.5193029 0.5675867 0.0277544 0.0166003
13 0.3073599 0.5078259 0.0277544 0.0166002
16 0.5193029 0.6273475 0.0277544 0.0166002
26 0.3073599 0.5675867 0.0277544 0.0166003
10 0.2367122 0.5675867 0.0277544 0.0166003
2 0.5193029 0.5078259 0.0277544 0.0166002
29 0.2367122 0.6871084 0.0277544 0.0166003
31 0.5193029 0.6871084 0.0277544 0.0166003
3 0.1660646 0.5078259 0.0277544 0.0166002
18 0.4486552 0.5675867 0.0277544 0.0166003
16 0.3767460 0.6871084 0.0277544 0.0166003
24 0.4486552 0.6871084 0.0277544 0.0166003
1 0.5899506 0.5675867 0.0277544 0.0166003
26 0.5193029 0.7468692 0.0277544 0.0166002
26 0.1660646 0.4480651 0.0277544 0.0166002
2 0.3767460 0.5675867 0.0277544 0.0166003
