20 0.4833339 0.6645558 0.0272641 0.0165961
3 0.5514941 0.5450638 0.0272641 0.0165961
32 0.5545924 0.5500427 0.5019073 0.4248602
26 0.3445348 0.4255719 0.0272641 0.0165961
19 0.4139344 0.4255719 0.0272641 0.0165961
5 0.4833339 0.4255719 0.0272641 0.0165961
16 0.6915325 0.4255719 0.0272641 0.0165961
29 0.7609320 0.4255719 0.0272641 0.0165961
30 0.3445348 0.4853179 0.0272641 0.0165961
23 0.4139344 0.4853179 0.0272641 0.0165961
34 0.4833339 0.4847647 0.0644424 0.0597460
20 0.4833339 0.4853179 0.0272641 0.0165961
8 0.6221329 0.4853179 0.0272641 0.0165961
15 0.6915325 0.4853179 0.0272641 0.0165961
25 0.4139344 0.5450638 0.0272641 0.0165961
24 0.6221329 0.5450638 0.0272641 0.0165961
4 0.3445348 0.6048098 0.0272641 0.0165961
31 0.4139344 0.6048098 0.0272641 0.0165961
13 0.7609320 0.6048098 0.0272641 0.0165961
9 0.3445348 0.6645558 0.0272641 0.0165961
10 0.4139344 0.6645558 0.0272641 0.0165961
20 0.6915325 0.6645558 0.0272641 0.0165961
3 0.4139344 0.7243018 0.0272641 0.0165961
1 0.4833339 0.7243018 0.0272641 0.0165961
12 0.5514941 0.7243018 0.0272641 0.0165961
14 0.6221329 0.7243018 0.0272641 0.0165961
11 0.7609320 0.7243018 0.0272641 0.0165961
27 0.5514941 0.4255719 0.0272641 0.0165961
8 0.3445348 0.7243018 0.0272641 0.0165961
16 0.4833339 0.6048098 0.0272641 0.0165961
3 0.6221329 0.6048098 0.0272641 0.0165961
20 0.5514941 0.6048098 0.0272641 0.0165961
16 0.7609320 0.6645558 0.0272641 0.0165961
29 0.3445348 0.5450638 0.0272641 0.0165961
15 0.6221329 0.4255719 0.0272641 0.0165961
15 0.5514941 0.6645558 0.0272641 0.0165961
11 0.7609320 0.5450638 0.0272641 0.0165961
29 0.5514941 0.4853179 0.0272641 0.0165961
21 0.6221329 0.6645558 0.0272641 0.0165961
21 0.6915325 0.7243018 0.0272641 0.0165961
9 0.7609320 0.4853179 0.0272641 0.0165961
21 0.4833339 0.5450638 0.0272641 0.0165961
10 0.6915325 0.5450638 0.0272641 0.0165961
20 0.6915325 0.6048098 0.0272641 0.0165961
