1 0.5888527 0.2128225 0.0275100 0.0169354
14 0.3787769 0.2737899 0.0275100 0.0169354
32 0.4506778 0.3398378 0.5064328 0.4335457
29 0.2387263 0.2128225 0.0275099 0.0169354
27 0.4475517 0.2128225 0.0275099 0.0169354
23 0.5188274 0.2128225 0.0275099 0.0169354
33 0.6588779 0.2122580 0.0650235 0.0609674
6 0.6588779 0.2128225 0.0275099 0.0169354
31 0.3087516 0.2737899 0.0275099 0.0169354
7 0.5188274 0.2737899 0.0275099 0.0169354
17 0.6588779 0.2737899 0.0275099 0.0169354
11 0.3087516 0.3347572 0.0275099 0.0169354
16 0.5888527 0.3347572 0.0275100 0.0169354
1 0.2387263 0.3957246 0.0275099 0.0169354
15 0.3087516 0.3957246 0.0275099 0.0169354
9 0.4475517 0.3957246 0.0275099 0.0169354
24 0.6588779 0.3957246 0.0275099 0.0169354
6 0.2387263 0.4566920 0.0275099 0.0169354
30 0.3087516 0.4566920 0.0275099 0.0169354
2 0.3787769 0.4566920 0.0275100 0.0169354
22 0.5188274 0.4566920 0.0275099 0.0169354
8 0.5888527 0.4566920 0.0275100 0.0169354
20 0.6588779 0.4566920 0.0275099 0.0169354
5 0.4475517 0.5176593 0.0275099 0.0169354
12 0.5188274 0.5176593 0.0275099 0.0169354
21 0.5888527 0.5176593 0.0275100 0.0169354
25 0.6588779 0.5176593 0.0275099 0.0169354
5 0.2387263 0.2737899 0.0275099 0.0169354
7 0.3787769 0.2128225 0.0275100 0.0169354
19 0.5888527 0.2737899 0.0275100 0.0169354
21 0.3787769 0.5176593 0.0275100 0.0169354
13 0.6588779 0.3347572 0.0275099 0.0169354
15 0.2387263 0.5176593 0.0275099 0.0169354
21 0.2387263 0.3347572 0.0275099 0.0169354
31 0.3087516 0.5176593 0.0275099 0.0169354
7 0.4475517 0.2737899 0.0275099 0.0169354
29 0.4475517 0.4566920 0.0275099 0.0169354
28 0.3087516 0.2128225 0.0275099 0.0169354
24 0.3787769 0.3347572 0.0275100 0.0169354
15 0.3787769 0.3957246 0.0275100 0.0169354
29 0.5188274 0.3957246 0.0275099 0.0169354
18 0.4475517 0.3347572 0.0275099 0.0169354
3 0.5888527 0.3957246 0.0275100 0.0169354
10 0.5188274 0.3347572 0.0275099 0.0169354
