30 0.7720317 0.4103012 0.0280357 0.0174328
3 0.6293046 0.5985749 0.0280357 0.0174328
32 0.5598525 0.4155310 0.5161117 0.4462783
9 0.3438502 0.2847854 0.0280357 0.0174328
6 0.4152138 0.2847854 0.0280357 0.0174328
23 0.5566666 0.2847854 0.0280357 0.0174328
1 0.6293046 0.2847854 0.0280357 0.0174328
30 0.7006682 0.2847854 0.0280357 0.0174328
11 0.3438502 0.3475433 0.0280357 0.0174328
22 0.4152138 0.3475433 0.0280357 0.0174328
18 0.4865774 0.3475433 0.0280357 0.0174328
3 0.7720317 0.3475433 0.0280357 0.0174328
2 0.5566666 0.4103012 0.0280357 0.0174328
33 0.6286674 0.4097201 0.0675405 0.0627579
27 0.6293046 0.4103012 0.0280357 0.0174328
31 0.7006682 0.4103012 0.0280357 0.0174328
29 0.4152138 0.4730591 0.0280357 0.0174327
21 0.4865774 0.4730591 0.0280357 0.0174327
13 0.6293046 0.4730591 0.0280357 0.0174327
7 0.7720317 0.4730591 0.0280357 0.0174327
8 0.4152138 0.5358170 0.0280357 0.0174327
12 0.7720317 0.5358170 0.0280357 0.0174327
25 0.3438502 0.5985749 0.0280357 0.0174328
4 0.4152138 0.5985749 0.0280357 0.0174328
19 0.4865774 0.5985749 0.0280357 0.0174328
20 0.5566666 0.5985749 0.0280357 0.0174328
14 0.7006682 0.5985749 0.0280357 0.0174328
12 0.5566666 0.3475433 0.0280357 0.0174328
15 0.6293046 0.5358170 0.0280357 0.0174327
15 0.3438502 0.4730591 0.0280357 0.0174327
27 0.4865774 0.4103012 0.0280357 0.0174328
6 0.7006682 0.5358170 0.0280357 0.0174327
27 0.7720317 0.5985749 0.0280357 0.0174328
11 0.4865774 0.2847854 0.0280357 0.0174328
11 0.6293046 0.3475433 0.0280357 0.0174328
26 0.4865774 0.5358170 0.0280357 0.0174327
4 0.5566666 0.5358170 0.0280357 0.0174327
10 0.7720317 0.2847854 0.0280357 0.0174328
9 0.4152138 0.4103012 0.0280357 0.0174328
15 0.3438502 0.5358170 0.0280357 0.0174327
3 0.3438502 0.4103012 0.0280357 0.0174328
1 0.7006682 0.4730591 0.0280357 0.0174327
3 0.7006682 0.3475433 0.0280357 0.0174328
16 0.5566666 0.4730591 0.0280357 0.0174327
