21 0.4007467 0.5029147 0.0262197 0.0160546
13 0.3340054 0.5029147 0.0262197 0.0160546
32 0.5360168 0.3343418 0.4826819 0.4109967
1 0.3340054 0.2139326 0.0262197 0.0160546
31 0.4674879 0.2139326 0.0262198 0.0160546
3 0.5330373 0.2139326 0.0262198 0.0160546
20 0.6677115 0.2139326 0.0262198 0.0160546
10 0.7344527 0.2139326 0.0262198 0.0160546
5 0.3340054 0.2717290 0.0262197 0.0160546
8 0.4007467 0.2717290 0.0262197 0.0160546
26 0.4674879 0.2717290 0.0262198 0.0160546
9 0.4007467 0.3295254 0.0262197 0.0160546
4 0.4674879 0.3295254 0.0262198 0.0160546
7 0.5330373 0.3295254 0.0262198 0.0160546
33 0.6671156 0.3289903 0.0607822 0.0577964
21 0.6677115 0.3295254 0.0262198 0.0160546
17 0.3340054 0.3873218 0.0262197 0.0160546
14 0.4007467 0.3873218 0.0262197 0.0160546
18 0.5330373 0.3873218 0.0262198 0.0160546
25 0.7344527 0.3873218 0.0262198 0.0160546
27 0.3340054 0.4451183 0.0262197 0.0160546
29 0.4674879 0.4451183 0.0262198 0.0160546
15 0.5330373 0.4451183 0.0262198 0.0160546
2 0.6677115 0.4451183 0.0262198 0.0160546
19 0.6009703 0.5029147 0.0262197 0.0160546
11 0.6677115 0.5029147 0.0262198 0.0160546
30 0.7344527 0.5029147 0.0262198 0.0160546
14 0.6677115 0.2717290 0.0262198 0.0160546
31 0.4674879 0.5029147 0.0262198 0.0160546
27 0.6009703 0.2717290 0.0262197 0.0160546
15 0.7344527 0.2717290 0.0262198 0.0160546
24 0.4007467 0.2139326 0.0262197 0.0160546
20 0.7344527 0.3295254 0.0262198 0.0160546
14 0.7344527 0.4451183 0.0262198 0.0160546
19 0.5330373 0.5029147 0.0262198 0.0160546
27 0.4674879 0.3873218 0.0262198 0.0160546
20 0.4007467 0.4451183 0.0262197 0.0160546
5 0.6677115 0.3873218 0.0262198 0.0160546
27 0.6009703 0.3873218 0.0262197 0.0160546
21 0.6009703 0.3295254 0.0262197 0.0160546
2 0.3340054 0.3295254 0.0262197 0.0160546
15 0.6009703 0.2139326 0.0262197 0.0160546
25 0.5330373 0.2717290 0.0262198 0.0160546
27 0.6009703 0.4451183 0.0262197 0.0160546
