16 0.7846896 0.7324512 0.0286602 0.0161589
18 0.8576431 0.6161080 0.0286602 0.0161588
32 0.6407370 0.5627839 0.5276092 0.4136651
1 0.4199228 0.4415929 0.0286603 0.0161588
8 0.4928762 0.4415929 0.0286602 0.0161588
15 0.5658295 0.4415929 0.0286603 0.0161588
24 0.7846896 0.4415929 0.0286602 0.0161588
2 0.4199228 0.4997646 0.0286603 0.0161588
19 0.5658295 0.4997646 0.0286603 0.0161588
7 0.7117363 0.4997646 0.0286603 0.0161588
17 0.7846896 0.4997646 0.0286602 0.0161588
13 0.8576431 0.4997646 0.0286602 0.0161588
30 0.4199228 0.5579363 0.0286603 0.0161588
14 0.5658295 0.5579363 0.0286603 0.0161588
34 0.7840383 0.5573977 0.0664397 0.0581717
21 0.7846896 0.5579363 0.0286602 0.0161588
12 0.8576431 0.5579363 0.0286602 0.0161588
23 0.4928762 0.6161080 0.0286602 0.0161588
27 0.5658295 0.6161080 0.0286603 0.0161588
16 0.6374802 0.6161080 0.0286602 0.0161588
29 0.7117363 0.6161080 0.0286603 0.0161588
21 0.4199228 0.6742796 0.0286603 0.0161589
26 0.5658295 0.6742796 0.0286603 0.0161589
9 0.7117363 0.6742796 0.0286603 0.0161589
5 0.7846896 0.6742796 0.0286602 0.0161589
6 0.8576431 0.6742796 0.0286602 0.0161589
11 0.4199228 0.7324512 0.0286603 0.0161589
28 0.7117363 0.7324512 0.0286603 0.0161589
4 0.8576431 0.7324512 0.0286602 0.0161589
1 0.4928762 0.5579363 0.0286602 0.0161588
24 0.4928762 0.4997646 0.0286602 0.0161588
30 0.7846896 0.6161080 0.0286602 0.0161588
10 0.6374802 0.7324512 0.0286602 0.0161589
29 0.6374802 0.6742796 0.0286602 0.0161589
24 0.4928762 0.6742796 0.0286602 0.0161589
5 0.6374802 0.5579363 0.0286602 0.0161588
18 0.4199228 0.6161080 0.0286603 0.0161588
6 0.7117363 0.4415929 0.0286603 0.0161588
9 0.6374802 0.4415929 0.0286602 0.0161588
20 0.4928762 0.7324512 0.0286602 0.0161589
27 0.7117363 0.5579363 0.0286603 0.0161588
11 0.8576431 0.4415929 0.0286602 0.0161588
18 0.6374802 0.4997646 0.0286602 0.0161588
5 0.5658295 0.7324512 0.0286603 0.0161589
