28 0.3194586 0.4711897 0.0281017 0.0159058
29 0.1763956 0.2994070 0.0281017 0.0159058
32 0.2548781 0.4187006 0.5072562 0.4071888
25 0.0333326 0.2994070 0.0281017 0.0159058
11 0.3194586 0.2994070 0.0281017 0.0159058
31 0.3909901 0.2994070 0.0281017 0.0159058
7 0.4625216 0.2994070 0.0281017 0.0159058
30 0.1048641 0.3566679 0.0281017 0.0159058
26 0.2466497 0.3566679 0.0281017 0.0159058
18 0.4625216 0.3566679 0.0281017 0.0159058
22 0.0333326 0.4139288 0.0281017 0.0159058
19 0.1048641 0.4139288 0.0281017 0.0159058
21 0.1763956 0.4139288 0.0281017 0.0159058
1 0.2466497 0.4139288 0.0281017 0.0159058
6 0.3194586 0.4139288 0.0281017 0.0159058
23 0.3909901 0.4139288 0.0281017 0.0159058
34 0.4625216 0.4133986 0.0664221 0.0572609
15 0.4625216 0.4139288 0.0281017 0.0159058
2 0.0333326 0.4711897 0.0281017 0.0159058
20 0.1048641 0.4711897 0.0281017 0.0159058
15 0.3909901 0.4711897 0.0281017 0.0159058
3 0.4625216 0.4711897 0.0281017 0.0159058
16 0.1763956 0.5284507 0.0281017 0.0159058
9 0.3194586 0.5284507 0.0281017 0.0159058
24 0.0333326 0.5857115 0.0281017 0.0159058
5 0.1048641 0.5857115 0.0281017 0.0159058
8 0.2466497 0.5857115 0.0281017 0.0159058
5 0.2466497 0.4711897 0.0281017 0.0159058
11 0.1763956 0.5857115 0.0281017 0.0159058
4 0.0333326 0.5284507 0.0281017 0.0159058
13 0.3909901 0.5857115 0.0281017 0.0159058
22 0.1763956 0.3566679 0.0281017 0.0159058
16 0.1763956 0.4711897 0.0281017 0.0159058
28 0.4625216 0.5284507 0.0281017 0.0159058
21 0.3194586 0.3566679 0.0281017 0.0159058
27 0.1048641 0.2994070 0.0281017 0.0159058
17 0.2466497 0.5284507 0.0281017 0.0159058
11 0.3909901 0.3566679 0.0281017 0.0159058
13 0.1048641 0.5284507 0.0281017 0.0159058
1 0.4625216 0.5857115 0.0281017 0.0159058
22 0.2466497 0.2994070 0.0281017 0.0159058
13 0.3194586 0.5857115 0.0281017 0.0159058
8 0.3909901 0.5284507 0.0281017 0.0159058
14 0.0333326 0.3566679 0.0281017 0.0159058
