8 0.5325665 0.5485136 0.0277971 0.0160799
14 0.3923174 0.7800641 0.0277971 0.0160799
32 0.5357253 0.6112252 0.5117201 0.4116453
11 0.3215610 0.4906260 0.0277971 0.0160799
15 0.3923174 0.4906260 0.0277971 0.0160799
5 0.4630737 0.4906260 0.0277972 0.0160799
13 0.5325665 0.4906260 0.0277971 0.0160799
33 0.3215610 0.5479776 0.0657023 0.0578876
19 0.3215610 0.5485136 0.0277971 0.0160799
25 0.3923174 0.5485136 0.0277971 0.0160799
23 0.6045864 0.5485136 0.0277971 0.0160799
8 0.6753428 0.5485136 0.0277971 0.0160799
22 0.3215610 0.6064012 0.0277971 0.0160799
31 0.4630737 0.6064012 0.0277972 0.0160799
6 0.6045864 0.6064012 0.0277971 0.0160799
4 0.6753428 0.6064012 0.0277971 0.0160799
26 0.3923174 0.6642889 0.0277971 0.0160798
2 0.4630737 0.6642889 0.0277972 0.0160798
9 0.6045864 0.6642889 0.0277971 0.0160798
24 0.7460991 0.6642889 0.0277972 0.0160798
17 0.3215610 0.7221764 0.0277971 0.0160799
21 0.3923174 0.7221764 0.0277971 0.0160799
14 0.4630737 0.7221764 0.0277972 0.0160799
18 0.5325665 0.7221764 0.0277971 0.0160799
30 0.6045864 0.7221764 0.0277971 0.0160799
19 0.7460991 0.7221764 0.0277972 0.0160799
12 0.4630737 0.7800641 0.0277972 0.0160799
21 0.6045864 0.4906260 0.0277971 0.0160799
20 0.3923174 0.6064012 0.0277971 0.0160799
25 0.5325665 0.7800641 0.0277971 0.0160799
10 0.7460991 0.5485136 0.0277972 0.0160799
12 0.6753428 0.7800641 0.0277971 0.0160799
26 0.5325665 0.6642889 0.0277971 0.0160798
21 0.7460991 0.6064012 0.0277972 0.0160799
28 0.7460991 0.4906260 0.0277972 0.0160799
18 0.6753428 0.6642889 0.0277971 0.0160798
7 0.7460991 0.7800641 0.0277972 0.0160799
17 0.6753428 0.4906260 0.0277971 0.0160799
13 0.5325665 0.6064012 0.0277971 0.0160799
22 0.3215610 0.7800641 0.0277971 0.0160799
17 0.3215610 0.6642889 0.0277971 0.0160798
8 0.4630737 0.5485136 0.0277972 0.0160799
11 0.6753428 0.7221764 0.0277971 0.0160799
17 0.6045864 0.7800641 0.0277971 0.0160799
