13 0.5200481 0.5222027 0.0272596 0.0169130
22 0.4506599 0.4613157 0.0272596 0.0169130
32 0.5912949 0.4055027 0.5018252 0.4329738
15 0.5200481 0.2786549 0.0272596 0.0169130
24 0.5881972 0.2786549 0.0272597 0.0169130
2 0.7282126 0.2786549 0.0272596 0.0169130
33 0.4500404 0.3389781 0.0631928 0.0608869
8 0.4506599 0.3395419 0.0272596 0.0169130
31 0.5200481 0.3395419 0.0272596 0.0169130
27 0.5881972 0.3395419 0.0272597 0.0169130
5 0.6588245 0.3395419 0.0272596 0.0169130
26 0.7976008 0.3395419 0.0272597 0.0169130
13 0.3812717 0.4004288 0.0272596 0.0169130
30 0.7976008 0.4004288 0.0272597 0.0169130
29 0.3812717 0.4613157 0.0272596 0.0169130
10 0.5200481 0.4613157 0.0272596 0.0169130
9 0.5881972 0.4613157 0.0272597 0.0169130
8 0.6588245 0.4613157 0.0272596 0.0169130
1 0.7976008 0.4613157 0.0272597 0.0169130
22 0.4506599 0.5222027 0.0272596 0.0169130
3 0.6588245 0.5222027 0.0272596 0.0169130
18 0.4506599 0.5830896 0.0272596 0.0169130
20 0.5200481 0.5830896 0.0272596 0.0169130
23 0.5881972 0.5830896 0.0272597 0.0169130
4 0.6588245 0.5830896 0.0272596 0.0169130
11 0.7282126 0.5830896 0.0272596 0.0169130
14 0.7976008 0.5830896 0.0272597 0.0169130
2 0.7282126 0.5222027 0.0272596 0.0169130
4 0.7282126 0.3395419 0.0272596 0.0169130
12 0.3812717 0.5222027 0.0272596 0.0169130
24 0.7976008 0.5222027 0.0272597 0.0169130
18 0.7282126 0.4004288 0.0272596 0.0169130
25 0.5200481 0.4004288 0.0272596 0.0169130
28 0.6588245 0.4004288 0.0272596 0.0169130
7 0.7282126 0.4613157 0.0272596 0.0169130
22 0.3812717 0.5830896 0.0272596 0.0169130
8 0.7976008 0.2786549 0.0272597 0.0169130
18 0.5881972 0.5222027 0.0272597 0.0169130
11 0.4506599 0.4004288 0.0272596 0.0169130
25 0.5881972 0.4004288 0.0272597 0.0169130
2 0.4506599 0.2786549 0.0272596 0.0169130
5 0.3812717 0.2786549 0.0272596 0.0169130
21 0.3812717 0.3395419 0.0272596 0.0169130
20 0.6588245 0.2786549 0.0272596 0.0169130
