18 0.3389079 0.2531908 0.0270326 0.0166899
5 0.2012875 0.4334415 0.0270326 0.0166899
32 0.4095613 0.3783649 0.4976455 0.4272610
30 0.2700977 0.2531908 0.0270326 0.0166899
15 0.4064894 0.2531908 0.0270326 0.0166899
24 0.4765284 0.2531908 0.0270326 0.0166899
26 0.5453387 0.2531908 0.0270326 0.0166899
25 0.2700977 0.3132743 0.0270326 0.0166899
29 0.3389079 0.3132743 0.0270326 0.0166899
13 0.4064894 0.3132743 0.0270326 0.0166899
33 0.5447243 0.3127180 0.0626664 0.0600836
15 0.5453387 0.3132743 0.0270326 0.0166899
7 0.6141489 0.3132743 0.0270326 0.0166899
17 0.2012875 0.3733579 0.0270326 0.0166899
23 0.2700977 0.3733579 0.0270326 0.0166899
2 0.3389079 0.3733579 0.0270326 0.0166899
22 0.5453387 0.3733579 0.0270326 0.0166899
1 0.6141489 0.3733579 0.0270326 0.0166899
20 0.2700977 0.4334415 0.0270326 0.0166899
10 0.3389079 0.4334415 0.0270326 0.0166899
16 0.4064894 0.4334415 0.0270326 0.0166899
31 0.5453387 0.4334415 0.0270326 0.0166899
5 0.4064894 0.4935251 0.0270326 0.0166899
6 0.5453387 0.4935251 0.0270326 0.0166899
27 0.4064894 0.5536087 0.0270326 0.0166899
19 0.4765284 0.5536087 0.0270326 0.0166899
9 0.5453387 0.5536087 0.0270326 0.0166899
4 0.2012875 0.2531908 0.0270326 0.0166899
11 0.6141489 0.5536087 0.0270326 0.0166899
28 0.6141489 0.4334415 0.0270326 0.0166899
18 0.4765284 0.4334415 0.0270326 0.0166899
12 0.6141489 0.4935251 0.0270326 0.0166899
9 0.4765284 0.3733579 0.0270326 0.0166899
18 0.2700977 0.5536087 0.0270326 0.0166899
8 0.4765284 0.4935251 0.0270326 0.0166899
8 0.2012875 0.3132743 0.0270326 0.0166899
29 0.2012875 0.5536087 0.0270326 0.0166899
8 0.2700977 0.4935251 0.0270326 0.0166899
6 0.3389079 0.5536087 0.0270326 0.0166899
10 0.4064894 0.3733579 0.0270326 0.0166899
3 0.4765284 0.3132743 0.0270326 0.0166899
19 0.2012875 0.4935251 0.0270326 0.0166899
20 0.3389079 0.4935251 0.0270326 0.0166899
20 0.6141489 0.2531908 0.0270326 0.0166899
