26 0.8233031 0.6614579 0.0288411 0.0172621
19 0.6017503 0.5371704 0.0288412 0.0172622
32 0.6050277 0.6044928 0.5309404 0.4419112
26 0.4562332 0.4750266 0.0288412 0.0172622
10 0.6017503 0.4750266 0.0288412 0.0172622
6 0.7498892 0.4750266 0.0288412 0.0172622
1 0.8233031 0.4750266 0.0288411 0.0172622
3 0.4562332 0.5371704 0.0288412 0.0172622
2 0.6764752 0.5371704 0.0288412 0.0172622
34 0.8233031 0.5365950 0.0681700 0.0621438
21 0.8233031 0.5371704 0.0288411 0.0172622
25 0.3828193 0.5993142 0.0288412 0.0172622
12 0.4562332 0.5993142 0.0288412 0.0172622
30 0.5296472 0.5993142 0.0288412 0.0172622
8 0.6017503 0.5993142 0.0288412 0.0172622
18 0.7498892 0.5993142 0.0288412 0.0172622
15 0.8233031 0.5993142 0.0288411 0.0172622
20 0.3828193 0.6614579 0.0288412 0.0172621
4 0.6764752 0.6614579 0.0288412 0.0172621
9 0.3828193 0.7236017 0.0288412 0.0172622
13 0.4562332 0.7236017 0.0288412 0.0172622
24 0.5296472 0.7236017 0.0288412 0.0172622
11 0.6017503 0.7236017 0.0288412 0.0172622
5 0.6764752 0.7236017 0.0288412 0.0172622
17 0.7498892 0.7236017 0.0288412 0.0172622
14 0.4562332 0.7857454 0.0288412 0.0172621
27 0.5296472 0.7857454 0.0288412 0.0172621
4 0.3828193 0.7857454 0.0288412 0.0172621
5 0.7498892 0.6614579 0.0288412 0.0172621
26 0.8233031 0.7857454 0.0288411 0.0172621
8 0.3828193 0.4750266 0.0288412 0.0172622
30 0.5296472 0.4750266 0.0288412 0.0172622
24 0.6764752 0.7857454 0.0288412 0.0172621
9 0.8233031 0.7236017 0.0288411 0.0172622
24 0.7498892 0.7857454 0.0288412 0.0172621
21 0.4562332 0.6614579 0.0288412 0.0172621
13 0.5296472 0.6614579 0.0288412 0.0172621
30 0.6764752 0.5993142 0.0288412 0.0172622
2 0.6017503 0.6614579 0.0288412 0.0172621
7 0.5296472 0.5371704 0.0288412 0.0172622
29 0.6764752 0.4750266 0.0288412 0.0172622
17 0.7498892 0.5371704 0.0288412 0.0172622
3 0.3828193 0.5371704 0.0288412 0.0172622
2 0.6017503 0.7857454 0.0288412 0.0172621
