28 0.2865710 0.6163962 0.0276046 0.0162183
14 0.6379018 0.5580102 0.0276046 0.0162183
32 0.4289854 0.5044896 0.5081749 0.4151899
20 0.2163048 0.3828519 0.0276046 0.0162184
8 0.3568371 0.3828519 0.0276046 0.0162184
25 0.6379018 0.3828519 0.0276046 0.0162184
12 0.2163048 0.4412380 0.0276046 0.0162184
7 0.2865710 0.4412380 0.0276046 0.0162184
15 0.3568371 0.4412380 0.0276046 0.0162184
5 0.4258485 0.4412380 0.0276046 0.0162184
27 0.2163048 0.4996241 0.0276046 0.0162183
9 0.2865710 0.4996241 0.0276046 0.0162183
22 0.4258485 0.4996241 0.0276046 0.0162183
19 0.5676356 0.4996241 0.0276046 0.0162183
34 0.6379018 0.4990835 0.0652472 0.0583861
6 0.6379018 0.4996241 0.0276046 0.0162183
3 0.2163048 0.5580102 0.0276046 0.0162183
26 0.4258485 0.5580102 0.0276046 0.0162183
17 0.5676356 0.5580102 0.0276046 0.0162183
1 0.2163048 0.6163962 0.0276046 0.0162183
2 0.3568371 0.6163962 0.0276046 0.0162183
4 0.4973695 0.6163962 0.0276046 0.0162183
23 0.5676356 0.6163962 0.0276046 0.0162183
14 0.3568371 0.6747823 0.0276046 0.0162183
16 0.4258485 0.6747823 0.0276046 0.0162183
24 0.4973695 0.6747823 0.0276046 0.0162183
10 0.5676356 0.6747823 0.0276046 0.0162183
29 0.3568371 0.5580102 0.0276046 0.0162183
14 0.6379018 0.6163962 0.0276046 0.0162183
18 0.4973695 0.4412380 0.0276046 0.0162184
21 0.6379018 0.6747823 0.0276046 0.0162183
17 0.2865710 0.5580102 0.0276046 0.0162183
17 0.2865710 0.3828519 0.0276046 0.0162184
9 0.3568371 0.4996241 0.0276046 0.0162183
15 0.2163048 0.6747823 0.0276046 0.0162183
14 0.4258485 0.3828519 0.0276046 0.0162184
7 0.6379018 0.4412380 0.0276046 0.0162184
12 0.5676356 0.4412380 0.0276046 0.0162184
9 0.4258485 0.6163962 0.0276046 0.0162183
28 0.4973695 0.5580102 0.0276046 0.0162183
16 0.5676356 0.3828519 0.0276046 0.0162184
30 0.4973695 0.3828519 0.0276046 0.0162184
18 0.2865710 0.6747823 0.0276046 0.0162183
2 0.4973695 0.4996241 0.0276046 0.0162183
