14 0.7396263 0.2729529 0.0275317 0.0168104
26 0.5982133 0.5755396 0.0275317 0.0168104
32 0.6013419 0.3990307 0.5068343 0.4303454
7 0.4593031 0.2729529 0.0275317 0.0168104
33 0.5293839 0.2723926 0.0650750 0.0605173
9 0.5293839 0.2729529 0.0275317 0.0168104
17 0.5982133 0.2729529 0.0275317 0.0168104
11 0.6695454 0.2729529 0.0275317 0.0168104
13 0.8097070 0.2729529 0.0275317 0.0168104
4 0.5293839 0.3334703 0.0275317 0.0168103
10 0.4593031 0.3939876 0.0275317 0.0168104
15 0.5293839 0.3939876 0.0275317 0.0168104
31 0.5982133 0.3939876 0.0275317 0.0168104
9 0.8097070 0.3939876 0.0275317 0.0168104
14 0.3892223 0.4545049 0.0275317 0.0168104
29 0.8097070 0.4545049 0.0275317 0.0168104
26 0.3892223 0.5150222 0.0275317 0.0168104
19 0.4593031 0.5150222 0.0275317 0.0168104
21 0.5982133 0.5150222 0.0275317 0.0168104
27 0.6695454 0.5150222 0.0275317 0.0168104
6 0.8097070 0.5150222 0.0275317 0.0168104
16 0.3892223 0.5755396 0.0275317 0.0168104
24 0.4593031 0.5755396 0.0275317 0.0168104
30 0.5293839 0.5755396 0.0275317 0.0168104
1 0.6695454 0.5755396 0.0275317 0.0168104
2 0.7396263 0.5755396 0.0275317 0.0168104
12 0.8097070 0.5755396 0.0275317 0.0168104
11 0.7396263 0.4545049 0.0275317 0.0168104
18 0.4593031 0.4545049 0.0275317 0.0168104
2 0.6695454 0.4545049 0.0275317 0.0168104
7 0.7396263 0.3939876 0.0275317 0.0168104
15 0.7396263 0.5150222 0.0275317 0.0168104
7 0.5982133 0.3334703 0.0275317 0.0168103
18 0.3892223 0.2729529 0.0275317 0.0168104
11 0.6695454 0.3939876 0.0275317 0.0168104
26 0.7396263 0.3334703 0.0275317 0.0168103
8 0.8097070 0.3334703 0.0275317 0.0168103
7 0.3892223 0.3939876 0.0275317 0.0168104
2 0.6695454 0.3334703 0.0275317 0.0168103
29 0.5293839 0.4545049 0.0275317 0.0168104
28 0.3892223 0.3334703 0.0275317 0.0168103
11 0.5293839 0.5150222 0.0275317 0.0168104
17 0.5982133 0.4545049 0.0275317 0.0168104
31 0.4593031 0.3334703 0.0275317 0.0168103
