5 0.4299259 0.8073851 0.0273043 0.0165358
28 0.7079337 0.8073851 0.0273044 0.0165358
32 0.5707915 0.6337598 0.5026480 0.4233152
33 0.4293053 0.5091904 0.0632964 0.0595287
6 0.4299259 0.5097416 0.0273043 0.0165357
16 0.6384317 0.5097416 0.0273043 0.0165357
29 0.7774356 0.5097416 0.0273044 0.0165357
26 0.3604240 0.5692703 0.0273043 0.0165357
25 0.4994279 0.5692703 0.0273043 0.0165357
23 0.5676887 0.5692703 0.0273043 0.0165357
1 0.6384317 0.5692703 0.0273043 0.0165357
5 0.7079337 0.5692703 0.0273044 0.0165357
2 0.3604240 0.6287990 0.0273043 0.0165358
7 0.4299259 0.6287990 0.0273043 0.0165358
30 0.5676887 0.6287990 0.0273043 0.0165358
21 0.6384317 0.6287990 0.0273043 0.0165358
31 0.3604240 0.6883277 0.0273043 0.0165358
11 0.4994279 0.6883277 0.0273043 0.0165358
27 0.5676887 0.6883277 0.0273043 0.0165358
18 0.6384317 0.6883277 0.0273043 0.0165358
4 0.7079337 0.6883277 0.0273044 0.0165358
22 0.4299259 0.7478564 0.0273043 0.0165357
24 0.4994279 0.7478564 0.0273043 0.0165357
3 0.5676887 0.7478564 0.0273043 0.0165357
17 0.4994279 0.8073851 0.0273043 0.0165358
14 0.5676887 0.8073851 0.0273043 0.0165358
15 0.6384317 0.8073851 0.0273043 0.0165358
9 0.3604240 0.5097416 0.0273043 0.0165357
1 0.7079337 0.5097416 0.0273044 0.0165357
30 0.7079337 0.7478564 0.0273044 0.0165357
1 0.7774356 0.7478564 0.0273044 0.0165357
30 0.3604240 0.8073851 0.0273043 0.0165358
30 0.4994279 0.6287990 0.0273043 0.0165358
19 0.7774356 0.6883277 0.0273044 0.0165358
19 0.7774356 0.5692703 0.0273044 0.0165357
31 0.4994279 0.5097416 0.0273043 0.0165357
3 0.5676887 0.5097416 0.0273043 0.0165357
13 0.4299259 0.6883277 0.0273043 0.0165358
9 0.4299259 0.5692703 0.0273043 0.0165357
31 0.7774356 0.6287990 0.0273044 0.0165358
19 0.7774356 0.8073851 0.0273044 0.0165358
19 0.7079337 0.6287990 0.0273044 0.0165358
6 0.3604240 0.7478564 0.0273043 0.0165357
4 0.6384317 0.7478564 0.0273043 0.0165357
