6 0.8034128 0.4706664 0.0264713 0.0164166
12 0.3991225 0.5297663 0.0264714 0.0164166
32 0.6030725 0.4755914 0.4873141 0.4202659
14 0.3991225 0.3524666 0.0264714 0.0164166
29 0.6000644 0.3524666 0.0264714 0.0164166
2 0.6686494 0.3524666 0.0264714 0.0164166
16 0.7360310 0.3524666 0.0264713 0.0164166
1 0.8034128 0.3524666 0.0264713 0.0164166
23 0.3991225 0.4115665 0.0264714 0.0164167
20 0.5338860 0.4115665 0.0264714 0.0164167
3 0.6686494 0.4115665 0.0264714 0.0164167
26 0.7360310 0.4115665 0.0264713 0.0164167
12 0.4665042 0.4706664 0.0264714 0.0164166
9 0.6000644 0.4706664 0.0264714 0.0164166
19 0.6686494 0.4706664 0.0264714 0.0164166
31 0.7360310 0.4706664 0.0264713 0.0164166
13 0.5338860 0.5297663 0.0264714 0.0164166
7 0.6000644 0.5297663 0.0264714 0.0164166
8 0.6686494 0.5297663 0.0264714 0.0164166
18 0.3991225 0.5888662 0.0264714 0.0164166
33 0.4659026 0.5883190 0.0613655 0.0590999
6 0.4665042 0.5888662 0.0264714 0.0164166
21 0.5338860 0.5888662 0.0264714 0.0164166
5 0.6000644 0.5888662 0.0264714 0.0164166
22 0.6686494 0.5888662 0.0264714 0.0164166
30 0.8034128 0.5888662 0.0264713 0.0164166
27 0.8034128 0.6479660 0.0264713 0.0164166
28 0.5338860 0.6479660 0.0264714 0.0164166
2 0.7360310 0.5888662 0.0264713 0.0164166
17 0.5338860 0.3524666 0.0264714 0.0164166
7 0.6000644 0.6479660 0.0264714 0.0164166
6 0.8034128 0.4115665 0.0264713 0.0164167
14 0.4665042 0.4115665 0.0264714 0.0164167
3 0.7360310 0.6479660 0.0264713 0.0164166
19 0.7360310 0.5297663 0.0264713 0.0164166
15 0.4665042 0.6479660 0.0264714 0.0164166
28 0.4665042 0.5297663 0.0264714 0.0164166
14 0.3991225 0.4706664 0.0264714 0.0164166
5 0.6000644 0.4115665 0.0264714 0.0164167
8 0.6686494 0.6479660 0.0264714 0.0164166
19 0.5338860 0.4706664 0.0264714 0.0164166
8 0.4665042 0.3524666 0.0264714 0.0164166
13 0.8034128 0.5297663 0.0264713 0.0164166
14 0.3991225 0.6479660 0.0264714 0.0164166
