16 0.4853610 0.2151560 0.0271212 0.0171925
27 0.4163251 0.3389420 0.0271213 0.0171925
32 0.5562461 0.3440997 0.4992778 0.4401280
11 0.3472891 0.2151560 0.0271213 0.0171925
31 0.6234328 0.2151560 0.0271212 0.0171925
21 0.6924688 0.2151560 0.0271213 0.0171925
30 0.3472891 0.2770490 0.0271213 0.0171925
25 0.4853610 0.2770490 0.0271212 0.0171925
34 0.5531641 0.2764759 0.0641048 0.0618930
9 0.5531641 0.2770490 0.0271213 0.0171925
12 0.3472891 0.3389420 0.0271213 0.0171925
23 0.5531641 0.3389420 0.0271213 0.0171925
6 0.6924688 0.3389420 0.0271213 0.0171925
1 0.7615047 0.3389420 0.0271213 0.0171925
24 0.3472891 0.4008350 0.0271213 0.0171925
16 0.4163251 0.4008350 0.0271213 0.0171925
10 0.5531641 0.4008350 0.0271213 0.0171925
8 0.6234328 0.4008350 0.0271212 0.0171925
27 0.4163251 0.4627280 0.0271213 0.0171925
5 0.4853610 0.4627280 0.0271212 0.0171925
14 0.5531641 0.4627280 0.0271213 0.0171925
20 0.7615047 0.4627280 0.0271213 0.0171925
18 0.3472891 0.5246210 0.0271213 0.0171925
2 0.5531641 0.5246210 0.0271213 0.0171925
7 0.6234328 0.5246210 0.0271212 0.0171925
17 0.6924688 0.5246210 0.0271213 0.0171925
9 0.7615047 0.5246210 0.0271213 0.0171925
28 0.5531641 0.2151560 0.0271213 0.0171925
1 0.4163251 0.2151560 0.0271213 0.0171925
1 0.7615047 0.2770490 0.0271213 0.0171925
27 0.4853610 0.5246210 0.0271212 0.0171925
15 0.6234328 0.3389420 0.0271212 0.0171925
5 0.4163251 0.5246210 0.0271213 0.0171925
4 0.7615047 0.2151560 0.0271213 0.0171925
30 0.4853610 0.3389420 0.0271212 0.0171925
11 0.4163251 0.2770490 0.0271213 0.0171925
12 0.4853610 0.4008350 0.0271212 0.0171925
14 0.3472891 0.4627280 0.0271213 0.0171925
4 0.6924688 0.4627280 0.0271213 0.0171925
18 0.7615047 0.4008350 0.0271213 0.0171925
25 0.6924688 0.2770490 0.0271213 0.0171925
1 0.6924688 0.4008350 0.0271213 0.0171925
6 0.6234328 0.4627280 0.0271212 0.0171925
9 0.6234328 0.2770490 0.0271212 0.0171925
