11 0.4096323 0.6839712 0.0278094 0.0167438
22 0.6232595 0.5031388 0.0278094 0.0167437
32 0.4127925 0.5684393 0.5119467 0.4286400
13 0.3401087 0.4428613 0.0278094 0.0167437
18 0.4096323 0.4428613 0.0278094 0.0167437
24 0.4816841 0.4428613 0.0278094 0.0167437
6 0.1985334 0.5031388 0.0278094 0.0167437
5 0.3401087 0.5031388 0.0278094 0.0167437
23 0.5524718 0.5031388 0.0278094 0.0167437
25 0.2693211 0.5634162 0.0278094 0.0167438
1 0.4096323 0.5634162 0.0278094 0.0167438
31 0.5524718 0.5634162 0.0278094 0.0167438
22 0.6232595 0.5634162 0.0278094 0.0167438
17 0.1985334 0.6236937 0.0278094 0.0167438
9 0.3401087 0.6236937 0.0278094 0.0167438
16 0.4096323 0.6236937 0.0278094 0.0167438
21 0.6232595 0.6236937 0.0278094 0.0167438
12 0.2693211 0.6839712 0.0278094 0.0167438
27 0.3401087 0.6839712 0.0278094 0.0167438
4 0.4816841 0.6839712 0.0278094 0.0167438
3 0.5524718 0.6839712 0.0278094 0.0167438
8 0.6232595 0.6839712 0.0278094 0.0167438
20 0.2693211 0.7442487 0.0278094 0.0167437
15 0.3401087 0.7442487 0.0278094 0.0167437
11 0.4816841 0.7442487 0.0278094 0.0167437
34 0.5518398 0.7436906 0.0644674 0.0602775
30 0.5524718 0.7442487 0.0278094 0.0167437
21 0.5524718 0.4428613 0.0278094 0.0167437
18 0.1985334 0.4428613 0.0278094 0.0167437
4 0.2693211 0.5031388 0.0278094 0.0167437
30 0.6232595 0.7442487 0.0278094 0.0167437
14 0.5524718 0.6236937 0.0278094 0.0167438
9 0.3401087 0.5634162 0.0278094 0.0167438
16 0.4816841 0.5634162 0.0278094 0.0167438
2 0.1985334 0.6839712 0.0278094 0.0167438
24 0.2693211 0.6236937 0.0278094 0.0167438
18 0.4816841 0.5031388 0.0278094 0.0167437
11 0.6232595 0.4428613 0.0278094 0.0167437
13 0.1985334 0.7442487 0.0278094 0.0167437
9 0.4096323 0.5031388 0.0278094 0.0167437
4 0.4816841 0.6236937 0.0278094 0.0167438
4 0.2693211 0.4428613 0.0278094 0.0167437
30 0.4096323 0.7442487 0.0278094 0.0167437
29 0.1985334 0.5634162 0.0278094 0.0167438
