5 0.5220568 0.5670471 0.0277985 0.0174710
17 0.3818008 0.6299427 0.0277985 0.0174710
32 0.5252157 0.4464972 0.5117446 0.4472577
26 0.3110411 0.3154646 0.0277985 0.0174710
18 0.3818008 0.3154646 0.0277985 0.0174710
22 0.5220568 0.3154646 0.0277985 0.0174710
31 0.5940801 0.3154646 0.0277985 0.0174710
12 0.6648399 0.3154646 0.0277985 0.0174710
2 0.3110411 0.3783603 0.0277985 0.0174710
1 0.5940801 0.3783603 0.0277985 0.0174710
4 0.7355997 0.3783603 0.0277985 0.0174710
3 0.4525607 0.4412559 0.0277985 0.0174710
13 0.5940801 0.4412559 0.0277985 0.0174710
24 0.6648399 0.4412559 0.0277985 0.0174710
27 0.7355997 0.4412559 0.0277985 0.0174710
34 0.3110411 0.5035691 0.0657055 0.0628956
26 0.3110411 0.5041515 0.0277985 0.0174710
8 0.3818008 0.5041515 0.0277985 0.0174710
14 0.4525607 0.5041515 0.0277985 0.0174710
23 0.6648399 0.5041515 0.0277985 0.0174710
10 0.7355997 0.5041515 0.0277985 0.0174710
19 0.3818008 0.5670471 0.0277985 0.0174710
16 0.5940801 0.5670471 0.0277985 0.0174710
25 0.6648399 0.5670471 0.0277985 0.0174710
20 0.7355997 0.5670471 0.0277985 0.0174710
5 0.5220568 0.6299427 0.0277985 0.0174710
9 0.6648399 0.6299427 0.0277985 0.0174710
9 0.3110411 0.5670471 0.0277985 0.0174710
22 0.3110411 0.4412559 0.0277985 0.0174710
2 0.4525607 0.3154646 0.0277985 0.0174710
5 0.5940801 0.5041515 0.0277985 0.0174710
10 0.4525607 0.6299427 0.0277985 0.0174710
27 0.5940801 0.6299427 0.0277985 0.0174710
22 0.3818008 0.3783603 0.0277985 0.0174710
18 0.7355997 0.6299427 0.0277985 0.0174710
14 0.3818008 0.4412559 0.0277985 0.0174710
24 0.6648399 0.3783603 0.0277985 0.0174710
10 0.5220568 0.4412559 0.0277985 0.0174710
18 0.5220568 0.3783603 0.0277985 0.0174710
21 0.3110411 0.6299427 0.0277985 0.0174710
8 0.5220568 0.5041515 0.0277985 0.0174710
4 0.4525607 0.5670471 0.0277985 0.0174710
30 0.4525607 0.3783603 0.0277985 0.0174710
13 0.7355997 0.3154646 0.0277985 0.0174710
