15 0.3379610 0.4438408 0.0278901 0.0170693
7 0.6929253 0.5052902 0.0278901 0.0170693
32 0.5528411 0.5718604 0.5134304 0.4369735
2 0.4089539 0.4438408 0.0278901 0.0170693
23 0.4799467 0.4438408 0.0278900 0.0170693
14 0.5496718 0.4438408 0.0278900 0.0170693
10 0.6929253 0.4438408 0.0278901 0.0170693
6 0.7639180 0.4438408 0.0278901 0.0170693
29 0.4089539 0.5052902 0.0278901 0.0170693
33 0.4799467 0.5047213 0.0659219 0.0614494
9 0.4799467 0.5052902 0.0278900 0.0170693
16 0.5496718 0.5052902 0.0278900 0.0170693
4 0.6219324 0.5052902 0.0278900 0.0170693
25 0.7639180 0.5052902 0.0278901 0.0170693
21 0.3379610 0.5667396 0.0278901 0.0170692
24 0.4799467 0.5667396 0.0278900 0.0170692
17 0.6219324 0.5667396 0.0278900 0.0170692
1 0.3379610 0.6281890 0.0278901 0.0170692
9 0.4089539 0.6281890 0.0278901 0.0170692
27 0.4799467 0.6281890 0.0278900 0.0170692
18 0.6929253 0.6281890 0.0278901 0.0170692
3 0.5496718 0.6896384 0.0278900 0.0170693
8 0.3379610 0.7510878 0.0278901 0.0170693
7 0.4089539 0.7510878 0.0278901 0.0170693
22 0.4799467 0.7510878 0.0278900 0.0170693
26 0.5496718 0.7510878 0.0278900 0.0170693
31 0.7639180 0.7510878 0.0278901 0.0170693
9 0.6929253 0.6896384 0.0278901 0.0170693
31 0.7639180 0.5667396 0.0278901 0.0170692
3 0.3379610 0.6896384 0.0278901 0.0170693
1 0.7639180 0.6281890 0.0278901 0.0170692
30 0.4089539 0.6896384 0.0278901 0.0170693
16 0.7639180 0.6896384 0.0278901 0.0170693
6 0.6929253 0.5667396 0.0278901 0.0170692
22 0.4089539 0.5667396 0.0278901 0.0170692
8 0.6929253 0.7510878 0.0278901 0.0170693
9 0.6219324 0.6281890 0.0278900 0.0170692
5 0.6219324 0.7510878 0.0278900 0.0170693
12 0.3379610 0.5052902 0.0278901 0.0170693
2 0.5496718 0.6281890 0.0278900 0.0170692
12 0.4799467 0.6896384 0.0278900 0.0170693
16 0.6219324 0.6896384 0.0278900 0.0170693
19 0.5496718 0.5667396 0.0278900 0.0170692
26 0.6219324 0.4438408 0.0278900 0.0170693
