31 0.1344139 0.3077987 0.0268003 0.0167429
10 0.0661949 0.4886216 0.0268003 0.0167429
32 0.2726792 0.4333701 0.4933695 0.4286172
18 0.2026329 0.3077987 0.0268003 0.0167429
24 0.2696337 0.3077987 0.0268003 0.0167429
30 0.3390709 0.3077987 0.0268003 0.0167429
20 0.4072899 0.3077987 0.0268003 0.0167429
7 0.4755089 0.3077987 0.0268003 0.0167429
4 0.1344139 0.3680729 0.0268003 0.0167429
22 0.2026329 0.3680729 0.0268003 0.0167429
13 0.1344139 0.4283472 0.0268003 0.0167429
14 0.3390709 0.4283472 0.0268003 0.0167429
27 0.4072899 0.4283472 0.0268003 0.0167429
23 0.4755089 0.4283472 0.0268003 0.0167429
10 0.1344139 0.4886216 0.0268003 0.0167429
3 0.0661949 0.5488958 0.0268003 0.0167428
21 0.1344139 0.5488958 0.0268003 0.0167428
8 0.2026329 0.5488958 0.0268003 0.0167428
15 0.2696337 0.5488958 0.0268003 0.0167428
25 0.3390709 0.5488958 0.0268003 0.0167428
12 0.4072899 0.5488958 0.0268003 0.0167428
31 0.0661949 0.6091701 0.0268003 0.0167429
6 0.2026329 0.6091701 0.0268003 0.0167429
19 0.3390709 0.6091701 0.0268003 0.0167429
33 0.4066808 0.6086121 0.0621280 0.0602743
18 0.4072899 0.6091701 0.0268003 0.0167429
16 0.2696337 0.4886216 0.0268003 0.0167429
27 0.2696337 0.4283472 0.0268003 0.0167429
5 0.0661949 0.4283472 0.0268003 0.0167429
30 0.4072899 0.4886216 0.0268003 0.0167429
12 0.2696337 0.3680729 0.0268003 0.0167429
3 0.0661949 0.3077987 0.0268003 0.0167429
16 0.1344139 0.6091701 0.0268003 0.0167429
17 0.3390709 0.4886216 0.0268003 0.0167429
17 0.2696337 0.6091701 0.0268003 0.0167429
10 0.2026329 0.4283472 0.0268003 0.0167429
11 0.4755089 0.6091701 0.0268003 0.0167429
3 0.4755089 0.4886216 0.0268003 0.0167429
1 0.4072899 0.3680729 0.0268003 0.0167429
6 0.4755089 0.3680729 0.0268003 0.0167429
16 0.0661949 0.3680729 0.0268003 0.0167429
6 0.3390709 0.3680729 0.0268003 0.0167429
11 0.2026329 0.4886216 0.0268003 0.0167429
2 0.4755089 0.5488958 0.0268003 0.0167428
