12 0.6352930 0.4524131 0.0282592 0.0172280
13 0.2756303 0.5144338 0.0282592 0.0172280
32 0.4933547 0.5816230 0.5202264 0.4410365
12 0.4194954 0.4524131 0.0282592 0.0172280
29 0.5633604 0.4524131 0.0282592 0.0172280
18 0.7072255 0.4524131 0.0282592 0.0172280
23 0.3475629 0.5144338 0.0282592 0.0172280
5 0.4194954 0.5144338 0.0282592 0.0172280
10 0.4901434 0.5144338 0.0282592 0.0172280
16 0.7072255 0.5144338 0.0282592 0.0172280
6 0.2756303 0.5764545 0.0282592 0.0172280
25 0.4901434 0.5764545 0.0282592 0.0172280
34 0.5627182 0.5758803 0.0680790 0.0620208
26 0.5633604 0.5764545 0.0282592 0.0172280
3 0.7072255 0.5764545 0.0282592 0.0172280
7 0.3475629 0.6384753 0.0282592 0.0172280
26 0.4194954 0.6384753 0.0282592 0.0172280
27 0.4901434 0.6384753 0.0282592 0.0172280
8 0.5633604 0.6384753 0.0282592 0.0172280
19 0.4194954 0.7004961 0.0282592 0.0172280
24 0.6352930 0.7004961 0.0282592 0.0172280
20 0.7072255 0.7004961 0.0282592 0.0172280
31 0.2756303 0.7625168 0.0282592 0.0172280
2 0.3475629 0.7625168 0.0282592 0.0172280
15 0.5633604 0.7625168 0.0282592 0.0172280
11 0.7072255 0.7625168 0.0282592 0.0172280
10 0.6352930 0.6384753 0.0282592 0.0172280
16 0.4901434 0.7625168 0.0282592 0.0172280
3 0.3475629 0.5764545 0.0282592 0.0172280
20 0.4194954 0.7625168 0.0282592 0.0172280
12 0.6352930 0.5764545 0.0282592 0.0172280
6 0.7072255 0.6384753 0.0282592 0.0172280
4 0.4194954 0.5764545 0.0282592 0.0172280
10 0.6352930 0.5144338 0.0282592 0.0172280
8 0.3475629 0.7004961 0.0282592 0.0172280
2 0.2756303 0.4524131 0.0282592 0.0172280
6 0.2756303 0.6384753 0.0282592 0.0172280
9 0.3475629 0.4524131 0.0282592 0.0172280
20 0.5633604 0.7004961 0.0282592 0.0172280
15 0.5633604 0.5144338 0.0282592 0.0172280
21 0.4901434 0.7004961 0.0282592 0.0172280
20 0.2756303 0.7004961 0.0282592 0.0172280
14 0.6352930 0.7625168 0.0282592 0.0172280
7 0.4901434 0.4524131 0.0282592 0.0172280
