24 0.6903202 0.2911068 0.0282341 0.0160311
25 0.5465833 0.4065302 0.0282341 0.0160310
32 0.6203768 0.3536278 0.5197631 0.4103945
21 0.4028463 0.2333950 0.0282341 0.0160311
30 0.4747148 0.2333950 0.0282340 0.0160311
6 0.6171684 0.2333950 0.0282341 0.0160311
31 0.6903202 0.2333950 0.0282341 0.0160311
1 0.7621886 0.2333950 0.0282341 0.0160311
19 0.8340572 0.2333950 0.0282340 0.0160311
24 0.4028463 0.2911068 0.0282341 0.0160311
4 0.4747148 0.2911068 0.0282340 0.0160311
17 0.5465833 0.2911068 0.0282341 0.0160311
27 0.6171684 0.2911068 0.0282341 0.0160311
5 0.8340572 0.2911068 0.0282340 0.0160311
13 0.6903202 0.3488185 0.0282341 0.0160310
18 0.8340572 0.3488185 0.0282340 0.0160310
7 0.4747148 0.4065302 0.0282340 0.0160310
29 0.6171684 0.4065302 0.0282341 0.0160310
25 0.8340572 0.4065302 0.0282340 0.0160310
11 0.6171684 0.4642419 0.0282341 0.0160310
2 0.7621886 0.4642419 0.0282341 0.0160310
20 0.4028463 0.5219536 0.0282341 0.0160310
14 0.5465833 0.5219536 0.0282341 0.0160310
15 0.6171684 0.5219536 0.0282341 0.0160310
34 0.8340572 0.5214193 0.0667350 0.0577117
22 0.8340572 0.5219536 0.0282340 0.0160310
7 0.4028463 0.3488185 0.0282341 0.0160310
6 0.5465833 0.4642419 0.0282341 0.0160310
12 0.6903202 0.4642419 0.0282341 0.0160310
13 0.4747148 0.5219536 0.0282340 0.0160310
30 0.5465833 0.3488185 0.0282341 0.0160310
9 0.6903202 0.4065302 0.0282341 0.0160310
9 0.8340572 0.4642419 0.0282340 0.0160310
6 0.4747148 0.4642419 0.0282340 0.0160310
12 0.5465833 0.2333950 0.0282341 0.0160311
19 0.7621886 0.5219536 0.0282341 0.0160310
29 0.6171684 0.3488185 0.0282341 0.0160310
2 0.7621886 0.2911068 0.0282341 0.0160311
24 0.6903202 0.5219536 0.0282341 0.0160310
3 0.7621886 0.3488185 0.0282341 0.0160310
21 0.4747148 0.3488185 0.0282340 0.0160310
19 0.4028463 0.4642419 0.0282341 0.0160310
5 0.7621886 0.4065302 0.0282341 0.0160310
15 0.4028463 0.4065302 0.0282341 0.0160310
