27 0.5582098 0.4340920 0.0263980 0.0162095
11 0.2894295 0.4340920 0.0263981 0.0162095
32 0.3584244 0.4973089 0.4859645 0.4149621
11 0.1550393 0.3757380 0.0263981 0.0162094
21 0.2894295 0.3757380 0.0263981 0.0162094
5 0.3554246 0.3757380 0.0263981 0.0162094
3 0.4238196 0.3757380 0.0263981 0.0162094
9 0.4910147 0.3757380 0.0263980 0.0162094
20 0.5582098 0.3757380 0.0263980 0.0162094
25 0.1550393 0.4340920 0.0263981 0.0162095
22 0.2222344 0.4340920 0.0263980 0.0162095
34 0.4232197 0.4335517 0.0635954 0.0583541
6 0.4238196 0.4340920 0.0263981 0.0162095
17 0.2222344 0.4924461 0.0263980 0.0162094
1 0.2894295 0.4924461 0.0263981 0.0162094
2 0.3554246 0.4924461 0.0263981 0.0162094
13 0.4238196 0.4924461 0.0263981 0.0162094
27 0.2222344 0.5508001 0.0263980 0.0162094
15 0.4238196 0.5508001 0.0263981 0.0162094
4 0.4910147 0.5508001 0.0263980 0.0162094
29 0.2222344 0.6091542 0.0263980 0.0162095
23 0.3554246 0.6091542 0.0263981 0.0162095
12 0.4238196 0.6091542 0.0263981 0.0162095
24 0.1550393 0.6675082 0.0263981 0.0162094
19 0.2222344 0.6675082 0.0263980 0.0162094
26 0.4910147 0.6675082 0.0263980 0.0162094
16 0.5582098 0.4924461 0.0263980 0.0162094
16 0.1550393 0.6091542 0.0263981 0.0162095
1 0.3554246 0.4340920 0.0263981 0.0162095
22 0.4910147 0.4340920 0.0263980 0.0162095
2 0.2894295 0.6675082 0.0263981 0.0162094
24 0.5582098 0.5508001 0.0263980 0.0162094
15 0.2222344 0.3757380 0.0263980 0.0162094
28 0.4910147 0.4924461 0.0263980 0.0162094
28 0.2894295 0.5508001 0.0263981 0.0162094
3 0.5582098 0.6091542 0.0263980 0.0162095
8 0.5582098 0.6675082 0.0263980 0.0162094
31 0.4910147 0.6091542 0.0263980 0.0162095
15 0.2894295 0.6091542 0.0263981 0.0162095
6 0.3554246 0.5508001 0.0263981 0.0162094
9 0.1550393 0.4924461 0.0263981 0.0162094
7 0.1550393 0.5508001 0.0263981 0.0162094
26 0.3554246 0.6675082 0.0263981 0.0162094
20 0.4238196 0.6675082 0.0263981 0.0162094
