13 0.2013099 0.5362906 0.0275388 0.0170483
29 0.3402557 0.7204130 0.0275388 0.0170484
32 0.3433851 0.5414051 0.5069641 0.4364386
25 0.2013099 0.4135422 0.0275388 0.0170484
1 0.2714087 0.4135422 0.0275388 0.0170484
19 0.3402557 0.4135422 0.0275388 0.0170484
6 0.4116061 0.4135422 0.0275388 0.0170484
24 0.5518036 0.4135422 0.0275388 0.0170484
26 0.1312112 0.4749164 0.0275388 0.0170483
10 0.2013099 0.4749164 0.0275388 0.0170483
8 0.3402557 0.4749164 0.0275388 0.0170483
29 0.4817049 0.4749164 0.0275388 0.0170483
15 0.2714087 0.5362906 0.0275388 0.0170483
4 0.1312112 0.5976647 0.0275388 0.0170483
3 0.2013099 0.5976647 0.0275388 0.0170483
14 0.3402557 0.5976647 0.0275388 0.0170483
17 0.4116061 0.5976647 0.0275388 0.0170483
12 0.1312112 0.6590389 0.0275388 0.0170484
11 0.2013099 0.6590389 0.0275388 0.0170484
31 0.2714087 0.6590389 0.0275388 0.0170484
5 0.4817049 0.6590389 0.0275388 0.0170484
2 0.1312112 0.7204130 0.0275388 0.0170484
21 0.2013099 0.7204130 0.0275388 0.0170484
33 0.2714087 0.7198448 0.0650917 0.0613742
5 0.2714087 0.7204130 0.0275388 0.0170484
7 0.5518036 0.7204130 0.0275388 0.0170484
9 0.4817049 0.5362906 0.0275388 0.0170483
22 0.2714087 0.5976647 0.0275388 0.0170483
26 0.4116061 0.5362906 0.0275388 0.0170483
19 0.1312112 0.4135422 0.0275388 0.0170484
2 0.4817049 0.4135422 0.0275388 0.0170484
11 0.4116061 0.7204130 0.0275388 0.0170484
26 0.4116061 0.6590389 0.0275388 0.0170484
11 0.3402557 0.6590389 0.0275388 0.0170484
15 0.5518036 0.6590389 0.0275388 0.0170484
30 0.1312112 0.5362906 0.0275388 0.0170483
26 0.5518036 0.5976647 0.0275388 0.0170483
12 0.4817049 0.7204130 0.0275388 0.0170484
13 0.4817049 0.5976647 0.0275388 0.0170483
19 0.5518036 0.4749164 0.0275388 0.0170483
25 0.5518036 0.5362906 0.0275388 0.0170483
1 0.3402557 0.5362906 0.0275388 0.0170483
24 0.2714087 0.4749164 0.0275388 0.0170483
14 0.4116061 0.4749164 0.0275388 0.0170483
