27 0.1021277 0.3816821 0.0271250 0.0162926
29 0.4473548 0.6749482 0.0271250 0.0162925
32 0.3111134 0.5038763 0.4993464 0.4170897
3 0.1711731 0.3816821 0.0271250 0.0162926
17 0.3783094 0.3816821 0.0271250 0.0162926
33 0.4467384 0.3811389 0.0628806 0.0586532
16 0.4473548 0.3816821 0.0271250 0.0162926
26 0.2402185 0.4403353 0.0271250 0.0162926
5 0.3080310 0.4403353 0.0271250 0.0162926
18 0.4473548 0.4403353 0.0271250 0.0162926
20 0.1021277 0.4989885 0.0271250 0.0162926
21 0.2402185 0.4989885 0.0271250 0.0162926
31 0.3080310 0.4989885 0.0271250 0.0162926
29 0.3783094 0.4989885 0.0271250 0.0162926
16 0.5164003 0.4989885 0.0271250 0.0162926
25 0.1021277 0.5576417 0.0271250 0.0162926
2 0.1711731 0.5576417 0.0271250 0.0162926
6 0.3080310 0.5576417 0.0271250 0.0162926
14 0.3783094 0.5576417 0.0271250 0.0162926
4 0.5164003 0.5576417 0.0271250 0.0162926
27 0.3080310 0.6162950 0.0271250 0.0162926
12 0.3783094 0.6162950 0.0271250 0.0162926
9 0.4473548 0.6162950 0.0271250 0.0162926
11 0.5164003 0.6162950 0.0271250 0.0162926
24 0.1711731 0.6749482 0.0271250 0.0162925
8 0.3783094 0.6749482 0.0271250 0.0162925
26 0.1711731 0.6162950 0.0271250 0.0162926
31 0.3080310 0.3816821 0.0271250 0.0162926
19 0.1711731 0.4403353 0.0271250 0.0162926
16 0.1021277 0.6162950 0.0271250 0.0162926
26 0.1021277 0.4403353 0.0271250 0.0162926
20 0.2402185 0.3816821 0.0271250 0.0162926
30 0.3783094 0.4403353 0.0271250 0.0162926
3 0.4473548 0.5576417 0.0271250 0.0162926
14 0.5164003 0.6749482 0.0271250 0.0162925
1 0.2402185 0.5576417 0.0271250 0.0162926
25 0.2402185 0.6749482 0.0271250 0.0162925
13 0.1711731 0.4989885 0.0271250 0.0162926
15 0.2402185 0.6162950 0.0271250 0.0162926
12 0.5164003 0.4403353 0.0271250 0.0162926
27 0.3080310 0.6749482 0.0271250 0.0162925
28 0.1021277 0.6749482 0.0271250 0.0162925
21 0.4473548 0.4989885 0.0271250 0.0162926
19 0.5164003 0.3816821 0.0271250 0.0162926
