7 0.2798175 0.3453793 0.0287506 0.0174703
30 0.4261839 0.4711656 0.0287506 0.0174703
32 0.5013274 0.3506204 0.5292715 0.4472404
16 0.2798175 0.2195929 0.0287506 0.0174703
17 0.5725504 0.2195929 0.0287505 0.0174703
15 0.6457336 0.2195929 0.0287506 0.0174703
20 0.2798175 0.2824861 0.0287506 0.0174703
33 0.3523473 0.2819038 0.0666490 0.0628932
23 0.3530007 0.2824861 0.0287505 0.0174703
4 0.5725504 0.2824861 0.0287505 0.0174703
29 0.6457336 0.2824861 0.0287506 0.0174703
26 0.4261839 0.3453793 0.0287506 0.0174703
5 0.5725504 0.3453793 0.0287505 0.0174703
30 0.6457336 0.3453793 0.0287506 0.0174703
12 0.4261839 0.4082725 0.0287506 0.0174704
10 0.4980603 0.4082725 0.0287505 0.0174704
13 0.5725504 0.4082725 0.0287505 0.0174704
27 0.6457336 0.4082725 0.0287506 0.0174704
9 0.7189169 0.4082725 0.0287505 0.0174704
8 0.3530007 0.4711656 0.0287505 0.0174703
22 0.5725504 0.4711656 0.0287505 0.0174703
2 0.7189169 0.4711656 0.0287505 0.0174703
3 0.3530007 0.5340588 0.0287505 0.0174703
18 0.4261839 0.5340588 0.0287506 0.0174703
14 0.4980603 0.5340588 0.0287505 0.0174703
1 0.6457336 0.5340588 0.0287506 0.0174703
20 0.6457336 0.4711656 0.0287506 0.0174703
8 0.4261839 0.2195929 0.0287506 0.0174703
24 0.7189169 0.2195929 0.0287505 0.0174703
18 0.4980603 0.2195929 0.0287505 0.0174703
13 0.4980603 0.3453793 0.0287505 0.0174703
17 0.4261839 0.2824861 0.0287506 0.0174703
18 0.2798175 0.4082725 0.0287506 0.0174704
15 0.2798175 0.5340588 0.0287506 0.0174703
29 0.3530007 0.2195929 0.0287505 0.0174703
17 0.7189169 0.2824861 0.0287505 0.0174703
21 0.5725504 0.5340588 0.0287505 0.0174703
31 0.4980603 0.2824861 0.0287505 0.0174703
22 0.7189169 0.5340588 0.0287505 0.0174703
8 0.4980603 0.4711656 0.0287505 0.0174703
29 0.7189169 0.3453793 0.0287505 0.0174703
24 0.3530007 0.3453793 0.0287505 0.0174703
29 0.3530007 0.4082725 0.0287505 0.0174704
8 0.2798175 0.4711656 0.0287506 0.0174703
