25 0.5557244 0.6192504 0.0271608 0.0174611
21 0.4865878 0.5563903 0.0271608 0.0174611
32 0.6267130 0.4987686 0.5000058 0.4470045
14 0.4174512 0.3678103 0.0271608 0.0174611
22 0.4865878 0.3678103 0.0271608 0.0174611
33 0.6933804 0.3672283 0.0654329 0.0628600
17 0.6939977 0.3678103 0.0271608 0.0174611
6 0.4174512 0.4306703 0.0271608 0.0174611
3 0.5557244 0.4306703 0.0271608 0.0174611
11 0.6939977 0.4306703 0.0271608 0.0174611
2 0.7631342 0.4306703 0.0271608 0.0174611
10 0.4174512 0.4935303 0.0271608 0.0174611
5 0.4865878 0.4935303 0.0271608 0.0174611
16 0.6939977 0.4935303 0.0271608 0.0174611
20 0.6236265 0.5563903 0.0271608 0.0174611
7 0.6939977 0.5563903 0.0271608 0.0174611
15 0.8322709 0.5563903 0.0271608 0.0174611
23 0.4174512 0.6192504 0.0271608 0.0174611
21 0.4865878 0.6192504 0.0271608 0.0174611
30 0.6236265 0.6192504 0.0271608 0.0174611
17 0.7631342 0.6192504 0.0271608 0.0174611
9 0.8322709 0.6192504 0.0271608 0.0174611
31 0.4174512 0.6821103 0.0271608 0.0174611
12 0.4865878 0.6821103 0.0271608 0.0174611
24 0.6939977 0.6821103 0.0271608 0.0174611
8 0.7631342 0.6821103 0.0271608 0.0174611
15 0.4865878 0.4306703 0.0271608 0.0174611
4 0.6236265 0.6821103 0.0271608 0.0174611
3 0.7631342 0.4935303 0.0271608 0.0174611
18 0.6236265 0.4935303 0.0271608 0.0174611
19 0.7631342 0.5563903 0.0271608 0.0174611
8 0.8322709 0.4935303 0.0271608 0.0174611
17 0.5557244 0.4935303 0.0271608 0.0174611
25 0.5557244 0.3678103 0.0271608 0.0174611
8 0.8322709 0.6821103 0.0271608 0.0174611
5 0.6939977 0.6192504 0.0271608 0.0174611
13 0.8322709 0.4306703 0.0271608 0.0174611
6 0.6236265 0.3678103 0.0271608 0.0174611
17 0.5557244 0.6821103 0.0271608 0.0174611
28 0.6236265 0.4306703 0.0271608 0.0174611
14 0.5557244 0.5563903 0.0271608 0.0174611
11 0.4174512 0.5563903 0.0271608 0.0174611
8 0.8322709 0.3678103 0.0271608 0.0174611
22 0.7631342 0.3678103 0.0271608 0.0174611
