22 0.6255245 0.3984507 0.0284584 0.0166558
19 0.8441372 0.3984507 0.0284584 0.0166558
32 0.6287585 0.5233692 0.5238942 0.4263885
13 0.4819387 0.3984507 0.0284584 0.0166558
27 0.5543784 0.3984507 0.0284585 0.0166558
6 0.6992578 0.3984507 0.0284585 0.0166558
14 0.7716975 0.3984507 0.0284584 0.0166558
18 0.4094990 0.4584115 0.0284584 0.0166558
15 0.5543784 0.4584115 0.0284585 0.0166558
21 0.6255245 0.4584115 0.0284584 0.0166558
31 0.4819387 0.5183725 0.0284584 0.0166558
4 0.6255245 0.5183725 0.0284584 0.0166558
9 0.6992578 0.5183725 0.0284585 0.0166558
23 0.8441372 0.5183725 0.0284584 0.0166558
8 0.4094990 0.5783333 0.0284584 0.0166558
2 0.4819387 0.5783333 0.0284584 0.0166558
5 0.6992578 0.5783333 0.0284585 0.0166558
1 0.7716975 0.5783333 0.0284584 0.0166558
26 0.8441372 0.5783333 0.0284584 0.0166558
24 0.6255245 0.6382943 0.0284584 0.0166557
33 0.6986110 0.6377391 0.0685590 0.0599609
24 0.6992578 0.6382943 0.0284585 0.0166557
12 0.8441372 0.6382943 0.0284584 0.0166557
25 0.4819387 0.6982551 0.0284584 0.0166558
19 0.5543784 0.6982551 0.0284585 0.0166558
16 0.6255245 0.6982551 0.0284584 0.0166558
6 0.5543784 0.6382943 0.0284585 0.0166557
1 0.6255245 0.5783333 0.0284584 0.0166558
25 0.7716975 0.6382943 0.0284584 0.0166557
19 0.5543784 0.5783333 0.0284585 0.0166558
3 0.4819387 0.6382943 0.0284584 0.0166557
27 0.6992578 0.6982551 0.0284585 0.0166558
4 0.5543784 0.5183725 0.0284585 0.0166558
24 0.7716975 0.6982551 0.0284584 0.0166558
19 0.7716975 0.4584115 0.0284584 0.0166558
29 0.4819387 0.4584115 0.0284584 0.0166558
26 0.4094990 0.5183725 0.0284584 0.0166558
26 0.4094990 0.3984507 0.0284584 0.0166558
12 0.8441372 0.4584115 0.0284584 0.0166558
21 0.4094990 0.6982551 0.0284584 0.0166558
28 0.4094990 0.6382943 0.0284584 0.0166557
27 0.8441372 0.6982551 0.0284584 0.0166558
26 0.6992578 0.4584115 0.0284585 0.0166558
20 0.7716975 0.5183725 0.0284584 0.0166558
