25 0.8126682 0.5103013 0.0280226 0.0169666
13 0.8126682 0.3270617 0.0280226 0.0169667
32 0.6005887 0.4543115 0.5158691 0.4343459
10 0.4560180 0.3270617 0.0280225 0.0169667
29 0.5273480 0.3270617 0.0280225 0.0169667
11 0.5974043 0.3270617 0.0280225 0.0169667
30 0.6700081 0.3270617 0.0280225 0.0169667
15 0.3846879 0.3881416 0.0280225 0.0169666
33 0.4553811 0.3875760 0.0649613 0.0610799
29 0.4560180 0.3881416 0.0280225 0.0169666
24 0.6700081 0.3881416 0.0280225 0.0169666
26 0.7413382 0.3881416 0.0280225 0.0169666
7 0.8126682 0.3881416 0.0280226 0.0169666
8 0.3846879 0.4492215 0.0280225 0.0169667
17 0.5273480 0.4492215 0.0280225 0.0169667
13 0.6700081 0.4492215 0.0280225 0.0169667
14 0.5273480 0.5103013 0.0280225 0.0169666
16 0.7413382 0.5103013 0.0280225 0.0169666
18 0.3846879 0.5713813 0.0280225 0.0169666
23 0.5273480 0.5713813 0.0280225 0.0169666
25 0.6700081 0.5713813 0.0280225 0.0169666
5 0.8126682 0.5713813 0.0280226 0.0169666
2 0.3846879 0.6324611 0.0280225 0.0169667
19 0.4560180 0.6324611 0.0280225 0.0169667
22 0.5974043 0.6324611 0.0280225 0.0169667
3 0.8126682 0.6324611 0.0280226 0.0169667
11 0.5273480 0.6324611 0.0280225 0.0169667
8 0.5974043 0.5713813 0.0280225 0.0169666
11 0.5974043 0.3881416 0.0280225 0.0169666
10 0.4560180 0.5713813 0.0280225 0.0169666
28 0.8126682 0.4492215 0.0280226 0.0169667
30 0.6700081 0.6324611 0.0280225 0.0169667
19 0.5974043 0.4492215 0.0280225 0.0169667
18 0.5273480 0.3881416 0.0280225 0.0169666
13 0.4560180 0.4492215 0.0280225 0.0169667
28 0.7413382 0.5713813 0.0280225 0.0169666
14 0.3846879 0.3270617 0.0280225 0.0169667
17 0.7413382 0.3270617 0.0280225 0.0169667
31 0.4560180 0.5103013 0.0280225 0.0169666
22 0.6700081 0.5103013 0.0280225 0.0169666
12 0.3846879 0.5103013 0.0280225 0.0169666
1 0.5974043 0.5103013 0.0280225 0.0169666
31 0.7413382 0.4492215 0.0280225 0.0169667
16 0.7413382 0.6324611 0.0280225 0.0169667
