22 0.6710989 0.5053961 0.0279761 0.0163412
12 0.3862524 0.5053961 0.0279760 0.0163412
32 0.6017947 0.4514700 0.5150128 0.4183360
33 0.4568282 0.3283659 0.0648534 0.0588285
9 0.4574640 0.3289106 0.0279760 0.0163412
11 0.5286757 0.3289106 0.0279760 0.0163412
24 0.6710989 0.3289106 0.0279761 0.0163412
7 0.8135222 0.3289106 0.0279760 0.0163412
12 0.4574640 0.3877391 0.0279760 0.0163412
14 0.5286757 0.3877391 0.0279760 0.0163412
29 0.5986157 0.3877391 0.0279760 0.0163412
15 0.8135222 0.3877391 0.0279760 0.0163412
27 0.3862524 0.4465676 0.0279760 0.0163413
22 0.5286757 0.4465676 0.0279760 0.0163413
30 0.5986157 0.4465676 0.0279760 0.0163413
10 0.6710989 0.4465676 0.0279761 0.0163413
21 0.7423106 0.4465676 0.0279760 0.0163413
3 0.5286757 0.5053961 0.0279760 0.0163412
13 0.5986157 0.5053961 0.0279760 0.0163412
25 0.7423106 0.5053961 0.0279760 0.0163412
8 0.8135222 0.5053961 0.0279760 0.0163412
6 0.5986157 0.5642246 0.0279760 0.0163413
19 0.3862524 0.6230531 0.0279760 0.0163412
5 0.5286757 0.6230531 0.0279760 0.0163412
16 0.6710989 0.6230531 0.0279761 0.0163412
26 0.8135222 0.6230531 0.0279760 0.0163412
13 0.8135222 0.4465676 0.0279760 0.0163413
9 0.7423106 0.3877391 0.0279760 0.0163412
18 0.6710989 0.3877391 0.0279761 0.0163412
17 0.3862524 0.3877391 0.0279760 0.0163412
24 0.5986157 0.6230531 0.0279760 0.0163412
6 0.5286757 0.5642246 0.0279760 0.0163413
8 0.7423106 0.3289106 0.0279760 0.0163412
5 0.7423106 0.5642246 0.0279760 0.0163413
20 0.4574640 0.5642246 0.0279760 0.0163413
4 0.5986157 0.3289106 0.0279760 0.0163412
25 0.3862524 0.3289106 0.0279760 0.0163412
28 0.6710989 0.5642246 0.0279761 0.0163413
15 0.4574640 0.6230531 0.0279760 0.0163412
2 0.4574640 0.5053961 0.0279760 0.0163412
22 0.4574640 0.4465676 0.0279760 0.0163413
16 0.7423106 0.6230531 0.0279760 0.0163412
10 0.8135222 0.5642246 0.0279760 0.0163413
30 0.3862524 0.5642246 0.0279760 0.0163413
