3 0.6350903 0.6360723 0.0275909 0.0166089
19 0.3541648 0.5762805 0.0275909 0.0166088
32 0.5667401 0.4616796 0.5079232 0.4251862
25 0.3541648 0.3371133 0.0275909 0.0166089
19 0.5636048 0.3371133 0.0275909 0.0166089
13 0.3541648 0.3969051 0.0275909 0.0166089
3 0.4243962 0.3969051 0.0275909 0.0166089
31 0.4946276 0.3969051 0.0275909 0.0166089
26 0.5636048 0.3969051 0.0275909 0.0166089
18 0.6350903 0.3969051 0.0275909 0.0166089
16 0.7053217 0.3969051 0.0275909 0.0166089
22 0.4243962 0.4566969 0.0275909 0.0166088
11 0.7053217 0.4566969 0.0275909 0.0166088
30 0.7755530 0.4566969 0.0275909 0.0166088
24 0.4243962 0.5164887 0.0275909 0.0166088
15 0.4946276 0.5164887 0.0275909 0.0166088
27 0.6350903 0.5164887 0.0275909 0.0166088
4 0.7755530 0.5164887 0.0275909 0.0166088
33 0.4237691 0.5757269 0.0639607 0.0597918
29 0.4243962 0.5762805 0.0275909 0.0166088
1 0.5636048 0.5762805 0.0275909 0.0166088
21 0.6350903 0.5762805 0.0275909 0.0166088
6 0.7755530 0.5762805 0.0275909 0.0166088
17 0.4243962 0.6360723 0.0275909 0.0166089
5 0.4946276 0.6360723 0.0275909 0.0166089
29 0.7053217 0.6360723 0.0275909 0.0166089
24 0.3541648 0.5164887 0.0275909 0.0166088
27 0.5636048 0.6360723 0.0275909 0.0166089
13 0.6350903 0.4566969 0.0275909 0.0166088
16 0.7755530 0.6360723 0.0275909 0.0166089
16 0.4243962 0.3371133 0.0275909 0.0166089
28 0.5636048 0.5164887 0.0275909 0.0166088
8 0.7755530 0.3969051 0.0275909 0.0166089
24 0.7053217 0.5762805 0.0275909 0.0166088
1 0.4946276 0.4566969 0.0275909 0.0166088
16 0.3541648 0.4566969 0.0275909 0.0166088
1 0.3541648 0.6360723 0.0275909 0.0166089
8 0.6350903 0.3371133 0.0275909 0.0166089
22 0.4946276 0.5762805 0.0275909 0.0166088
5 0.7053217 0.3371133 0.0275909 0.0166089
12 0.4946276 0.3371133 0.0275909 0.0166089
18 0.7053217 0.5164887 0.0275909 0.0166088
1 0.7755530 0.3371133 0.0275909 0.0166089
21 0.5636048 0.4566969 0.0275909 0.0166088
