26 0.6261688 0.5259256 0.0277330 0.0165550
28 0.3437961 0.4663274 0.0277330 0.0165551
32 0.5574665 0.5308921 0.5105400 0.4238098
22 0.3437961 0.4067291 0.0277330 0.0165551
27 0.4849825 0.4067291 0.0277330 0.0165551
5 0.5543150 0.4067291 0.0277330 0.0165551
14 0.6261688 0.4067291 0.0277330 0.0165551
2 0.4849825 0.4663274 0.0277330 0.0165551
16 0.5543150 0.4663274 0.0277330 0.0165551
3 0.6261688 0.4663274 0.0277330 0.0165551
11 0.6967620 0.4663274 0.0277330 0.0165551
7 0.3437961 0.5259256 0.0277330 0.0165550
1 0.7673552 0.5259256 0.0277331 0.0165550
23 0.3437961 0.5855239 0.0277330 0.0165550
19 0.4849825 0.5855239 0.0277330 0.0165550
13 0.5543150 0.5855239 0.0277330 0.0165550
34 0.6961317 0.5849721 0.0642902 0.0595983
9 0.6967620 0.5855239 0.0277330 0.0165550
15 0.7673552 0.5855239 0.0277331 0.0165550
12 0.3437961 0.6451221 0.0277330 0.0165550
29 0.4849825 0.6451221 0.0277330 0.0165550
17 0.5543150 0.6451221 0.0277330 0.0165550
20 0.6261688 0.6451221 0.0277330 0.0165550
26 0.7673552 0.6451221 0.0277331 0.0165550
9 0.4849825 0.7047204 0.0277330 0.0165550
10 0.7673552 0.7047204 0.0277331 0.0165550
22 0.7673552 0.4067291 0.0277331 0.0165551
21 0.7673552 0.4663274 0.0277331 0.0165551
30 0.6967620 0.4067291 0.0277330 0.0165551
18 0.4143893 0.6451221 0.0277330 0.0165550
4 0.4143893 0.4663274 0.0277330 0.0165551
17 0.4143893 0.5259256 0.0277330 0.0165550
22 0.3437961 0.7047204 0.0277330 0.0165550
29 0.6967620 0.7047204 0.0277330 0.0165550
4 0.4143893 0.4067291 0.0277330 0.0165551
11 0.4849825 0.5259256 0.0277330 0.0165550
31 0.5543150 0.5259256 0.0277330 0.0165550
21 0.5543150 0.7047204 0.0277330 0.0165550
13 0.6261688 0.7047204 0.0277330 0.0165550
17 0.4143893 0.5855239 0.0277330 0.0165550
28 0.6967620 0.6451221 0.0277330 0.0165550
24 0.6261688 0.5855239 0.0277330 0.0165550
6 0.6967620 0.5259256 0.0277330 0.0165550
22 0.4143893 0.7047204 0.0277330 0.0165550
