19 0.3311428 0.7503653 0.0275550 0.0167118
30 0.4012829 0.4495532 0.0275550 0.0167118
32 0.2628814 0.5748916 0.5072633 0.4278218
22 0.0505824 0.4495532 0.0275550 0.0167118
33 0.1200962 0.4489961 0.0638776 0.0601624
20 0.1207225 0.4495532 0.0275550 0.0167118
11 0.3311428 0.4495532 0.0275550 0.0167118
5 0.4714230 0.4495532 0.0275550 0.0167118
10 0.0505824 0.5097156 0.0275550 0.0167118
27 0.3311428 0.5097156 0.0275550 0.0167118
24 0.4714230 0.5097156 0.0275550 0.0167118
25 0.0505824 0.5698780 0.0275550 0.0167118
20 0.1207225 0.5698780 0.0275550 0.0167118
1 0.2597502 0.5698780 0.0275550 0.0167118
19 0.3311428 0.5698780 0.0275550 0.0167118
31 0.0505824 0.6300405 0.0275550 0.0167118
7 0.1207225 0.6300405 0.0275550 0.0167118
23 0.1908626 0.6300405 0.0275550 0.0167118
29 0.2597502 0.6300405 0.0275550 0.0167118
21 0.3311428 0.6300405 0.0275550 0.0167118
2 0.4714230 0.6300405 0.0275550 0.0167118
8 0.0505824 0.6902029 0.0275550 0.0167117
18 0.1207225 0.6902029 0.0275550 0.0167117
14 0.0505824 0.7503653 0.0275550 0.0167118
6 0.4012829 0.7503653 0.0275550 0.0167118
12 0.4714230 0.7503653 0.0275550 0.0167118
26 0.2597502 0.5097156 0.0275550 0.0167118
24 0.1207225 0.7503653 0.0275550 0.0167118
9 0.1207225 0.5097156 0.0275550 0.0167118
8 0.4714230 0.6902029 0.0275550 0.0167117
6 0.4012829 0.6300405 0.0275550 0.0167118
3 0.4714230 0.5698780 0.0275550 0.0167118
22 0.2597502 0.6902029 0.0275550 0.0167117
27 0.1908626 0.6902029 0.0275550 0.0167117
16 0.1908626 0.5698780 0.0275550 0.0167118
31 0.4012829 0.5698780 0.0275550 0.0167118
2 0.3311428 0.6902029 0.0275550 0.0167117
5 0.1908626 0.4495532 0.0275550 0.0167118
13 0.2597502 0.7503653 0.0275550 0.0167118
9 0.2597502 0.4495532 0.0275550 0.0167118
18 0.1908626 0.7503653 0.0275550 0.0167118
8 0.1908626 0.5097156 0.0275550 0.0167118
10 0.4012829 0.6902029 0.0275550 0.0167117
14 0.4012829 0.5097156 0.0275550 0.0167118
