12 0.6817448 0.7380873 0.0272131 0.0172829
31 0.4726989 0.4892133 0.0272131 0.0172829
32 0.4757913 0.5566167 0.5009681 0.4424426
26 0.4046662 0.4269948 0.0272131 0.0172829
19 0.5432055 0.4269948 0.0272131 0.0172829
16 0.6124752 0.4892133 0.0272131 0.0172829
31 0.6817448 0.4892133 0.0272131 0.0172829
9 0.3353965 0.5514318 0.0272131 0.0172829
24 0.4046662 0.5514318 0.0272131 0.0172829
14 0.4726989 0.5514318 0.0272131 0.0172829
17 0.6124752 0.5514318 0.0272131 0.0172829
29 0.6817448 0.5514318 0.0272131 0.0172829
22 0.2661268 0.6136503 0.0272131 0.0172829
11 0.3353965 0.6136503 0.0272131 0.0172829
20 0.4726989 0.6136503 0.0272131 0.0172829
3 0.6817448 0.6136503 0.0272131 0.0172829
23 0.2661268 0.6758687 0.0272131 0.0172829
8 0.3353965 0.6758687 0.0272131 0.0172829
15 0.4726989 0.6758687 0.0272131 0.0172829
4 0.5432055 0.6758687 0.0272131 0.0172829
7 0.6124752 0.6758687 0.0272131 0.0172829
10 0.6817448 0.6758687 0.0272131 0.0172829
6 0.2661268 0.7380873 0.0272131 0.0172829
34 0.4046662 0.7375111 0.0643218 0.0622185
11 0.4046662 0.7380873 0.0272131 0.0172829
18 0.6124752 0.7380873 0.0272131 0.0172829
24 0.4046662 0.4892133 0.0272131 0.0172829
20 0.4726989 0.4269948 0.0272131 0.0172829
10 0.6817448 0.4269948 0.0272131 0.0172829
8 0.6124752 0.6136503 0.0272131 0.0172829
30 0.5432055 0.6136503 0.0272131 0.0172829
3 0.5432055 0.7380873 0.0272131 0.0172829
13 0.6124752 0.4269948 0.0272131 0.0172829
21 0.5432055 0.4892133 0.0272131 0.0172829
17 0.3353965 0.4892133 0.0272131 0.0172829
15 0.4046662 0.6758687 0.0272131 0.0172829
20 0.2661268 0.4892133 0.0272131 0.0172829
9 0.5432055 0.5514318 0.0272131 0.0172829
13 0.3353965 0.4269948 0.0272131 0.0172829
20 0.2661268 0.5514318 0.0272131 0.0172829
3 0.4726989 0.7380873 0.0272131 0.0172829
9 0.4046662 0.6136503 0.0272131 0.0172829
15 0.2661268 0.4269948 0.0272131 0.0172829
3 0.3353965 0.7380873 0.0272131 0.0172829
