1 0.2887754 0.6441116 0.0284270 0.0162024
3 0.3611350 0.5274542 0.0284270 0.0162024
32 0.4354329 0.5323150 0.5233152 0.4147818
21 0.5058543 0.4107968 0.0284270 0.0162024
23 0.5782139 0.4107968 0.0284270 0.0162024
16 0.2887754 0.4691255 0.0284270 0.0162024
30 0.4322025 0.4691255 0.0284270 0.0162024
18 0.6505735 0.4691255 0.0284270 0.0162024
34 0.2881293 0.5269141 0.0658990 0.0583287
23 0.2887754 0.5274542 0.0284270 0.0162024
26 0.4322025 0.5274542 0.0284270 0.0162024
1 0.5058543 0.5274542 0.0284270 0.0162024
8 0.2164157 0.5857829 0.0284270 0.0162025
10 0.2887754 0.5857829 0.0284270 0.0162025
5 0.4322025 0.5857829 0.0284270 0.0162025
13 0.5058543 0.5857829 0.0284270 0.0162025
14 0.5782139 0.5857829 0.0284270 0.0162025
15 0.3611350 0.6441116 0.0284270 0.0162024
6 0.4322025 0.6441116 0.0284270 0.0162024
27 0.5058543 0.6441116 0.0284270 0.0162024
24 0.5782139 0.6441116 0.0284270 0.0162024
7 0.2164157 0.7024403 0.0284270 0.0162025
17 0.3611350 0.7024403 0.0284270 0.0162025
20 0.4322025 0.7024403 0.0284270 0.0162025
3 0.5782139 0.7024403 0.0284270 0.0162025
25 0.6505735 0.7024403 0.0284270 0.0162025
20 0.4322025 0.4107968 0.0284270 0.0162024
14 0.6505735 0.5274542 0.0284270 0.0162024
31 0.2164157 0.6441116 0.0284270 0.0162024
26 0.2887754 0.7024403 0.0284270 0.0162025
12 0.5782139 0.4691255 0.0284270 0.0162024
7 0.3611350 0.4107968 0.0284270 0.0162024
15 0.6505735 0.4107968 0.0284270 0.0162024
17 0.5782139 0.5274542 0.0284270 0.0162024
7 0.3611350 0.5857829 0.0284270 0.0162025
2 0.6505735 0.6441116 0.0284270 0.0162024
19 0.3611350 0.4691255 0.0284270 0.0162024
24 0.5058543 0.4691255 0.0284270 0.0162024
27 0.2164157 0.4691255 0.0284270 0.0162024
28 0.2164157 0.4107968 0.0284270 0.0162024
11 0.5058543 0.7024403 0.0284270 0.0162025
31 0.2887754 0.4107968 0.0284270 0.0162024
4 0.2164157 0.5274542 0.0284270 0.0162024
1 0.6505735 0.5857829 0.0284270 0.0162025
