19 0.2818724 0.4716056 0.0266721 0.0170817
31 0.4188702 0.4716056 0.0266721 0.0170817
32 0.2849034 0.5382244 0.4910098 0.4372925
25 0.2151921 0.4101114 0.0266721 0.0170817
21 0.2818724 0.4101114 0.0266721 0.0170817
5 0.3509776 0.4101114 0.0266722 0.0170817
27 0.4867630 0.4101114 0.0266721 0.0170817
33 0.1466932 0.4710362 0.0618309 0.0614943
23 0.1472994 0.4716056 0.0266721 0.0170817
24 0.2151921 0.4716056 0.0266721 0.0170817
11 0.3509776 0.4716056 0.0266722 0.0170817
7 0.4867630 0.4716056 0.0266721 0.0170817
6 0.0794067 0.5330999 0.0266721 0.0170817
2 0.2151921 0.5330999 0.0266721 0.0170817
9 0.1472994 0.5945942 0.0266721 0.0170818
26 0.2151921 0.5945942 0.0266721 0.0170818
30 0.4188702 0.5945942 0.0266721 0.0170818
1 0.0794067 0.6560884 0.0266721 0.0170817
31 0.2151921 0.6560884 0.0266721 0.0170817
15 0.2818724 0.6560884 0.0266721 0.0170817
10 0.3509776 0.6560884 0.0266722 0.0170817
19 0.0794067 0.7175827 0.0266721 0.0170817
8 0.1472994 0.7175827 0.0266721 0.0170817
20 0.2151921 0.7175827 0.0266721 0.0170817
17 0.2818724 0.7175827 0.0266721 0.0170817
13 0.4188702 0.7175827 0.0266721 0.0170817
24 0.3509776 0.5945942 0.0266722 0.0170818
10 0.1472994 0.4101114 0.0266721 0.0170817
16 0.1472994 0.5330999 0.0266721 0.0170817
11 0.4867630 0.7175827 0.0266721 0.0170817
20 0.4867630 0.5330999 0.0266721 0.0170817
31 0.0794067 0.4716056 0.0266721 0.0170817
18 0.1472994 0.6560884 0.0266721 0.0170817
6 0.4188702 0.6560884 0.0266721 0.0170817
22 0.4188702 0.5330999 0.0266721 0.0170817
2 0.3509776 0.7175827 0.0266722 0.0170817
31 0.4188702 0.4101114 0.0266721 0.0170817
16 0.0794067 0.5945942 0.0266721 0.0170818
24 0.0794067 0.4101114 0.0266721 0.0170817
6 0.4867630 0.5945942 0.0266721 0.0170818
30 0.2818724 0.5330999 0.0266721 0.0170817
19 0.4867630 0.6560884 0.0266721 0.0170817
26 0.2818724 0.5945942 0.0266721 0.0170818
29 0.3509776 0.5330999 0.0266722 0.0170817
