18 0.4654459 0.6289179 0.0273891 0.0166956
31 0.3957282 0.6890222 0.0273891 0.0166956
32 0.6067487 0.5738223 0.5042083 0.4274083
5 0.3957282 0.4486050 0.0273891 0.0166957
13 0.4654459 0.4486050 0.0273891 0.0166957
19 0.6036363 0.4486050 0.0273891 0.0166957
9 0.6745990 0.4486050 0.0273891 0.0166957
27 0.5351636 0.5087093 0.0273891 0.0166956
15 0.6036363 0.5087093 0.0273891 0.0166956
3 0.6745990 0.5087093 0.0273891 0.0166956
30 0.3957282 0.5688136 0.0273891 0.0166956
25 0.5351636 0.5688136 0.0273891 0.0166956
8 0.6036363 0.5688136 0.0273891 0.0166956
18 0.6745990 0.5688136 0.0273891 0.0166956
29 0.7443167 0.5688136 0.0273891 0.0166956
26 0.3957282 0.6289179 0.0273891 0.0166956
4 0.6745990 0.6289179 0.0273891 0.0166956
22 0.8140343 0.6289179 0.0273891 0.0166956
33 0.6036363 0.6884656 0.0647379 0.0601043
4 0.6036363 0.6890222 0.0273891 0.0166956
20 0.7443167 0.6890222 0.0273891 0.0166956
21 0.8140343 0.6890222 0.0273891 0.0166956
11 0.3957282 0.7491265 0.0273891 0.0166956
7 0.4654459 0.7491265 0.0273891 0.0166956
12 0.5351636 0.7491265 0.0273891 0.0166956
1 0.6036363 0.7491265 0.0273891 0.0166956
7 0.8140343 0.7491265 0.0273891 0.0166956
4 0.8140343 0.5688136 0.0273891 0.0166956
22 0.8140343 0.4486050 0.0273891 0.0166957
5 0.7443167 0.6289179 0.0273891 0.0166956
29 0.6036363 0.6289179 0.0273891 0.0166956
22 0.3957282 0.5087093 0.0273891 0.0166956
1 0.7443167 0.4486050 0.0273891 0.0166957
15 0.5351636 0.6289179 0.0273891 0.0166956
13 0.8140343 0.5087093 0.0273891 0.0166956
9 0.4654459 0.5087093 0.0273891 0.0166956
15 0.6745990 0.7491265 0.0273891 0.0166956
15 0.4654459 0.5688136 0.0273891 0.0166956
31 0.7443167 0.5087093 0.0273891 0.0166956
13 0.5351636 0.6890222 0.0273891 0.0166956
9 0.6745990 0.6890222 0.0273891 0.0166956
10 0.7443167 0.7491265 0.0273891 0.0166956
6 0.5351636 0.4486050 0.0273891 0.0166957
8 0.4654459 0.6890222 0.0273891 0.0166956
