12 0.5019122 0.5515979 0.0273309 0.0169299
18 0.5019122 0.6125454 0.0273309 0.0169299
32 0.3646362 0.4347819 0.5031381 0.4334042
7 0.1540636 0.3078080 0.0273310 0.0169299
2 0.2236333 0.3078080 0.0273310 0.0169299
5 0.2932030 0.3078080 0.0273310 0.0169299
25 0.3615305 0.3078080 0.0273309 0.0169299
33 0.5012910 0.3072437 0.0633581 0.0609475
8 0.5019122 0.3078080 0.0273309 0.0169299
20 0.5714819 0.3078080 0.0273310 0.0169299
9 0.1540636 0.3687555 0.0273310 0.0169299
30 0.2236333 0.3687555 0.0273310 0.0169299
13 0.2932030 0.3687555 0.0273310 0.0169299
27 0.5019122 0.3687555 0.0273309 0.0169299
24 0.1540636 0.4297030 0.0273310 0.0169299
6 0.2236333 0.4297030 0.0273310 0.0169299
11 0.2932030 0.4297030 0.0273310 0.0169299
16 0.4323425 0.4297030 0.0273310 0.0169299
14 0.2236333 0.4906505 0.0273310 0.0169299
3 0.3615305 0.4906505 0.0273309 0.0169299
12 0.4323425 0.4906505 0.0273310 0.0169299
4 0.5714819 0.4906505 0.0273310 0.0169299
15 0.5714819 0.5515979 0.0273310 0.0169299
23 0.1540636 0.6125454 0.0273310 0.0169299
1 0.2932030 0.6125454 0.0273310 0.0169299
26 0.3615305 0.6125454 0.0273309 0.0169299
30 0.5714819 0.6125454 0.0273310 0.0169299
17 0.3615305 0.4297030 0.0273309 0.0169299
18 0.5019122 0.4297030 0.0273309 0.0169299
10 0.5714819 0.4297030 0.0273310 0.0169299
15 0.2236333 0.5515979 0.0273310 0.0169299
5 0.1540636 0.4906505 0.0273310 0.0169299
22 0.2932030 0.4906505 0.0273310 0.0169299
24 0.2932030 0.5515979 0.0273310 0.0169299
10 0.3615305 0.3687555 0.0273309 0.0169299
25 0.4323425 0.6125454 0.0273310 0.0169299
11 0.2236333 0.6125454 0.0273310 0.0169299
12 0.4323425 0.3078080 0.0273310 0.0169299
25 0.4323425 0.3687555 0.0273310 0.0169299
6 0.5019122 0.4906505 0.0273309 0.0169299
26 0.4323425 0.5515979 0.0273310 0.0169299
13 0.3615305 0.5515979 0.0273309 0.0169299
13 0.5714819 0.3687555 0.0273310 0.0169299
17 0.1540636 0.5515979 0.0273310 0.0169299
