8 0.6358058 0.3900862 0.0262634 0.0164054
21 0.5032950 0.4491455 0.0262634 0.0164054
32 0.6387904 0.3359485 0.4834856 0.4199776
4 0.5032950 0.2129082 0.0262634 0.0164054
23 0.5701473 0.2129082 0.0262634 0.0164054
18 0.6358058 0.2129082 0.0262634 0.0164054
30 0.8375566 0.2129082 0.0262634 0.0164054
12 0.5032950 0.2719675 0.0262634 0.0164054
25 0.6358058 0.2719675 0.0262634 0.0164054
31 0.7038519 0.2719675 0.0262634 0.0164054
27 0.8375566 0.2719675 0.0262634 0.0164054
8 0.4364426 0.3310268 0.0262634 0.0164054
9 0.6358058 0.3310268 0.0262634 0.0164054
29 0.7038519 0.3310268 0.0262634 0.0164054
16 0.7707043 0.3310268 0.0262634 0.0164054
3 0.5032950 0.3900862 0.0262634 0.0164054
5 0.5701473 0.3900862 0.0262634 0.0164054
2 0.7707043 0.3900862 0.0262634 0.0164054
14 0.6358058 0.4491455 0.0262634 0.0164054
33 0.7032551 0.4485987 0.0632710 0.0590594
20 0.7038519 0.4491455 0.0262634 0.0164054
15 0.8375566 0.4491455 0.0262634 0.0164054
17 0.4364426 0.5082049 0.0262634 0.0164054
24 0.5032950 0.5082049 0.0262634 0.0164054
19 0.6358058 0.5082049 0.0262634 0.0164054
22 0.8375566 0.5082049 0.0262634 0.0164054
15 0.5701473 0.5082049 0.0262634 0.0164054
1 0.8375566 0.3900862 0.0262634 0.0164054
7 0.7707043 0.5082049 0.0262634 0.0164054
6 0.4364426 0.2129082 0.0262634 0.0164054
11 0.5701473 0.2719675 0.0262634 0.0164054
8 0.7707043 0.4491455 0.0262634 0.0164054
3 0.5701473 0.3310268 0.0262634 0.0164054
31 0.7038519 0.3900862 0.0262634 0.0164054
17 0.4364426 0.4491455 0.0262634 0.0164054
5 0.7038519 0.2129082 0.0262634 0.0164054
24 0.4364426 0.3900862 0.0262634 0.0164054
31 0.5701473 0.4491455 0.0262634 0.0164054
21 0.7038519 0.5082049 0.0262634 0.0164054
27 0.7707043 0.2719675 0.0262634 0.0164054
13 0.4364426 0.2719675 0.0262634 0.0164054
4 0.5032950 0.3310268 0.0262634 0.0164054
29 0.7707043 0.2129082 0.0262634 0.0164054
5 0.8375566 0.3310268 0.0262634 0.0164054
