11 0.1130250 0.7502913 0.0284921 0.0160878
19 0.4031268 0.5186258 0.0284922 0.0160879
32 0.2617629 0.5813685 0.5210258 0.4118498
20 0.1855505 0.4607094 0.0284921 0.0160879
22 0.2567808 0.4607094 0.0284921 0.0160879
30 0.4031268 0.4607094 0.0284922 0.0160879
1 0.4756522 0.4607094 0.0284922 0.0160879
5 0.0404996 0.5186258 0.0284921 0.0160879
23 0.1130250 0.5186258 0.0284921 0.0160879
33 0.0404996 0.5760059 0.0673451 0.0579164
11 0.0404996 0.5765422 0.0284921 0.0160879
27 0.1130250 0.5765422 0.0284921 0.0160879
14 0.1855505 0.5765422 0.0284921 0.0160879
6 0.3306013 0.5765422 0.0284921 0.0160879
29 0.4756522 0.5765422 0.0284922 0.0160879
26 0.0404996 0.6344586 0.0284921 0.0160878
3 0.1855505 0.6344586 0.0284921 0.0160878
13 0.3306013 0.6344586 0.0284921 0.0160878
11 0.0404996 0.6923749 0.0284921 0.0160878
17 0.1130250 0.6923749 0.0284921 0.0160878
19 0.1855505 0.6923749 0.0284921 0.0160878
9 0.2567808 0.6923749 0.0284921 0.0160878
4 0.3306013 0.6923749 0.0284921 0.0160878
18 0.4031268 0.6923749 0.0284922 0.0160878
25 0.4756522 0.6923749 0.0284922 0.0160878
16 0.0404996 0.7502913 0.0284921 0.0160878
17 0.4756522 0.5186258 0.0284922 0.0160879
28 0.2567808 0.7502913 0.0284921 0.0160878
22 0.1130250 0.6344586 0.0284921 0.0160878
8 0.4756522 0.6344586 0.0284922 0.0160878
18 0.2567808 0.6344586 0.0284921 0.0160878
25 0.4031268 0.6344586 0.0284922 0.0160878
14 0.1855505 0.7502913 0.0284921 0.0160878
7 0.4031268 0.5765422 0.0284922 0.0160879
5 0.2567808 0.5765422 0.0284921 0.0160879
4 0.0404996 0.4607094 0.0284921 0.0160879
31 0.4756522 0.7502913 0.0284922 0.0160878
5 0.1855505 0.5186258 0.0284921 0.0160879
12 0.4031268 0.7502913 0.0284922 0.0160878
13 0.3306013 0.5186258 0.0284921 0.0160879
12 0.1130250 0.4607094 0.0284921 0.0160879
9 0.2567808 0.5186258 0.0284921 0.0160879
21 0.3306013 0.7502913 0.0284921 0.0160878
20 0.3306013 0.4607094 0.0284921 0.0160879
