19 0.1913232 0.6929871 0.0266005 0.0163255
14 0.2590337 0.6342150 0.0266005 0.0163255
32 0.3962682 0.5215686 0.4896916 0.4179346
17 0.2590337 0.3991268 0.0266005 0.0163255
31 0.4621650 0.3991268 0.0266006 0.0163255
10 0.1913232 0.4578989 0.0266005 0.0163255
16 0.2590337 0.4578989 0.0266005 0.0163255
4 0.3267442 0.4578989 0.0266005 0.0163255
8 0.3932455 0.4578989 0.0266005 0.0163255
7 0.4621650 0.4578989 0.0266006 0.0163255
15 0.5298755 0.4578989 0.0266005 0.0163255
33 0.5292709 0.5161267 0.0616649 0.0587720
19 0.5298755 0.5166709 0.0266005 0.0163256
9 0.5975860 0.5166709 0.0266005 0.0163256
19 0.2590337 0.5754430 0.0266005 0.0163255
29 0.3267442 0.5754430 0.0266005 0.0163255
27 0.3932455 0.5754430 0.0266005 0.0163255
14 0.4621650 0.5754430 0.0266006 0.0163255
18 0.5298755 0.5754430 0.0266005 0.0163255
25 0.5975860 0.5754430 0.0266005 0.0163255
30 0.1913232 0.6342150 0.0266005 0.0163255
12 0.3267442 0.6342150 0.0266005 0.0163255
22 0.5975860 0.6342150 0.0266005 0.0163255
6 0.2590337 0.6929871 0.0266005 0.0163255
21 0.3267442 0.6929871 0.0266005 0.0163255
2 0.5298755 0.6929871 0.0266005 0.0163255
17 0.1913232 0.5754430 0.0266005 0.0163255
22 0.5298755 0.6342150 0.0266005 0.0163255
1 0.5298755 0.3991268 0.0266005 0.0163255
12 0.5975860 0.3991268 0.0266005 0.0163255
4 0.3932455 0.5166709 0.0266005 0.0163256
9 0.3932455 0.6342150 0.0266005 0.0163255
18 0.1913232 0.3991268 0.0266005 0.0163255
1 0.3932455 0.6929871 0.0266005 0.0163255
12 0.2590337 0.5166709 0.0266005 0.0163256
19 0.4621650 0.6929871 0.0266006 0.0163255
2 0.5975860 0.6929871 0.0266005 0.0163255
3 0.4621650 0.6342150 0.0266006 0.0163255
11 0.5975860 0.4578989 0.0266005 0.0163255
27 0.3932455 0.3991268 0.0266005 0.0163255
22 0.4621650 0.5166709 0.0266006 0.0163256
15 0.3267442 0.3991268 0.0266005 0.0163255
26 0.1913232 0.5166709 0.0266005 0.0163256
26 0.3267442 0.5166709 0.0266005 0.0163256
