19 0.5717332 0.4953386 0.0279721 0.0166979
15 0.6442065 0.5554510 0.0279721 0.0166979
32 0.5749119 0.4402355 0.5149413 0.4274662
33 0.4299654 0.3144447 0.0648445 0.0601124
10 0.4306012 0.3150013 0.0279721 0.0166979
2 0.7154082 0.3150013 0.0279721 0.0166979
3 0.3593994 0.3751137 0.0279721 0.0166979
29 0.4306012 0.3751137 0.0279721 0.0166979
18 0.5018029 0.3751137 0.0279721 0.0166979
20 0.6442065 0.3751137 0.0279721 0.0166979
26 0.5717332 0.4352262 0.0279721 0.0166979
7 0.6442065 0.4352262 0.0279721 0.0166979
9 0.7154082 0.4352262 0.0279721 0.0166979
4 0.3593994 0.4953386 0.0279721 0.0166979
16 0.4306012 0.4953386 0.0279721 0.0166979
1 0.5018029 0.4953386 0.0279721 0.0166979
30 0.6442065 0.4953386 0.0279721 0.0166979
17 0.7154082 0.4953386 0.0279721 0.0166979
6 0.7866100 0.4953386 0.0279721 0.0166979
10 0.3593994 0.5554510 0.0279721 0.0166979
25 0.4306012 0.5554510 0.0279721 0.0166979
14 0.7154082 0.5554510 0.0279721 0.0166979
27 0.7866100 0.5554510 0.0279721 0.0166979
13 0.4306012 0.6155635 0.0279721 0.0166979
8 0.5717332 0.6155635 0.0279721 0.0166979
31 0.6442065 0.6155635 0.0279721 0.0166979
14 0.7866100 0.3150013 0.0279721 0.0166979
27 0.5018029 0.4352262 0.0279721 0.0166979
12 0.5018029 0.6155635 0.0279721 0.0166979
25 0.7154082 0.3751137 0.0279721 0.0166979
12 0.5018029 0.3150013 0.0279721 0.0166979
25 0.7154082 0.6155635 0.0279721 0.0166979
28 0.7866100 0.6155635 0.0279721 0.0166979
24 0.5717332 0.3150013 0.0279721 0.0166979
11 0.4306012 0.4352262 0.0279721 0.0166979
10 0.3593994 0.6155635 0.0279721 0.0166979
1 0.3593994 0.4352262 0.0279721 0.0166979
8 0.7866100 0.4352262 0.0279721 0.0166979
7 0.5717332 0.3751137 0.0279721 0.0166979
30 0.6442065 0.3150013 0.0279721 0.0166979
21 0.5018029 0.5554510 0.0279721 0.0166979
27 0.5717332 0.5554510 0.0279721 0.0166979
17 0.3593994 0.3150013 0.0279721 0.0166979
24 0.7866100 0.3751137 0.0279721 0.0166979
