13 0.5145557 0.4868827 0.0264054 0.0172883
28 0.5805692 0.4246445 0.0264053 0.0172884
32 0.5835697 0.4920692 0.4860984 0.4425829
2 0.6489830 0.3624063 0.0264053 0.0172884
26 0.3801286 0.4246445 0.0264054 0.0172884
34 0.4467420 0.4240682 0.0612124 0.0622382
17 0.4473421 0.4246445 0.0264053 0.0172884
18 0.6489830 0.4246445 0.0264053 0.0172884
1 0.7834102 0.4246445 0.0264053 0.0172884
11 0.5805692 0.4868827 0.0264053 0.0172883
20 0.7161966 0.4868827 0.0264053 0.0172883
25 0.7834102 0.4868827 0.0264053 0.0172883
29 0.3801286 0.5491209 0.0264054 0.0172883
19 0.4473421 0.5491209 0.0264053 0.0172883
6 0.5145557 0.5491209 0.0264054 0.0172883
27 0.6489830 0.5491209 0.0264053 0.0172883
31 0.7834102 0.5491209 0.0264053 0.0172883
30 0.3801286 0.6113591 0.0264054 0.0172884
8 0.5805692 0.6113591 0.0264053 0.0172884
16 0.6489830 0.6113591 0.0264053 0.0172884
10 0.7834102 0.6113591 0.0264053 0.0172884
12 0.3801286 0.6735973 0.0264054 0.0172884
21 0.5805692 0.6735973 0.0264053 0.0172884
13 0.6489830 0.6735973 0.0264053 0.0172884
9 0.7161966 0.6735973 0.0264053 0.0172884
24 0.7834102 0.6735973 0.0264053 0.0172884
19 0.3801286 0.3624063 0.0264054 0.0172884
16 0.7161966 0.5491209 0.0264053 0.0172883
2 0.7834102 0.3624063 0.0264053 0.0172884
15 0.5145557 0.4246445 0.0264054 0.0172884
11 0.4473421 0.6735973 0.0264053 0.0172884
6 0.3801286 0.4868827 0.0264054 0.0172883
14 0.4473421 0.6113591 0.0264053 0.0172884
21 0.5145557 0.6735973 0.0264054 0.0172884
7 0.6489830 0.4868827 0.0264053 0.0172883
6 0.4473421 0.4868827 0.0264053 0.0172883
12 0.7161966 0.4246445 0.0264053 0.0172884
26 0.7161966 0.3624063 0.0264053 0.0172884
12 0.7161966 0.6113591 0.0264053 0.0172884
4 0.5805692 0.5491209 0.0264053 0.0172883
18 0.5805692 0.3624063 0.0264053 0.0172884
13 0.5145557 0.3624063 0.0264054 0.0172884
24 0.5145557 0.6113591 0.0264054 0.0172884
3 0.4473421 0.3624063 0.0264053 0.0172884
