17 0.2721279 0.7646634 0.0284527 0.0164897
6 0.1997029 0.6459387 0.0284527 0.0164895
32 0.4189180 0.5915233 0.5237882 0.4221322
18 0.1997029 0.4678517 0.0284527 0.0164895
10 0.2721279 0.4678517 0.0284527 0.0164895
27 0.3445530 0.4678517 0.0284527 0.0164895
7 0.4894030 0.4678517 0.0284527 0.0164895
14 0.5618280 0.4678517 0.0284527 0.0164895
20 0.1997029 0.5272141 0.0284527 0.0164895
31 0.2721279 0.5272141 0.0284527 0.0164895
3 0.3445530 0.5272141 0.0284527 0.0164895
12 0.4156847 0.5272141 0.0284527 0.0164895
1 0.6342531 0.5272141 0.0284527 0.0164895
17 0.1997029 0.5865765 0.0284527 0.0164895
25 0.2721279 0.5865765 0.0284527 0.0164895
16 0.4894030 0.5865765 0.0284527 0.0164895
2 0.4156847 0.6459387 0.0284527 0.0164895
29 0.4894030 0.6459387 0.0284527 0.0164895
30 0.1997029 0.7053011 0.0284527 0.0164895
33 0.2714813 0.7047515 0.0659585 0.0593624
31 0.2721279 0.7053011 0.0284527 0.0164895
9 0.4156847 0.7053011 0.0284527 0.0164895
26 0.4156847 0.7646634 0.0284527 0.0164897
8 0.4894030 0.7646634 0.0284527 0.0164897
4 0.5618280 0.7646634 0.0284527 0.0164897
11 0.6342531 0.7646634 0.0284527 0.0164897
28 0.5618280 0.7053011 0.0284527 0.0164895
5 0.3445530 0.6459387 0.0284527 0.0164895
13 0.5618280 0.6459387 0.0284527 0.0164895
16 0.1997029 0.7646634 0.0284527 0.0164897
12 0.3445530 0.7646634 0.0284527 0.0164897
12 0.5618280 0.5272141 0.0284527 0.0164895
11 0.4156847 0.4678517 0.0284527 0.0164895
14 0.6342531 0.7053011 0.0284527 0.0164895
4 0.6342531 0.5865765 0.0284527 0.0164895
17 0.3445530 0.7053011 0.0284527 0.0164895
24 0.4894030 0.7053011 0.0284527 0.0164895
18 0.5618280 0.5865765 0.0284527 0.0164895
5 0.4156847 0.5865765 0.0284527 0.0164895
6 0.6342531 0.6459387 0.0284527 0.0164895
2 0.2721279 0.6459387 0.0284527 0.0164895
13 0.4894030 0.5272141 0.0284527 0.0164895
27 0.6342531 0.4678517 0.0284527 0.0164895
26 0.3445530 0.5865765 0.0284527 0.0164895
