1 0.4761504 0.3613423 0.0272123 0.0160106
11 0.3388518 0.5342567 0.0272123 0.0160106
32 0.4792427 0.4814217 0.5009544 0.4098710
34 0.2695840 0.3608086 0.0643201 0.0576381
8 0.2695840 0.3613423 0.0272123 0.0160106
8 0.3388518 0.3613423 0.0272123 0.0160106
16 0.4081196 0.3613423 0.0272124 0.0160106
12 0.5466551 0.3613423 0.0272124 0.0160106
25 0.6159229 0.3613423 0.0272123 0.0160106
31 0.5466551 0.4189804 0.0272124 0.0160106
19 0.6159229 0.4189804 0.0272123 0.0160106
17 0.2695840 0.4766185 0.0272123 0.0160106
13 0.5466551 0.4766185 0.0272124 0.0160106
15 0.6851907 0.4766185 0.0272124 0.0160106
1 0.2695840 0.5342567 0.0272123 0.0160106
2 0.6851907 0.5342567 0.0272124 0.0160106
7 0.2695840 0.5918948 0.0272123 0.0160105
22 0.3388518 0.5918948 0.0272123 0.0160105
11 0.4761504 0.5918948 0.0272123 0.0160105
24 0.5466551 0.5918948 0.0272124 0.0160105
18 0.6159229 0.5918948 0.0272123 0.0160105
21 0.6851907 0.5918948 0.0272124 0.0160105
20 0.2695840 0.6495329 0.0272123 0.0160106
23 0.3388518 0.6495329 0.0272123 0.0160106
6 0.4081196 0.6495329 0.0272124 0.0160106
14 0.6851907 0.6495329 0.0272124 0.0160106
14 0.2695840 0.4189804 0.0272123 0.0160106
31 0.6851907 0.4189804 0.0272124 0.0160106
4 0.4761504 0.4189804 0.0272123 0.0160106
10 0.6159229 0.4766185 0.0272123 0.0160106
26 0.4761504 0.5342567 0.0272123 0.0160106
15 0.4081196 0.5918948 0.0272124 0.0160105
18 0.3388518 0.4766185 0.0272123 0.0160106
25 0.4081196 0.4766185 0.0272124 0.0160106
30 0.4761504 0.4766185 0.0272123 0.0160106
24 0.6159229 0.5342567 0.0272123 0.0160106
1 0.5466551 0.6495329 0.0272124 0.0160106
14 0.4761504 0.6495329 0.0272123 0.0160106
7 0.6159229 0.6495329 0.0272123 0.0160106
20 0.3388518 0.4189804 0.0272123 0.0160106
1 0.5466551 0.5342567 0.0272124 0.0160106
18 0.6851907 0.3613423 0.0272124 0.0160106
22 0.4081196 0.4189804 0.0272124 0.0160106
27 0.4081196 0.5342567 0.0272124 0.0160106
