4 0.2366846 0.3596866 0.0261336 0.0161374
12 0.6358154 0.4177813 0.0261335 0.0161374
32 0.4380318 0.4807173 0.4810952 0.4131179
9 0.3032064 0.3596866 0.0261336 0.0161374
26 0.3697282 0.3596866 0.0261335 0.0161374
34 0.5021778 0.3591487 0.0629581 0.0580947
26 0.5027718 0.3596866 0.0261335 0.0161374
18 0.5692936 0.3596866 0.0261336 0.0161374
27 0.3032064 0.4177813 0.0261336 0.0161374
17 0.3697282 0.4177813 0.0261335 0.0161374
10 0.5027718 0.4177813 0.0261335 0.0161374
20 0.5692936 0.4177813 0.0261336 0.0161374
21 0.2366846 0.4758761 0.0261336 0.0161374
4 0.4350621 0.4758761 0.0261336 0.0161374
11 0.6358154 0.4758761 0.0261335 0.0161374
31 0.6358154 0.5339707 0.0261335 0.0161374
25 0.2366846 0.5920655 0.0261336 0.0161374
12 0.3032064 0.5920655 0.0261336 0.0161374
5 0.3697282 0.5920655 0.0261335 0.0161374
7 0.4350621 0.5920655 0.0261336 0.0161374
13 0.5692936 0.5920655 0.0261336 0.0161374
19 0.2366846 0.6501602 0.0261336 0.0161374
29 0.4350621 0.6501602 0.0261336 0.0161374
8 0.5027718 0.6501602 0.0261335 0.0161374
6 0.5692936 0.6501602 0.0261336 0.0161374
15 0.6358154 0.6501602 0.0261335 0.0161374
10 0.5027718 0.5339707 0.0261335 0.0161374
12 0.3032064 0.4758761 0.0261336 0.0161374
10 0.2366846 0.5339707 0.0261336 0.0161374
10 0.3697282 0.5339707 0.0261335 0.0161374
6 0.4350621 0.3596866 0.0261336 0.0161374
14 0.3032064 0.5339707 0.0261336 0.0161374
12 0.5027718 0.4758761 0.0261335 0.0161374
26 0.5692936 0.5339707 0.0261336 0.0161374
18 0.4350621 0.5339707 0.0261336 0.0161374
27 0.2366846 0.4177813 0.0261336 0.0161374
17 0.4350621 0.4177813 0.0261336 0.0161374
8 0.5692936 0.4758761 0.0261336 0.0161374
31 0.3697282 0.4758761 0.0261335 0.0161374
24 0.5027718 0.5920655 0.0261335 0.0161374
3 0.6358154 0.5920655 0.0261335 0.0161374
10 0.3032064 0.6501602 0.0261336 0.0161374
29 0.3697282 0.6501602 0.0261335 0.0161374
9 0.6358154 0.3596866 0.0261335 0.0161374
