12 0.2756257 0.7021603 0.0263914 0.0159357
1 0.4111815 0.7595288 0.0263914 0.0159356
32 0.2786247 0.5922040 0.4858415 0.4079538
25 0.1424691 0.4726863 0.0263914 0.0159357
30 0.2096472 0.4726863 0.0263914 0.0159357
22 0.2756257 0.4726863 0.0263914 0.0159357
21 0.0752910 0.5300548 0.0263914 0.0159357
2 0.2096472 0.5300548 0.0263914 0.0159357
13 0.2756257 0.5300548 0.0263914 0.0159357
31 0.0752910 0.5874233 0.0263914 0.0159357
15 0.1424691 0.5874233 0.0263914 0.0159357
1 0.2096472 0.5874233 0.0263914 0.0159357
11 0.3440034 0.5874233 0.0263914 0.0159357
7 0.4783595 0.5874233 0.0263914 0.0159357
9 0.0752910 0.6447918 0.0263914 0.0159356
20 0.1424691 0.6447918 0.0263914 0.0159356
10 0.2096472 0.6447918 0.0263914 0.0159356
33 0.2756257 0.6442606 0.0623797 0.0573686
20 0.2756257 0.6447918 0.0263914 0.0159356
26 0.0752910 0.7021603 0.0263914 0.0159357
18 0.2096472 0.7021603 0.0263914 0.0159357
5 0.3440034 0.7021603 0.0263914 0.0159357
27 0.4111815 0.7021603 0.0263914 0.0159357
16 0.0752910 0.7595288 0.0263914 0.0159356
14 0.1424691 0.7595288 0.0263914 0.0159356
4 0.4783595 0.7595288 0.0263914 0.0159356
6 0.4783595 0.5300548 0.0263914 0.0159357
9 0.3440034 0.4726863 0.0263914 0.0159357
1 0.4783595 0.4726863 0.0263914 0.0159357
12 0.1424691 0.5300548 0.0263914 0.0159357
21 0.2756257 0.7595288 0.0263914 0.0159356
16 0.3440034 0.7595288 0.0263914 0.0159356
15 0.4783595 0.7021603 0.0263914 0.0159357
27 0.4111815 0.5300548 0.0263914 0.0159357
16 0.3440034 0.5300548 0.0263914 0.0159357
29 0.4783595 0.6447918 0.0263914 0.0159356
26 0.4111815 0.6447918 0.0263914 0.0159356
14 0.4111815 0.5874233 0.0263914 0.0159357
22 0.0752910 0.4726863 0.0263914 0.0159357
25 0.2096472 0.7595288 0.0263914 0.0159356
24 0.2756257 0.5874233 0.0263914 0.0159357
6 0.1424691 0.7021603 0.0263914 0.0159357
19 0.4111815 0.4726863 0.0263914 0.0159357
3 0.3440034 0.6447918 0.0263914 0.0159356
