20 0.3173736 0.4724107 0.0261304 0.0169830
8 0.3838874 0.5335497 0.0261304 0.0169831
32 0.4521829 0.4163665 0.4810378 0.4347665
3 0.2508597 0.2889935 0.0261304 0.0169831
5 0.5169152 0.2889935 0.0261304 0.0169831
24 0.5834291 0.2889935 0.0261304 0.0169831
18 0.6499429 0.2889935 0.0261304 0.0169831
21 0.3838874 0.3501325 0.0261304 0.0169830
15 0.5169152 0.3501325 0.0261304 0.0169830
30 0.6499429 0.3501325 0.0261304 0.0169830
6 0.3173736 0.4112716 0.0261304 0.0169830
9 0.3838874 0.4112716 0.0261304 0.0169830
33 0.5828352 0.4107055 0.0605751 0.0611391
17 0.5834291 0.4112716 0.0261304 0.0169830
12 0.6499429 0.4112716 0.0261304 0.0169830
27 0.2508597 0.4724107 0.0261304 0.0169830
22 0.3838874 0.4724107 0.0261304 0.0169830
29 0.4492136 0.4724107 0.0261304 0.0169830
10 0.6499429 0.4724107 0.0261304 0.0169830
20 0.3173736 0.5335497 0.0261304 0.0169831
31 0.4492136 0.5335497 0.0261304 0.0169831
11 0.6499429 0.5335497 0.0261304 0.0169831
13 0.3173736 0.5946887 0.0261304 0.0169831
8 0.3838874 0.5946887 0.0261304 0.0169831
26 0.4492136 0.5946887 0.0261304 0.0169831
1 0.6499429 0.5946887 0.0261304 0.0169831
15 0.3838874 0.2889935 0.0261304 0.0169831
25 0.3173736 0.3501325 0.0261304 0.0169830
13 0.2508597 0.3501325 0.0261304 0.0169830
10 0.4492136 0.2889935 0.0261304 0.0169831
19 0.2508597 0.5946887 0.0261304 0.0169831
2 0.5169152 0.4724107 0.0261304 0.0169830
11 0.5834291 0.3501325 0.0261304 0.0169830
12 0.5834291 0.5946887 0.0261304 0.0169831
17 0.5169152 0.5335497 0.0261304 0.0169831
29 0.2508597 0.5335497 0.0261304 0.0169831
3 0.5169152 0.4112716 0.0261304 0.0169830
13 0.4492136 0.4112716 0.0261304 0.0169830
19 0.4492136 0.3501325 0.0261304 0.0169830
28 0.5169152 0.5946887 0.0261304 0.0169831
21 0.3173736 0.2889935 0.0261304 0.0169831
27 0.2508597 0.4112716 0.0261304 0.0169830
2 0.5834291 0.4724107 0.0261304 0.0169830
24 0.5834291 0.5335497 0.0261304 0.0169831
