20 0.4581217 0.3405943 0.0284262 0.0171867
20 0.3146985 0.2168502 0.0284262 0.0171867
32 0.4613520 0.3457504 0.5233009 0.4399791
4 0.2423409 0.2168502 0.0284262 0.0171867
9 0.3870562 0.2168502 0.0284262 0.0171867
24 0.4581217 0.2168502 0.0284262 0.0171867
19 0.6041291 0.2168502 0.0284262 0.0171867
22 0.3146985 0.2787223 0.0284262 0.0171867
8 0.5317715 0.2787223 0.0284262 0.0171867
17 0.6041291 0.2787223 0.0284262 0.0171867
15 0.6764867 0.2787223 0.0284262 0.0171867
23 0.3870562 0.3405943 0.0284262 0.0171867
29 0.5317715 0.3405943 0.0284262 0.0171867
21 0.6041291 0.3405943 0.0284262 0.0171867
14 0.6764867 0.3405943 0.0284262 0.0171867
26 0.3146985 0.4024664 0.0284262 0.0171867
2 0.3870562 0.4024664 0.0284262 0.0171867
20 0.4581217 0.4024664 0.0284262 0.0171867
31 0.5317715 0.4024664 0.0284262 0.0171867
10 0.6764867 0.4024664 0.0284262 0.0171867
12 0.5317715 0.4643385 0.0284262 0.0171867
5 0.6764867 0.4643385 0.0284262 0.0171867
3 0.2423409 0.5262105 0.0284262 0.0171867
13 0.5317715 0.5262105 0.0284262 0.0171867
33 0.6764868 0.5256376 0.0671893 0.0618721
3 0.6764867 0.5262105 0.0284262 0.0171867
4 0.2423409 0.2787223 0.0284262 0.0171867
5 0.3870562 0.2787223 0.0284262 0.0171867
15 0.5317715 0.2168502 0.0284262 0.0171867
19 0.3870562 0.5262105 0.0284262 0.0171867
4 0.4581217 0.2787223 0.0284262 0.0171867
15 0.3146985 0.4643385 0.0284262 0.0171867
28 0.2423409 0.4643385 0.0284262 0.0171867
13 0.3146985 0.3405943 0.0284262 0.0171867
31 0.2423409 0.4024664 0.0284262 0.0171867
29 0.6764867 0.2168502 0.0284262 0.0171867
17 0.6041291 0.4643385 0.0284262 0.0171867
31 0.2423409 0.3405943 0.0284262 0.0171867
22 0.6041291 0.4024664 0.0284262 0.0171867
29 0.3146985 0.5262105 0.0284262 0.0171867
24 0.6041291 0.5262105 0.0284262 0.0171867
24 0.3870562 0.4643385 0.0284262 0.0171867
22 0.4581217 0.5262105 0.0284262 0.0171867
11 0.4581217 0.4643385 0.0284262 0.0171867
