27 0.6857361 0.5797074 0.0281906 0.0173397
19 0.3987046 0.3924391 0.0281906 0.0173396
32 0.5441425 0.4600637 0.5189633 0.4438951
4 0.3269467 0.3300163 0.0281906 0.0173396
19 0.3987046 0.3300163 0.0281906 0.0173396
17 0.4704625 0.3300163 0.0281906 0.0173396
10 0.5409389 0.3300163 0.0281906 0.0173396
11 0.6139782 0.3300163 0.0281906 0.0173396
6 0.7574940 0.3300163 0.0281905 0.0173396
1 0.3269467 0.3924391 0.0281906 0.0173396
27 0.4704625 0.3924391 0.0281906 0.0173396
22 0.6139782 0.3924391 0.0281906 0.0173396
5 0.6857361 0.3924391 0.0281906 0.0173396
31 0.4704625 0.4548619 0.0281906 0.0173397
7 0.3987046 0.5172846 0.0281906 0.0173397
29 0.4704625 0.5172846 0.0281906 0.0173397
25 0.5409389 0.5172846 0.0281906 0.0173397
21 0.7574940 0.5172846 0.0281905 0.0173397
13 0.3987046 0.5797074 0.0281906 0.0173397
30 0.7574940 0.5797074 0.0281905 0.0173397
15 0.3269467 0.6421301 0.0281906 0.0173397
16 0.4704625 0.6421301 0.0281906 0.0173397
33 0.6133376 0.6415522 0.0679137 0.0624228
2 0.6139782 0.6421301 0.0281906 0.0173397
12 0.6857361 0.6421301 0.0281906 0.0173397
28 0.6857361 0.4548619 0.0281906 0.0173397
14 0.5409389 0.6421301 0.0281906 0.0173397
24 0.5409389 0.5797074 0.0281906 0.0173397
31 0.7574940 0.6421301 0.0281905 0.0173397
24 0.4704625 0.5797074 0.0281906 0.0173397
16 0.3987046 0.6421301 0.0281906 0.0173397
30 0.3269467 0.5797074 0.0281906 0.0173397
2 0.3269467 0.5172846 0.0281906 0.0173397
20 0.7574940 0.3924391 0.0281905 0.0173396
27 0.6139782 0.5797074 0.0281906 0.0173397
26 0.3987046 0.4548619 0.0281906 0.0173397
9 0.6139782 0.5172846 0.0281906 0.0173397
17 0.3269467 0.4548619 0.0281906 0.0173397
6 0.6857361 0.3300163 0.0281906 0.0173396
5 0.7574940 0.4548619 0.0281905 0.0173397
6 0.5409389 0.3924391 0.0281906 0.0173396
24 0.5409389 0.4548619 0.0281906 0.0173397
7 0.6139782 0.4548619 0.0281906 0.0173397
21 0.6857361 0.5172846 0.0281906 0.0173397
