24 0.5431105 0.5497009 0.0282143 0.0161972
19 0.4712923 0.3747714 0.0282143 0.0161972
32 0.4013978 0.4379404 0.5193996 0.4146477
8 0.1840194 0.3164616 0.0282143 0.0161972
20 0.3276559 0.3164616 0.0282143 0.0161972
12 0.6149287 0.3164616 0.0282143 0.0161972
34 0.1840194 0.3742315 0.0666883 0.0583099
28 0.1840194 0.3747714 0.0282143 0.0161972
2 0.3981916 0.3747714 0.0282143 0.0161972
19 0.5431105 0.3747714 0.0282143 0.0161972
30 0.6149287 0.3747714 0.0282143 0.0161972
5 0.2558376 0.4330812 0.0282143 0.0161972
21 0.3276559 0.4330812 0.0282143 0.0161972
9 0.3981916 0.4330812 0.0282143 0.0161972
29 0.5431105 0.4330812 0.0282143 0.0161972
1 0.6149287 0.4330812 0.0282143 0.0161972
13 0.5431105 0.4913911 0.0282143 0.0161972
22 0.6149287 0.4913911 0.0282143 0.0161972
6 0.1840194 0.5497009 0.0282143 0.0161972
26 0.3276559 0.5497009 0.0282143 0.0161972
17 0.3981916 0.5497009 0.0282143 0.0161972
24 0.1840194 0.6080108 0.0282143 0.0161972
18 0.3981916 0.6080108 0.0282143 0.0161972
31 0.4712923 0.6080108 0.0282143 0.0161972
11 0.6149287 0.6080108 0.0282143 0.0161972
11 0.2558376 0.4913911 0.0282143 0.0161972
7 0.2558376 0.5497009 0.0282143 0.0161972
28 0.3276559 0.6080108 0.0282143 0.0161972
29 0.4712923 0.4913911 0.0282143 0.0161972
4 0.2558376 0.6080108 0.0282143 0.0161972
14 0.1840194 0.4330812 0.0282143 0.0161972
3 0.2558376 0.3747714 0.0282143 0.0161972
25 0.4712923 0.3164616 0.0282143 0.0161972
13 0.5431105 0.6080108 0.0282143 0.0161972
13 0.6149287 0.5497009 0.0282143 0.0161972
1 0.5431105 0.3164616 0.0282143 0.0161972
11 0.4712923 0.4330812 0.0282143 0.0161972
18 0.3276559 0.3747714 0.0282143 0.0161972
12 0.3276559 0.4913911 0.0282143 0.0161972
26 0.4712923 0.5497009 0.0282143 0.0161972
18 0.3981916 0.3164616 0.0282143 0.0161972
12 0.3981916 0.4913911 0.0282143 0.0161972
12 0.1840194 0.4913911 0.0282143 0.0161972
29 0.2558376 0.3164616 0.0282143 0.0161972
