3 0.4394935 0.2303427 0.0265324 0.0171528
21 0.5745672 0.4155932 0.0265323 0.0171528
32 0.5088394 0.3589889 0.4884360 0.4391121
1 0.5058244 0.2303427 0.0265323 0.0171528
29 0.5745672 0.2303427 0.0265323 0.0171528
21 0.3044199 0.2920929 0.0265323 0.0171528
22 0.5058244 0.2920929 0.0265323 0.0171528
30 0.6421040 0.2920929 0.0265323 0.0171528
5 0.3044199 0.3538430 0.0265323 0.0171528
33 0.3713537 0.3532712 0.0615068 0.0617501
20 0.3719567 0.3538430 0.0265323 0.0171528
9 0.7096408 0.3538430 0.0265323 0.0171528
23 0.3719567 0.4155932 0.0265323 0.0171528
12 0.7096408 0.4155932 0.0265323 0.0171528
18 0.3044199 0.4773433 0.0265323 0.0171528
24 0.3719567 0.4773433 0.0265323 0.0171528
4 0.4394935 0.4773433 0.0265324 0.0171528
8 0.5058244 0.4773433 0.0265323 0.0171528
31 0.5745672 0.4773433 0.0265323 0.0171528
10 0.6421040 0.4773433 0.0265323 0.0171528
11 0.3044199 0.5390935 0.0265323 0.0171528
13 0.4394935 0.5390935 0.0265324 0.0171528
7 0.5745672 0.5390935 0.0265323 0.0171528
25 0.6421040 0.5390935 0.0265323 0.0171528
15 0.7096408 0.5390935 0.0265323 0.0171528
30 0.4394935 0.3538430 0.0265324 0.0171528
18 0.3044199 0.4155932 0.0265323 0.0171528
16 0.3044199 0.2303427 0.0265323 0.0171528
25 0.6421040 0.2303427 0.0265323 0.0171528
31 0.5745672 0.3538430 0.0265323 0.0171528
24 0.3719567 0.2920929 0.0265323 0.0171528
10 0.5058244 0.3538430 0.0265323 0.0171528
25 0.4394935 0.2920929 0.0265324 0.0171528
13 0.6421040 0.3538430 0.0265323 0.0171528
11 0.3719567 0.2303427 0.0265323 0.0171528
28 0.4394935 0.4155932 0.0265324 0.0171528
25 0.7096408 0.2920929 0.0265323 0.0171528
2 0.6421040 0.4155932 0.0265323 0.0171528
16 0.7096408 0.4773433 0.0265323 0.0171528
3 0.5058244 0.4155932 0.0265323 0.0171528
9 0.5745672 0.2920929 0.0265323 0.0171528
13 0.7096408 0.2303427 0.0265323 0.0171528
17 0.3719567 0.5390935 0.0265323 0.0171528
28 0.5058244 0.5390935 0.0265323 0.0171528
