21 0.5447588 0.4771291 0.0283904 0.0172186
10 0.5447588 0.6011025 0.0283904 0.0172186
32 0.4744282 0.5442813 0.5226411 0.4407943
10 0.4002260 0.4151424 0.0283904 0.0172185
14 0.4712020 0.4151424 0.0283904 0.0172185
5 0.5447588 0.4151424 0.0283904 0.0172185
30 0.6892917 0.4151424 0.0283904 0.0172185
27 0.4712020 0.4771291 0.0283904 0.0172186
34 0.6163801 0.4765551 0.0658141 0.0619867
19 0.6170253 0.4771291 0.0283904 0.0172186
23 0.2556932 0.5391158 0.0283904 0.0172186
15 0.3279596 0.5391158 0.0283904 0.0172186
3 0.4002260 0.5391158 0.0283904 0.0172186
2 0.6170253 0.5391158 0.0283904 0.0172186
19 0.4002260 0.6011025 0.0283904 0.0172186
16 0.4712020 0.6011025 0.0283904 0.0172186
20 0.6170253 0.6011025 0.0283904 0.0172186
4 0.2556932 0.6630892 0.0283904 0.0172186
9 0.3279596 0.6630892 0.0283904 0.0172186
8 0.4002260 0.6630892 0.0283904 0.0172186
18 0.4712020 0.6630892 0.0283904 0.0172186
13 0.5447588 0.6630892 0.0283904 0.0172186
25 0.6170253 0.6630892 0.0283904 0.0172186
11 0.5447588 0.7250759 0.0283904 0.0172186
31 0.6170253 0.7250759 0.0283904 0.0172186
19 0.6892917 0.6630892 0.0283904 0.0172186
15 0.6892917 0.5391158 0.0283904 0.0172186
11 0.6892917 0.4771291 0.0283904 0.0172186
13 0.2556932 0.7250759 0.0283904 0.0172186
9 0.6170253 0.4151424 0.0283904 0.0172185
26 0.4712020 0.5391158 0.0283904 0.0172186
22 0.2556932 0.4151424 0.0283904 0.0172185
9 0.4002260 0.7250759 0.0283904 0.0172186
18 0.4712020 0.7250759 0.0283904 0.0172186
25 0.3279596 0.4151424 0.0283904 0.0172185
24 0.6892917 0.6011025 0.0283904 0.0172186
18 0.3279596 0.7250759 0.0283904 0.0172186
4 0.2556932 0.4771291 0.0283904 0.0172186
3 0.3279596 0.4771291 0.0283904 0.0172186
16 0.4002260 0.4771291 0.0283904 0.0172186
7 0.6892917 0.7250759 0.0283904 0.0172186
16 0.3279596 0.6011025 0.0283904 0.0172186
26 0.2556932 0.6011025 0.0283904 0.0172186
1 0.5447588 0.5391158 0.0283904 0.0172186
