16 0.2610680 0.4653111 0.0267472 0.0163094
14 0.0580324 0.2304556 0.0267472 0.0163094
32 0.2641075 0.3527762 0.4923918 0.4175210
1 0.2610680 0.2304556 0.0267472 0.0163094
4 0.3984514 0.2304556 0.0267472 0.0163094
33 0.0580324 0.2886258 0.0632207 0.0587139
6 0.0580324 0.2891694 0.0267472 0.0163094
12 0.1942000 0.2891694 0.0267472 0.0163094
8 0.2610680 0.2891694 0.0267472 0.0163094
14 0.1261162 0.3478834 0.0267472 0.0163094
10 0.2610680 0.3478834 0.0267472 0.0163094
18 0.3303676 0.3478834 0.0267472 0.0163094
30 0.4665352 0.3478834 0.0267472 0.0163094
7 0.1261162 0.4065972 0.0267472 0.0163094
22 0.1942000 0.4065972 0.0267472 0.0163094
24 0.3303676 0.4065972 0.0267472 0.0163094
16 0.3984514 0.4065972 0.0267472 0.0163094
27 0.4665352 0.4065972 0.0267472 0.0163094
3 0.0580324 0.4653111 0.0267472 0.0163094
21 0.1261162 0.4653111 0.0267472 0.0163094
25 0.1942000 0.4653111 0.0267472 0.0163094
2 0.3303676 0.4653111 0.0267472 0.0163094
29 0.4665352 0.4653111 0.0267472 0.0163094
26 0.2610680 0.5240250 0.0267472 0.0163094
17 0.3303676 0.5240250 0.0267472 0.0163094
7 0.3984514 0.5240250 0.0267472 0.0163094
3 0.4665352 0.5240250 0.0267472 0.0163094
25 0.0580324 0.3478834 0.0267472 0.0163094
15 0.3303676 0.2304556 0.0267472 0.0163094
12 0.4665352 0.2891694 0.0267472 0.0163094
22 0.1261162 0.2304556 0.0267472 0.0163094
15 0.1261162 0.2891694 0.0267472 0.0163094
25 0.3984514 0.2891694 0.0267472 0.0163094
15 0.2610680 0.4065972 0.0267472 0.0163094
16 0.1942000 0.5240250 0.0267472 0.0163094
16 0.3984514 0.3478834 0.0267472 0.0163094
4 0.3984514 0.4653111 0.0267472 0.0163094
19 0.0580324 0.5240250 0.0267472 0.0163094
10 0.1942000 0.2304556 0.0267472 0.0163094
19 0.0580324 0.4065972 0.0267472 0.0163094
11 0.1261162 0.5240250 0.0267472 0.0163094
7 0.3303676 0.2891694 0.0267472 0.0163094
28 0.4665352 0.2304556 0.0267472 0.0163094
9 0.1942000 0.3478834 0.0267472 0.0163094
