13 0.3306040 0.4958046 0.0286510 0.0170936
16 0.3306040 0.4342677 0.0286510 0.0170936
32 0.4054873 0.4393958 0.5274393 0.4375956
10 0.3306040 0.3111940 0.0286510 0.0170936
23 0.4022316 0.3111940 0.0286510 0.0170936
31 0.6223235 0.3111940 0.0286510 0.0170936
8 0.2576741 0.3727309 0.0286510 0.0170936
16 0.3306040 0.3727309 0.0286510 0.0170936
5 0.2576741 0.4342677 0.0286510 0.0170936
22 0.5493937 0.4342677 0.0286510 0.0170936
20 0.6223235 0.4342677 0.0286510 0.0170936
27 0.1847442 0.4958046 0.0286510 0.0170936
33 0.2570229 0.4952348 0.0664183 0.0615369
6 0.2576741 0.4958046 0.0286510 0.0170936
24 0.4022316 0.4958046 0.0286510 0.0170936
9 0.5493937 0.4958046 0.0286510 0.0170936
3 0.1847442 0.5573415 0.0286510 0.0170936
26 0.2576741 0.5573415 0.0286510 0.0170936
18 0.3306040 0.5573415 0.0286510 0.0170936
17 0.4022316 0.5573415 0.0286510 0.0170936
12 0.4764638 0.5573415 0.0286510 0.0170936
25 0.5493937 0.5573415 0.0286510 0.0170936
19 0.1847442 0.6188784 0.0286510 0.0170936
1 0.2576741 0.6188784 0.0286510 0.0170936
29 0.4764638 0.6188784 0.0286510 0.0170936
7 0.1847442 0.3111940 0.0286510 0.0170936
1 0.6223235 0.6188784 0.0286510 0.0170936
7 0.6223235 0.3727309 0.0286510 0.0170936
16 0.4764638 0.3727309 0.0286510 0.0170936
20 0.1847442 0.4342677 0.0286510 0.0170936
5 0.4022316 0.4342677 0.0286510 0.0170936
17 0.5493937 0.6188784 0.0286510 0.0170936
30 0.2576741 0.3111940 0.0286510 0.0170936
25 0.4022316 0.3727309 0.0286510 0.0170936
25 0.1847442 0.3727309 0.0286510 0.0170936
7 0.4764638 0.4342677 0.0286510 0.0170936
28 0.6223235 0.5573415 0.0286510 0.0170936
21 0.4764638 0.3111940 0.0286510 0.0170936
4 0.4764638 0.4958046 0.0286510 0.0170936
6 0.4022316 0.6188784 0.0286510 0.0170936
4 0.5493937 0.3727309 0.0286510 0.0170936
9 0.6223235 0.4958046 0.0286510 0.0170936
15 0.3306040 0.6188784 0.0286510 0.0170936
20 0.5493937 0.3111940 0.0286510 0.0170936
