31 0.3663090 0.5897346 0.0272445 0.0169348
15 0.4368969 0.5287694 0.0272444 0.0169347
32 0.3694050 0.4728847 0.5015452 0.4335299
22 0.1594990 0.3458740 0.0272444 0.0169348
33 0.2282293 0.3453095 0.0631575 0.0609652
21 0.2288485 0.3458740 0.0272444 0.0169348
24 0.3663090 0.3458740 0.0272445 0.0169348
31 0.4368969 0.3458740 0.0272444 0.0169348
21 0.5062463 0.3458740 0.0272445 0.0169348
6 0.4368969 0.4068392 0.0272444 0.0169347
7 0.5062463 0.4068392 0.0272445 0.0169347
25 0.5755958 0.4068392 0.0272444 0.0169347
3 0.2288485 0.4678043 0.0272444 0.0169347
18 0.3663090 0.4678043 0.0272445 0.0169347
11 0.4368969 0.4678043 0.0272444 0.0169347
17 0.5062463 0.4678043 0.0272445 0.0169347
23 0.5062463 0.5287694 0.0272445 0.0169347
16 0.5755958 0.5287694 0.0272444 0.0169347
2 0.1594990 0.5897346 0.0272444 0.0169348
9 0.2288485 0.5897346 0.0272444 0.0169348
26 0.5062463 0.5897346 0.0272445 0.0169348
12 0.1594990 0.6506997 0.0272444 0.0169347
15 0.2288485 0.6506997 0.0272444 0.0169347
1 0.2981979 0.6506997 0.0272444 0.0169347
27 0.5755958 0.6506997 0.0272444 0.0169347
14 0.4368969 0.6506997 0.0272444 0.0169347
2 0.2981979 0.4068392 0.0272444 0.0169347
25 0.1594990 0.5287694 0.0272444 0.0169347
6 0.2981979 0.3458740 0.0272444 0.0169348
5 0.3663090 0.5287694 0.0272445 0.0169347
28 0.5755958 0.4678043 0.0272444 0.0169347
9 0.2288485 0.5287694 0.0272444 0.0169347
30 0.1594990 0.4068392 0.0272444 0.0169347
11 0.2981979 0.5897346 0.0272444 0.0169348
28 0.2288485 0.4068392 0.0272444 0.0169347
28 0.5062463 0.6506997 0.0272445 0.0169347
27 0.2981979 0.4678043 0.0272444 0.0169347
7 0.1594990 0.4678043 0.0272444 0.0169347
20 0.3663090 0.4068392 0.0272445 0.0169347
15 0.5755958 0.5897346 0.0272444 0.0169348
11 0.5755958 0.3458740 0.0272444 0.0169348
26 0.2981979 0.5287694 0.0272444 0.0169347
20 0.3663090 0.6506997 0.0272445 0.0169347
2 0.4368969 0.5897346 0.0272444 0.0169348
