26 0.1750756 0.4863912 0.0270477 0.0159808
28 0.5193193 0.5439219 0.0270477 0.0159808
32 0.3834660 0.5487162 0.4979239 0.4091078
21 0.3127731 0.4288604 0.0270477 0.0159808
27 0.4504706 0.4288604 0.0270477 0.0159808
33 0.5187046 0.4283277 0.0627015 0.0575308
3 0.5193193 0.4288604 0.0270477 0.0159808
9 0.5881681 0.4288604 0.0270477 0.0159808
29 0.3127731 0.4863912 0.0270477 0.0159808
12 0.3803924 0.4863912 0.0270477 0.0159808
3 0.5193193 0.4863912 0.0270477 0.0159808
10 0.3803924 0.5439219 0.0270477 0.0159808
2 0.4504706 0.5439219 0.0270477 0.0159808
16 0.5881681 0.5439219 0.0270477 0.0159808
22 0.1750756 0.6014527 0.0270477 0.0159808
8 0.2439244 0.6014527 0.0270477 0.0159808
11 0.3127731 0.6014527 0.0270477 0.0159808
18 0.3803924 0.6014527 0.0270477 0.0159808
20 0.1750756 0.6589835 0.0270477 0.0159808
1 0.2439244 0.6589835 0.0270477 0.0159808
31 0.3127731 0.6589835 0.0270477 0.0159808
6 0.1750756 0.7165143 0.0270477 0.0159808
23 0.2439244 0.7165143 0.0270477 0.0159808
19 0.3127731 0.7165143 0.0270477 0.0159808
25 0.3803924 0.7165143 0.0270477 0.0159808
19 0.5193193 0.6014527 0.0270477 0.0159808
20 0.5881681 0.6014527 0.0270477 0.0159808
18 0.5881681 0.7165143 0.0270477 0.0159808
25 0.5881681 0.6589835 0.0270477 0.0159808
4 0.4504706 0.6589835 0.0270477 0.0159808
15 0.5193193 0.7165143 0.0270477 0.0159808
25 0.5193193 0.6589835 0.0270477 0.0159808
25 0.5881681 0.4863912 0.0270477 0.0159808
18 0.3803924 0.6589835 0.0270477 0.0159808
1 0.4504706 0.6014527 0.0270477 0.0159808
31 0.4504706 0.7165143 0.0270477 0.0159808
20 0.2439244 0.5439219 0.0270477 0.0159808
24 0.1750756 0.5439219 0.0270477 0.0159808
10 0.1750756 0.4288604 0.0270477 0.0159808
28 0.3803924 0.4288604 0.0270477 0.0159808
24 0.2439244 0.4863912 0.0270477 0.0159808
8 0.3127731 0.5439219 0.0270477 0.0159808
21 0.4504706 0.4863912 0.0270477 0.0159808
9 0.2439244 0.4288604 0.0270477 0.0159808
