3 0.7564358 0.5724739 0.0277397 0.0167867
8 0.6139546 0.3911775 0.0277397 0.0167867
32 0.6171069 0.5170778 0.5106626 0.4297396
30 0.4033852 0.3911775 0.0277397 0.0167867
1 0.4739953 0.3911775 0.0277397 0.0167867
23 0.6858257 0.3911775 0.0277396 0.0167867
27 0.7564358 0.3911775 0.0277397 0.0167867
12 0.8270460 0.3911775 0.0277397 0.0167867
2 0.6139546 0.4516096 0.0277397 0.0167867
21 0.6858257 0.4516096 0.0277396 0.0167867
9 0.7564358 0.4516096 0.0277397 0.0167867
33 0.4033851 0.5114822 0.0655666 0.0604321
31 0.4033852 0.5120418 0.0277397 0.0167867
8 0.4739953 0.5120418 0.0277397 0.0167867
13 0.6139546 0.5120418 0.0277397 0.0167867
5 0.6858257 0.5120418 0.0277396 0.0167867
7 0.6858257 0.5724739 0.0277396 0.0167867
29 0.4739953 0.6329060 0.0277397 0.0167867
18 0.5446054 0.6329060 0.0277397 0.0167867
26 0.6858257 0.6329060 0.0277396 0.0167867
17 0.8270460 0.6329060 0.0277397 0.0167867
22 0.4033852 0.6933381 0.0277397 0.0167867
19 0.4739953 0.6933381 0.0277397 0.0167867
15 0.5446054 0.6933381 0.0277397 0.0167867
4 0.7564358 0.6933381 0.0277397 0.0167867
8 0.4739953 0.4516096 0.0277397 0.0167867
28 0.5446054 0.4516096 0.0277397 0.0167867
14 0.8270460 0.4516096 0.0277397 0.0167867
9 0.6139546 0.6933381 0.0277397 0.0167867
28 0.7564358 0.5120418 0.0277397 0.0167867
10 0.6139546 0.6329060 0.0277397 0.0167867
9 0.6139546 0.5724739 0.0277397 0.0167867
20 0.4033852 0.4516096 0.0277397 0.0167867
22 0.6858257 0.6933381 0.0277396 0.0167867
10 0.8270460 0.5724739 0.0277397 0.0167867
10 0.4033852 0.6329060 0.0277397 0.0167867
3 0.5446054 0.3911775 0.0277397 0.0167867
4 0.8270460 0.6933381 0.0277397 0.0167867
5 0.8270460 0.5120418 0.0277397 0.0167867
4 0.7564358 0.6329060 0.0277397 0.0167867
22 0.4033852 0.5724739 0.0277397 0.0167867
8 0.5446054 0.5724739 0.0277397 0.0167867
15 0.4739953 0.5724739 0.0277397 0.0167867
8 0.5446054 0.5120418 0.0277397 0.0167867
