28 0.6044940 0.5569193 0.0277262 0.0165969
8 0.4633422 0.4374215 0.0277262 0.0165970
32 0.3946568 0.3826517 0.5104148 0.4248810
2 0.2516146 0.2581748 0.0277262 0.0165969
20 0.3915061 0.2581748 0.0277262 0.0165969
5 0.4633422 0.2581748 0.0277262 0.0165969
22 0.5339181 0.2581748 0.0277262 0.0165969
6 0.1810387 0.3179237 0.0277262 0.0165969
17 0.4633422 0.3179237 0.0277262 0.0165969
11 0.5339181 0.3179237 0.0277262 0.0165969
29 0.2516146 0.3776726 0.0277262 0.0165970
7 0.3221905 0.3776726 0.0277262 0.0165970
13 0.3915061 0.3776726 0.0277262 0.0165970
14 0.5339181 0.3776726 0.0277262 0.0165970
9 0.1810387 0.4374215 0.0277262 0.0165970
18 0.3221905 0.4374215 0.0277262 0.0165970
10 0.3915061 0.4374215 0.0277262 0.0165970
16 0.3221905 0.4971703 0.0277262 0.0165970
24 0.3915061 0.4971703 0.0277262 0.0165970
3 0.5339181 0.4971703 0.0277262 0.0165970
15 0.6044940 0.4971703 0.0277262 0.0165970
4 0.1810387 0.5569193 0.0277262 0.0165969
19 0.3221905 0.5569193 0.0277262 0.0165969
33 0.3915061 0.5563660 0.0655347 0.0597489
25 0.3915061 0.5569193 0.0277262 0.0165969
20 0.5339181 0.4374215 0.0277262 0.0165970
2 0.6044940 0.3776726 0.0277262 0.0165970
5 0.5339181 0.5569193 0.0277262 0.0165969
26 0.3221905 0.2581748 0.0277262 0.0165969
30 0.1810387 0.3776726 0.0277262 0.0165970
5 0.2516146 0.5569193 0.0277262 0.0165969
12 0.2516146 0.3179237 0.0277262 0.0165969
31 0.4633422 0.4971703 0.0277262 0.0165970
8 0.1810387 0.4971703 0.0277262 0.0165970
28 0.4633422 0.3776726 0.0277262 0.0165970
16 0.3915061 0.3179237 0.0277262 0.0165969
2 0.2516146 0.4374215 0.0277262 0.0165970
18 0.2516146 0.4971703 0.0277262 0.0165970
18 0.6044940 0.2581748 0.0277262 0.0165969
1 0.6044940 0.4374215 0.0277262 0.0165970
26 0.6044940 0.3179237 0.0277262 0.0165969
30 0.1810387 0.2581748 0.0277262 0.0165969
15 0.3221905 0.3179237 0.0277262 0.0165969
17 0.4633422 0.5569193 0.0277262 0.0165969
