6 0.2375373 0.5882328 0.0277927 0.0171718
2 0.1667922 0.4027773 0.0277927 0.0171718
32 0.3101772 0.5315659 0.5116382 0.4395985
19 0.0960472 0.4027773 0.0277927 0.0171718
2 0.2375373 0.4027773 0.0277927 0.0171718
24 0.5205174 0.4027773 0.0277927 0.0171718
26 0.0960472 0.4645958 0.0277927 0.0171718
14 0.1667922 0.4645958 0.0277927 0.0171718
20 0.3790273 0.4645958 0.0277927 0.0171718
16 0.5205174 0.4645958 0.0277927 0.0171718
22 0.0960472 0.5264144 0.0277927 0.0171718
21 0.1667922 0.5264144 0.0277927 0.0171718
29 0.2375373 0.5264144 0.0277927 0.0171718
10 0.3070190 0.5264144 0.0277927 0.0171718
1 0.5205174 0.5264144 0.0277927 0.0171718
12 0.3070190 0.5882328 0.0277927 0.0171718
17 0.3790273 0.5882328 0.0277927 0.0171718
13 0.5205174 0.5882328 0.0277927 0.0171718
34 0.0960472 0.6494790 0.0656918 0.0618186
23 0.0960472 0.6500514 0.0277927 0.0171718
27 0.1667922 0.6500514 0.0277927 0.0171718
9 0.2375373 0.6500514 0.0277927 0.0171718
15 0.3790273 0.6500514 0.0277927 0.0171718
4 0.0960472 0.7118700 0.0277927 0.0171718
3 0.5205174 0.7118700 0.0277927 0.0171718
29 0.3070190 0.7118700 0.0277927 0.0171718
11 0.1667922 0.7118700 0.0277927 0.0171718
13 0.5205174 0.6500514 0.0277927 0.0171718
16 0.3790273 0.5264144 0.0277927 0.0171718
28 0.4497723 0.4027773 0.0277927 0.0171718
3 0.2375373 0.7118700 0.0277927 0.0171718
21 0.4497723 0.5264144 0.0277927 0.0171718
5 0.0960472 0.5882328 0.0277927 0.0171718
18 0.3070190 0.4645958 0.0277927 0.0171718
29 0.4497723 0.5882328 0.0277927 0.0171718
9 0.3070190 0.6500514 0.0277927 0.0171718
31 0.1667922 0.5882328 0.0277927 0.0171718
7 0.4497723 0.7118700 0.0277927 0.0171718
16 0.3070190 0.4027773 0.0277927 0.0171718
12 0.4497723 0.4645958 0.0277927 0.0171718
28 0.4497723 0.6500514 0.0277927 0.0171718
5 0.3790273 0.7118700 0.0277927 0.0171718
31 0.2375373 0.4645958 0.0277927 0.0171718
31 0.3790273 0.4027773 0.0277927 0.0171718
