11 0.5852285 0.3685101 0.0271881 0.0174349
8 0.4468163 0.2429786 0.0271881 0.0174349
32 0.5178761 0.3737406 0.5005083 0.4463341
23 0.3084041 0.2429786 0.0271881 0.0174349
1 0.3776102 0.2429786 0.0271881 0.0174349
13 0.5147865 0.2429786 0.0271881 0.0174349
6 0.6544345 0.2429786 0.0271881 0.0174349
25 0.3084041 0.3057444 0.0271881 0.0174349
4 0.5147865 0.3057444 0.0271881 0.0174349
26 0.6544345 0.3057444 0.0271881 0.0174349
27 0.7236406 0.3057444 0.0271881 0.0174349
24 0.4468163 0.3685101 0.0271881 0.0174349
2 0.5147865 0.3685101 0.0271881 0.0174349
34 0.7236406 0.3679289 0.0642628 0.0627658
4 0.7236406 0.3685101 0.0271881 0.0174349
10 0.5147865 0.4312758 0.0271881 0.0174350
11 0.3084041 0.4940415 0.0271881 0.0174349
22 0.3776102 0.4940415 0.0271881 0.0174349
16 0.4468163 0.4940415 0.0271881 0.0174349
18 0.5147865 0.4940415 0.0271881 0.0174349
17 0.5852285 0.4940415 0.0271881 0.0174349
15 0.6544345 0.4940415 0.0271881 0.0174349
30 0.3084041 0.5568073 0.0271881 0.0174349
14 0.4468163 0.5568073 0.0271881 0.0174349
12 0.7236406 0.5568073 0.0271881 0.0174349
15 0.4468163 0.4312758 0.0271881 0.0174350
21 0.5852285 0.2429786 0.0271881 0.0174349
17 0.7236406 0.4940415 0.0271881 0.0174349
29 0.3084041 0.3685101 0.0271881 0.0174349
4 0.7236406 0.4312758 0.0271881 0.0174350
29 0.6544345 0.4312758 0.0271881 0.0174350
5 0.6544345 0.3685101 0.0271881 0.0174349
9 0.3776102 0.5568073 0.0271881 0.0174349
8 0.5852285 0.4312758 0.0271881 0.0174350
4 0.3776102 0.3685101 0.0271881 0.0174349
14 0.6544345 0.5568073 0.0271881 0.0174349
31 0.3776102 0.4312758 0.0271881 0.0174350
25 0.3084041 0.4312758 0.0271881 0.0174350
13 0.5852285 0.3057444 0.0271881 0.0174349
14 0.4468163 0.3057444 0.0271881 0.0174349
12 0.7236406 0.2429786 0.0271881 0.0174349
2 0.3776102 0.3057444 0.0271881 0.0174349
6 0.5147865 0.5568073 0.0271881 0.0174349
16 0.5852285 0.5568073 0.0271881 0.0174349
