28 0.7866058 0.4368054 0.0282247 0.0161892
10 0.7147610 0.4368054 0.0282248 0.0161892
32 0.5729960 0.5582241 0.5195916 0.4144428
29 0.3555373 0.4368054 0.0282247 0.0161892
7 0.5697886 0.4368054 0.0282247 0.0161892
1 0.6429163 0.4368054 0.0282247 0.0161892
27 0.4273820 0.4950864 0.0282247 0.0161892
5 0.6429163 0.4950864 0.0282247 0.0161892
14 0.7866058 0.4950864 0.0282247 0.0161892
24 0.3555373 0.5533674 0.0282247 0.0161892
30 0.5697886 0.5533674 0.0282247 0.0161892
21 0.6429163 0.5533674 0.0282247 0.0161892
20 0.3555373 0.6116484 0.0282247 0.0161891
34 0.4267406 0.6111088 0.0654300 0.0582810
24 0.4273820 0.6116484 0.0282247 0.0161891
13 0.7147610 0.6116484 0.0282248 0.0161891
11 0.7866058 0.6116484 0.0282247 0.0161891
12 0.3555373 0.6699295 0.0282247 0.0161892
25 0.4273820 0.6699295 0.0282247 0.0161892
17 0.4992268 0.6699295 0.0282247 0.0161892
22 0.6429163 0.6699295 0.0282247 0.0161892
31 0.3555373 0.7282104 0.0282247 0.0161892
18 0.4273820 0.7282104 0.0282247 0.0161892
15 0.5697886 0.7282104 0.0282247 0.0161892
4 0.7147610 0.7282104 0.0282248 0.0161892
16 0.6429163 0.7282104 0.0282247 0.0161892
28 0.4273820 0.4368054 0.0282247 0.0161892
31 0.4992268 0.4950864 0.0282247 0.0161892
15 0.7147610 0.6699295 0.0282248 0.0161892
19 0.7147610 0.5533674 0.0282248 0.0161892
4 0.4992268 0.6116484 0.0282247 0.0161891
28 0.7866058 0.5533674 0.0282247 0.0161892
27 0.4992268 0.7282104 0.0282247 0.0161892
31 0.5697886 0.4950864 0.0282247 0.0161892
31 0.5697886 0.6116484 0.0282247 0.0161891
30 0.7866058 0.6699295 0.0282247 0.0161892
22 0.6429163 0.6116484 0.0282247 0.0161891
2 0.7147610 0.4950864 0.0282248 0.0161892
24 0.7866058 0.7282104 0.0282247 0.0161892
1 0.3555373 0.4950864 0.0282247 0.0161892
22 0.4273820 0.5533674 0.0282247 0.0161892
4 0.4992268 0.5533674 0.0282247 0.0161892
11 0.4992268 0.4368054 0.0282247 0.0161892
29 0.5697886 0.6699295 0.0282247 0.0161892
