6 0.3202892 0.7285311 0.0273471 0.0170159
30 0.3899000 0.7285311 0.0273471 0.0170159
32 0.5309862 0.5498648 0.5034354 0.4356055
33 0.3892784 0.4216789 0.0633956 0.0612570
31 0.3899000 0.4222461 0.0273471 0.0170159
24 0.4595108 0.4222461 0.0273471 0.0170159
9 0.5278785 0.4222461 0.0273471 0.0170159
3 0.6683432 0.4222461 0.0273471 0.0170159
10 0.3202892 0.4835030 0.0273471 0.0170159
11 0.3899000 0.4835030 0.0273471 0.0170159
27 0.4595108 0.4835030 0.0273471 0.0170159
12 0.5987324 0.4835030 0.0273471 0.0170159
17 0.3899000 0.5447601 0.0273471 0.0170159
1 0.4595108 0.5447601 0.0273471 0.0170159
25 0.5278785 0.5447601 0.0273471 0.0170159
14 0.6683432 0.5447601 0.0273471 0.0170159
8 0.3202892 0.6060171 0.0273471 0.0170158
30 0.5987324 0.6060171 0.0273471 0.0170158
26 0.7379539 0.6060171 0.0273470 0.0170158
15 0.3899000 0.6672742 0.0273471 0.0170159
29 0.4595108 0.6672742 0.0273471 0.0170159
20 0.5278785 0.6672742 0.0273471 0.0170159
23 0.4595108 0.7285311 0.0273471 0.0170159
6 0.5987324 0.7285311 0.0273471 0.0170159
19 0.6683432 0.7285311 0.0273471 0.0170159
21 0.5987324 0.4222461 0.0273471 0.0170159
1 0.7379539 0.7285311 0.0273470 0.0170159
1 0.7379539 0.6672742 0.0273470 0.0170159
30 0.7379539 0.5447601 0.0273470 0.0170159
22 0.3202892 0.4222461 0.0273471 0.0170159
7 0.5278785 0.4835030 0.0273471 0.0170159
4 0.6683432 0.4835030 0.0273471 0.0170159
11 0.4595108 0.6060171 0.0273471 0.0170158
3 0.3202892 0.6672742 0.0273471 0.0170159
27 0.5278785 0.7285311 0.0273471 0.0170159
2 0.5278785 0.6060171 0.0273471 0.0170158
14 0.7379539 0.4222461 0.0273470 0.0170159
8 0.3202892 0.5447601 0.0273471 0.0170159
19 0.7379539 0.4835030 0.0273470 0.0170159
6 0.3899000 0.6060171 0.0273471 0.0170158
17 0.6683432 0.6060171 0.0273471 0.0170158
26 0.5987324 0.5447601 0.0273471 0.0170159
8 0.6683432 0.6672742 0.0273471 0.0170159
9 0.5987324 0.6672742 0.0273471 0.0170159
