29 0.7228233 0.5007071 0.0263983 0.0159534
8 0.3868447 0.4432750 0.0263983 0.0159534
32 0.5230360 0.3906289 0.4859690 0.4084059
3 0.3196490 0.2709788 0.0263983 0.0159533
17 0.3868447 0.2709788 0.0263983 0.0159533
11 0.5200362 0.2709788 0.0263983 0.0159533
14 0.6556275 0.2709788 0.0263983 0.0159533
31 0.7228233 0.2709788 0.0263983 0.0159533
12 0.3196490 0.3284108 0.0263983 0.0159533
19 0.3868447 0.3284108 0.0263983 0.0159533
10 0.5884319 0.3284108 0.0263983 0.0159533
1 0.6556275 0.3284108 0.0263983 0.0159533
24 0.7228233 0.3284108 0.0263983 0.0159533
27 0.3196490 0.3858429 0.0263983 0.0159533
15 0.4540404 0.3858429 0.0263983 0.0159533
25 0.5200362 0.3858429 0.0263983 0.0159533
9 0.6556275 0.3858429 0.0263983 0.0159533
26 0.7228233 0.3858429 0.0263983 0.0159533
6 0.3196490 0.4432750 0.0263983 0.0159534
4 0.5884319 0.4432750 0.0263983 0.0159534
33 0.4540404 0.5001753 0.0623960 0.0574320
6 0.4540404 0.5007071 0.0263983 0.0159534
29 0.5200362 0.5007071 0.0263983 0.0159534
7 0.3868447 0.5581392 0.0263983 0.0159534
5 0.6556275 0.5581392 0.0263983 0.0159534
6 0.4540404 0.3284108 0.0263983 0.0159533
1 0.7228233 0.4432750 0.0263983 0.0159534
28 0.4540404 0.4432750 0.0263983 0.0159534
29 0.6556275 0.5007071 0.0263983 0.0159534
22 0.3196490 0.5007071 0.0263983 0.0159534
17 0.5200362 0.4432750 0.0263983 0.0159534
4 0.4540404 0.5581392 0.0263983 0.0159534
22 0.5200362 0.3284108 0.0263983 0.0159533
26 0.3868447 0.3858429 0.0263983 0.0159533
6 0.5200362 0.5581392 0.0263983 0.0159534
31 0.5884319 0.2709788 0.0263983 0.0159533
22 0.5884319 0.5581392 0.0263983 0.0159534
26 0.7228233 0.5581392 0.0263983 0.0159534
15 0.6556275 0.4432750 0.0263983 0.0159534
9 0.3868447 0.5007071 0.0263983 0.0159534
2 0.5884319 0.5007071 0.0263983 0.0159534
6 0.3196490 0.5581392 0.0263983 0.0159534
13 0.4540404 0.2709788 0.0263983 0.0159533
7 0.5884319 0.3858429 0.0263983 0.0159533
