1 0.2988707 0.5744504 0.0265557 0.0168063
19 0.4352707 0.5139477 0.0265557 0.0168063
32 0.3018884 0.4584867 0.4888672 0.4302422
16 0.4352707 0.3324392 0.0265557 0.0168063
8 0.0972885 0.3929420 0.0265557 0.0168064
23 0.1648849 0.3929420 0.0265557 0.0168064
3 0.2324813 0.3929420 0.0265557 0.0168064
6 0.3676743 0.3929420 0.0265557 0.0168064
25 0.1648849 0.4534448 0.0265557 0.0168064
29 0.2988707 0.4534448 0.0265557 0.0168064
30 0.3676743 0.4534448 0.0265557 0.0168064
31 0.4352707 0.4534448 0.0265557 0.0168064
2 0.5028671 0.4534448 0.0265557 0.0168064
4 0.0972885 0.5139477 0.0265557 0.0168063
18 0.1648849 0.5139477 0.0265557 0.0168063
11 0.2324813 0.5139477 0.0265557 0.0168063
22 0.3676743 0.5139477 0.0265557 0.0168063
21 0.0972885 0.5744504 0.0265557 0.0168063
14 0.3676743 0.5744504 0.0265557 0.0168063
33 0.5028671 0.5738902 0.0627681 0.0605028
12 0.5028671 0.5744504 0.0265557 0.0168063
12 0.0972885 0.6349533 0.0265557 0.0168064
17 0.1648849 0.6349533 0.0265557 0.0168064
19 0.4352707 0.6349533 0.0265557 0.0168064
13 0.5028671 0.6349533 0.0265557 0.0168064
27 0.2988707 0.6349533 0.0265557 0.0168064
16 0.2324813 0.6349533 0.0265557 0.0168064
18 0.0972885 0.3324392 0.0265557 0.0168063
9 0.2988707 0.5139477 0.0265557 0.0168063
17 0.3676743 0.3324392 0.0265557 0.0168063
4 0.5028671 0.3929420 0.0265557 0.0168064
13 0.2988707 0.3929420 0.0265557 0.0168064
8 0.5028671 0.3324392 0.0265557 0.0168063
19 0.0972885 0.4534448 0.0265557 0.0168064
3 0.2324813 0.4534448 0.0265557 0.0168064
28 0.4352707 0.3929420 0.0265557 0.0168064
31 0.4352707 0.5744504 0.0265557 0.0168063
5 0.2988707 0.3324392 0.0265557 0.0168063
1 0.3676743 0.6349533 0.0265557 0.0168064
27 0.2324813 0.5744504 0.0265557 0.0168063
8 0.2324813 0.3324392 0.0265557 0.0168063
30 0.1648849 0.5744504 0.0265557 0.0168063
30 0.1648849 0.3324392 0.0265557 0.0168063
10 0.5028671 0.5139477 0.0265557 0.0168063
