1 0.6578406 0.5383755 0.0278190 0.0168230
16 0.6578406 0.4778127 0.0278190 0.0168230
32 0.5889254 0.5434224 0.5121217 0.4306685
6 0.3745930 0.4172500 0.0278189 0.0168230
14 0.4454049 0.4172500 0.0278189 0.0168230
27 0.7286523 0.4172500 0.0278190 0.0168230
11 0.3745930 0.4778127 0.0278189 0.0168230
2 0.4454049 0.4778127 0.0278189 0.0168230
10 0.5162168 0.4778127 0.0278189 0.0168230
18 0.5857642 0.4778127 0.0278189 0.0168230
4 0.7286523 0.4778127 0.0278190 0.0168230
29 0.7994643 0.4778127 0.0278189 0.0168230
25 0.4454049 0.5383755 0.0278189 0.0168230
31 0.5857642 0.5383755 0.0278189 0.0168230
24 0.4454049 0.5989383 0.0278189 0.0168230
20 0.5162168 0.5989383 0.0278189 0.0168230
19 0.5857642 0.5989383 0.0278189 0.0168230
22 0.6578406 0.5989383 0.0278190 0.0168230
8 0.3745930 0.6595010 0.0278189 0.0168230
30 0.5162168 0.6595010 0.0278189 0.0168230
12 0.7994643 0.6595010 0.0278189 0.0168230
3 0.3745930 0.7200637 0.0278189 0.0168230
34 0.5857642 0.7195030 0.0657539 0.0605627
13 0.5857642 0.7200637 0.0278189 0.0168230
5 0.7286523 0.7200637 0.0278190 0.0168230
20 0.7286523 0.5383755 0.0278190 0.0168230
19 0.7286523 0.5989383 0.0278190 0.0168230
3 0.6578406 0.6595010 0.0278190 0.0168230
26 0.3745930 0.5989383 0.0278189 0.0168230
3 0.7994643 0.7200637 0.0278189 0.0168230
13 0.5162168 0.4172500 0.0278189 0.0168230
24 0.7994643 0.4172500 0.0278189 0.0168230
2 0.4454049 0.6595010 0.0278189 0.0168230
22 0.4454049 0.7200637 0.0278189 0.0168230
6 0.6578406 0.7200637 0.0278190 0.0168230
26 0.5857642 0.4172500 0.0278189 0.0168230
13 0.5162168 0.5383755 0.0278189 0.0168230
10 0.5162168 0.7200637 0.0278189 0.0168230
8 0.7994643 0.5383755 0.0278189 0.0168230
9 0.7994643 0.5989383 0.0278189 0.0168230
11 0.6578406 0.4172500 0.0278190 0.0168230
31 0.7286523 0.6595010 0.0278190 0.0168230
29 0.3745930 0.5383755 0.0278189 0.0168230
25 0.5857642 0.6595010 0.0278189 0.0168230
