4 0.8319904 0.4657710 0.0288710 0.0163993
9 0.7585004 0.4657710 0.0288710 0.0163993
32 0.6134889 0.4706908 0.5314901 0.4198203
3 0.3910505 0.3476966 0.0288710 0.0163992
23 0.4645405 0.3476966 0.0288710 0.0163992
15 0.5380305 0.3476966 0.0288710 0.0163992
5 0.6850105 0.3476966 0.0288710 0.0163992
18 0.7585004 0.3476966 0.0288710 0.0163992
2 0.8319904 0.3476966 0.0288710 0.0163992
11 0.4645405 0.4067338 0.0288710 0.0163992
8 0.5380305 0.4067338 0.0288710 0.0163992
7 0.8319904 0.4067338 0.0288710 0.0163992
22 0.4645405 0.4657710 0.0288710 0.0163993
14 0.6102081 0.4657710 0.0288711 0.0163993
9 0.6850105 0.4657710 0.0288710 0.0163993
12 0.4645405 0.5248082 0.0288710 0.0163993
17 0.5380305 0.5248082 0.0288710 0.0163993
34 0.6102081 0.5242616 0.0682407 0.0590373
3 0.6102081 0.5248082 0.0288711 0.0163993
13 0.8319904 0.5248082 0.0288710 0.0163993
31 0.4645405 0.5838455 0.0288710 0.0163992
30 0.6850105 0.5838455 0.0288710 0.0163992
24 0.3910505 0.6428827 0.0288710 0.0163992
20 0.5380305 0.6428827 0.0288710 0.0163992
26 0.8319904 0.6428827 0.0288710 0.0163992
18 0.3910505 0.5248082 0.0288710 0.0163993
17 0.5380305 0.4657710 0.0288710 0.0163993
27 0.5380305 0.5838455 0.0288710 0.0163992
5 0.6102081 0.4067338 0.0288711 0.0163992
25 0.7585004 0.6428827 0.0288710 0.0163992
20 0.7585004 0.5838455 0.0288710 0.0163992
11 0.6102081 0.6428827 0.0288711 0.0163992
7 0.7585004 0.4067338 0.0288710 0.0163992
2 0.6102081 0.5838455 0.0288711 0.0163992
16 0.6850105 0.5248082 0.0288710 0.0163993
16 0.8319904 0.5838455 0.0288710 0.0163992
8 0.6850105 0.6428827 0.0288710 0.0163992
10 0.7585004 0.5248082 0.0288710 0.0163993
14 0.3910505 0.4067338 0.0288710 0.0163992
31 0.3910505 0.5838455 0.0288710 0.0163992
14 0.4645405 0.6428827 0.0288710 0.0163992
30 0.6850105 0.4067338 0.0288710 0.0163992
5 0.6102081 0.3476966 0.0288711 0.0163992
31 0.3910505 0.4657710 0.0288710 0.0163993
