4 0.6686205 0.3601802 0.0272858 0.0159203
17 0.6686205 0.4174931 0.0272858 0.0159202
32 0.6010258 0.4795821 0.5023082 0.4075585
31 0.5297105 0.3601802 0.0272859 0.0159203
34 0.5979252 0.3596495 0.0644939 0.0573129
27 0.5979252 0.3601802 0.0272859 0.0159203
2 0.7380754 0.3601802 0.0272858 0.0159203
29 0.8075304 0.3601802 0.0272858 0.0159203
20 0.4602555 0.4174931 0.0272859 0.0159202
16 0.5297105 0.4174931 0.0272859 0.0159202
23 0.8075304 0.4174931 0.0272858 0.0159202
6 0.4602555 0.4748060 0.0272859 0.0159203
4 0.5297105 0.4748060 0.0272859 0.0159203
24 0.5979252 0.4748060 0.0272859 0.0159203
7 0.6686205 0.4748060 0.0272858 0.0159203
13 0.3908006 0.5321189 0.0272859 0.0159202
1 0.4602555 0.5321189 0.0272859 0.0159202
15 0.6686205 0.5321189 0.0272858 0.0159202
26 0.7380754 0.5321189 0.0272858 0.0159202
25 0.8075304 0.5321189 0.0272858 0.0159202
17 0.6686205 0.5894318 0.0272858 0.0159203
18 0.4602555 0.6467447 0.0272859 0.0159203
19 0.5297105 0.6467447 0.0272859 0.0159203
27 0.6686205 0.6467447 0.0272858 0.0159203
10 0.8075304 0.6467447 0.0272858 0.0159203
1 0.4602555 0.5894318 0.0272859 0.0159203
29 0.7380754 0.6467447 0.0272858 0.0159203
4 0.7380754 0.4174931 0.0272858 0.0159202
20 0.3908006 0.5894318 0.0272859 0.0159203
9 0.5979252 0.5894318 0.0272859 0.0159203
16 0.5979252 0.5321189 0.0272859 0.0159202
24 0.5297105 0.5321189 0.0272859 0.0159202
22 0.3908006 0.4748060 0.0272859 0.0159203
11 0.5297105 0.5894318 0.0272859 0.0159203
28 0.7380754 0.4748060 0.0272858 0.0159203
25 0.5979252 0.4174931 0.0272859 0.0159202
16 0.3908006 0.4174931 0.0272859 0.0159202
24 0.5979252 0.6467447 0.0272859 0.0159203
14 0.3908006 0.6467447 0.0272859 0.0159203
13 0.4602555 0.3601802 0.0272859 0.0159203
24 0.8075304 0.5894318 0.0272858 0.0159203
8 0.7380754 0.5894318 0.0272858 0.0159203
27 0.3908006 0.3601802 0.0272859 0.0159203
7 0.8075304 0.4748060 0.0272858 0.0159203
