26 0.7711874 0.6196961 0.0286157 0.0159612
25 0.6242065 0.5622357 0.0286157 0.0159612
32 0.6274583 0.5095637 0.5267902 0.4086073
19 0.4069868 0.3898545 0.0286158 0.0159612
16 0.4798270 0.3898545 0.0286158 0.0159612
33 0.5526670 0.3893224 0.0676373 0.0574604
30 0.5526671 0.3898545 0.0286158 0.0159612
20 0.6983473 0.3898545 0.0286157 0.0159612
13 0.8440276 0.3898545 0.0286157 0.0159612
12 0.5526671 0.4473149 0.0286158 0.0159612
3 0.8440276 0.4473149 0.0286157 0.0159612
15 0.6242065 0.5047753 0.0286157 0.0159612
30 0.6983473 0.5047753 0.0286157 0.0159612
31 0.7711874 0.5047753 0.0286157 0.0159612
4 0.8440276 0.5047753 0.0286157 0.0159612
17 0.4798270 0.5622357 0.0286158 0.0159612
23 0.8440276 0.5622357 0.0286157 0.0159612
5 0.4798270 0.6196961 0.0286158 0.0159612
26 0.6242065 0.6196961 0.0286157 0.0159612
21 0.6983473 0.6196961 0.0286157 0.0159612
2 0.8440276 0.6196961 0.0286157 0.0159612
8 0.4798270 0.6771565 0.0286158 0.0159612
6 0.5526671 0.6771565 0.0286158 0.0159612
14 0.6983473 0.6771565 0.0286157 0.0159612
1 0.7711874 0.6771565 0.0286157 0.0159612
28 0.8440276 0.6771565 0.0286157 0.0159612
18 0.7711874 0.3898545 0.0286157 0.0159612
9 0.4798270 0.5047753 0.0286158 0.0159612
13 0.6242065 0.6771565 0.0286157 0.0159612
30 0.4069868 0.6196961 0.0286158 0.0159612
7 0.4069868 0.5047753 0.0286158 0.0159612
7 0.4069868 0.4473149 0.0286158 0.0159612
14 0.6242065 0.4473149 0.0286157 0.0159612
29 0.4069868 0.6771565 0.0286158 0.0159612
11 0.6242065 0.3898545 0.0286157 0.0159612
12 0.5526671 0.6196961 0.0286158 0.0159612
30 0.7711874 0.5622357 0.0286157 0.0159612
3 0.6983473 0.4473149 0.0286157 0.0159612
10 0.4069868 0.5622357 0.0286158 0.0159612
28 0.5526671 0.5622357 0.0286158 0.0159612
27 0.7711874 0.4473149 0.0286157 0.0159612
30 0.4798270 0.4473149 0.0286158 0.0159612
2 0.5526671 0.5047753 0.0286158 0.0159612
16 0.6983473 0.5622357 0.0286157 0.0159612
