12 0.1268068 0.5522243 0.0285083 0.0162480
13 0.3432103 0.4352388 0.0285083 0.0162480
32 0.3464499 0.5570987 0.5248109 0.4159484
16 0.2719397 0.4352388 0.0285082 0.0162480
5 0.4170726 0.4352388 0.0285083 0.0162480
2 0.5622055 0.4352388 0.0285082 0.0162480
19 0.1268068 0.4937316 0.0285083 0.0162480
31 0.4896391 0.4937316 0.0285083 0.0162480
15 0.1993732 0.5522243 0.0285082 0.0162480
30 0.2719397 0.5522243 0.0285082 0.0162480
24 0.4896391 0.5522243 0.0285083 0.0162480
25 0.5622055 0.5522243 0.0285082 0.0162480
14 0.1268068 0.6107170 0.0285083 0.0162480
11 0.2719397 0.6107170 0.0285082 0.0162480
10 0.3432103 0.6107170 0.0285083 0.0162480
22 0.4170726 0.6107170 0.0285083 0.0162480
8 0.4896391 0.6107170 0.0285083 0.0162480
1 0.4170726 0.6692098 0.0285083 0.0162480
34 0.4889911 0.6686682 0.0660873 0.0584928
7 0.4896391 0.6692098 0.0285083 0.0162480
13 0.1993732 0.7277025 0.0285082 0.0162480
9 0.2719397 0.7277025 0.0285082 0.0162480
18 0.3432103 0.7277025 0.0285083 0.0162480
17 0.4170726 0.7277025 0.0285083 0.0162480
7 0.4896391 0.7277025 0.0285083 0.0162480
8 0.1993732 0.6692098 0.0285082 0.0162480
3 0.1268068 0.6692098 0.0285083 0.0162480
25 0.3432103 0.5522243 0.0285083 0.0162480
13 0.5622055 0.6692098 0.0285082 0.0162480
17 0.1993732 0.4352388 0.0285082 0.0162480
10 0.5622055 0.7277025 0.0285082 0.0162480
27 0.1268068 0.4352388 0.0285083 0.0162480
29 0.4896391 0.4352388 0.0285083 0.0162480
21 0.2719397 0.4937316 0.0285082 0.0162480
27 0.4170726 0.4937316 0.0285083 0.0162480
16 0.5622055 0.6107170 0.0285082 0.0162480
7 0.4170726 0.5522243 0.0285083 0.0162480
27 0.3432103 0.4937316 0.0285083 0.0162480
4 0.3432103 0.6692098 0.0285083 0.0162480
7 0.1993732 0.6107170 0.0285082 0.0162480
24 0.2719397 0.6692098 0.0285082 0.0162480
21 0.5622055 0.4937316 0.0285082 0.0162480
3 0.1268068 0.7277025 0.0285083 0.0162480
15 0.1993732 0.4937316 0.0285082 0.0162480
