15 0.2713481 0.7045075 0.0266449 0.0162055
22 0.1357012 0.5878281 0.0266449 0.0162054
32 0.3409882 0.5343501 0.4905087 0.4148601
20 0.1357012 0.4128090 0.0266449 0.0162055
16 0.2035246 0.4128090 0.0266449 0.0162055
22 0.4069949 0.4128090 0.0266449 0.0162055
21 0.5426418 0.4128090 0.0266449 0.0162055
3 0.2035246 0.4711487 0.0266449 0.0162055
10 0.4748183 0.4711487 0.0266449 0.0162055
12 0.5426418 0.4711487 0.0266449 0.0162055
29 0.1357012 0.5294884 0.0266449 0.0162054
34 0.2713481 0.5289483 0.0629789 0.0583396
6 0.2713481 0.5294884 0.0266449 0.0162054
26 0.4069949 0.5294884 0.0266449 0.0162054
19 0.4748183 0.5294884 0.0266449 0.0162054
25 0.2713481 0.5878281 0.0266449 0.0162054
11 0.4748183 0.5878281 0.0266449 0.0162054
23 0.5426418 0.5878281 0.0266449 0.0162054
2 0.1357012 0.6461678 0.0266449 0.0162054
18 0.2713481 0.6461678 0.0266449 0.0162054
24 0.3379604 0.6461678 0.0266449 0.0162054
7 0.4069949 0.6461678 0.0266449 0.0162054
14 0.5426418 0.6461678 0.0266449 0.0162054
17 0.2035246 0.7045075 0.0266449 0.0162055
4 0.4748183 0.7045075 0.0266449 0.0162055
17 0.4069949 0.5878281 0.0266449 0.0162054
9 0.2035246 0.5878281 0.0266449 0.0162054
31 0.1357012 0.7045075 0.0266449 0.0162055
7 0.4748183 0.6461678 0.0266449 0.0162054
2 0.5426418 0.5294884 0.0266449 0.0162054
21 0.2713481 0.4711487 0.0266449 0.0162055
13 0.3379604 0.5294884 0.0266449 0.0162054
1 0.2035246 0.5294884 0.0266449 0.0162054
11 0.3379604 0.7045075 0.0266449 0.0162055
28 0.1357012 0.4711487 0.0266449 0.0162055
24 0.2035246 0.6461678 0.0266449 0.0162054
11 0.3379604 0.4128090 0.0266449 0.0162055
16 0.2713481 0.4128090 0.0266449 0.0162055
9 0.5426418 0.7045075 0.0266449 0.0162055
13 0.3379604 0.5878281 0.0266449 0.0162054
15 0.4069949 0.7045075 0.0266449 0.0162055
29 0.3379604 0.4711487 0.0266449 0.0162055
6 0.4748183 0.4128090 0.0266449 0.0162055
24 0.4069949 0.4711487 0.0266449 0.0162055
