12 0.4051763 0.3336450 0.0272388 0.0165127
2 0.2677439 0.3930905 0.0272388 0.0165126
32 0.4082716 0.4574898 0.5014425 0.4227237
22 0.5450849 0.3336450 0.0272388 0.0165127
13 0.6144202 0.3336450 0.0272388 0.0165127
18 0.4757497 0.3930905 0.0272388 0.0165126
11 0.1984087 0.4525360 0.0272388 0.0165127
2 0.2677439 0.4525360 0.0272388 0.0165127
5 0.4051763 0.4525360 0.0272388 0.0165127
21 0.4757497 0.4525360 0.0272388 0.0165127
29 0.5450849 0.4525360 0.0272388 0.0165127
19 0.6144202 0.4525360 0.0272388 0.0165127
34 0.2671249 0.5114311 0.0631446 0.0594455
13 0.2677439 0.5119815 0.0272388 0.0165127
17 0.3370792 0.5119815 0.0272389 0.0165127
26 0.4757497 0.5119815 0.0272388 0.0165127
14 0.5450849 0.5119815 0.0272388 0.0165127
9 0.6144202 0.5119815 0.0272388 0.0165127
23 0.1984087 0.5714270 0.0272388 0.0165127
27 0.4051763 0.5714270 0.0272388 0.0165127
6 0.5450849 0.5714270 0.0272388 0.0165127
25 0.6144202 0.5714270 0.0272388 0.0165127
4 0.2677439 0.6308725 0.0272388 0.0165127
10 0.4051763 0.6308725 0.0272388 0.0165127
31 0.5450849 0.6308725 0.0272388 0.0165127
2 0.2677439 0.3336450 0.0272388 0.0165127
25 0.4757497 0.5714270 0.0272388 0.0165127
17 0.4051763 0.3930905 0.0272388 0.0165126
28 0.1984087 0.3930905 0.0272388 0.0165126
18 0.3370792 0.4525360 0.0272389 0.0165127
17 0.6144202 0.3930905 0.0272388 0.0165126
14 0.1984087 0.3336450 0.0272388 0.0165127
22 0.4051763 0.5119815 0.0272388 0.0165127
16 0.3370792 0.6308725 0.0272389 0.0165127
11 0.5450849 0.3930905 0.0272388 0.0165126
14 0.1984087 0.6308725 0.0272388 0.0165127
1 0.3370792 0.3930905 0.0272389 0.0165126
2 0.4757497 0.3336450 0.0272388 0.0165127
12 0.6144202 0.6308725 0.0272388 0.0165127
11 0.4757497 0.6308725 0.0272388 0.0165127
6 0.1984087 0.5119815 0.0272388 0.0165127
31 0.3370792 0.3336450 0.0272389 0.0165127
5 0.3370792 0.5714270 0.0272389 0.0165127
8 0.2677439 0.5714270 0.0272388 0.0165127
