18 0.3623625 0.5381992 0.0282903 0.0160367
10 0.1476138 0.6536637 0.0282902 0.0160367
32 0.3655773 0.6007425 0.5207977 0.4105404
22 0.2196254 0.4804670 0.0282903 0.0160367
31 0.2916369 0.4804670 0.0282902 0.0160367
9 0.4356599 0.4804670 0.0282903 0.0160367
20 0.5796830 0.4804670 0.0282903 0.0160367
7 0.1476138 0.5381992 0.0282902 0.0160367
21 0.2916369 0.5381992 0.0282902 0.0160367
19 0.5796830 0.5381992 0.0282903 0.0160367
23 0.2916369 0.5959314 0.0282902 0.0160367
16 0.3623625 0.5959314 0.0282903 0.0160367
26 0.2196254 0.6536637 0.0282903 0.0160367
15 0.3623625 0.6536637 0.0282903 0.0160367
5 0.4356599 0.6536637 0.0282903 0.0160367
33 0.5070285 0.6531291 0.0655820 0.0577322
19 0.5076715 0.6536637 0.0282903 0.0160367
4 0.5796830 0.6536637 0.0282903 0.0160367
24 0.3623625 0.7113959 0.0282903 0.0160368
3 0.5076715 0.7113959 0.0282903 0.0160368
30 0.5796830 0.7113959 0.0282903 0.0160368
12 0.1476138 0.7691281 0.0282902 0.0160367
13 0.2196254 0.7691281 0.0282903 0.0160367
11 0.4356599 0.7691281 0.0282903 0.0160367
1 0.5796830 0.7691281 0.0282903 0.0160367
4 0.5076715 0.4804670 0.0282903 0.0160367
13 0.4356599 0.7113959 0.0282903 0.0160368
31 0.1476138 0.4804670 0.0282902 0.0160367
16 0.5796830 0.5959314 0.0282903 0.0160367
24 0.1476138 0.5959314 0.0282902 0.0160367
16 0.2196254 0.5381992 0.0282903 0.0160367
27 0.1476138 0.7113959 0.0282902 0.0160368
8 0.4356599 0.5959314 0.0282903 0.0160367
22 0.2196254 0.5959314 0.0282903 0.0160367
10 0.3623625 0.7691281 0.0282903 0.0160367
16 0.2196254 0.7113959 0.0282903 0.0160368
22 0.2916369 0.7691281 0.0282902 0.0160367
3 0.3623625 0.4804670 0.0282903 0.0160367
13 0.2916369 0.7113959 0.0282902 0.0160368
9 0.2916369 0.6536637 0.0282902 0.0160367
7 0.5076715 0.5959314 0.0282903 0.0160367
4 0.4356599 0.5381992 0.0282903 0.0160367
27 0.5076715 0.5381992 0.0282903 0.0160367
13 0.5076715 0.7691281 0.0282903 0.0160367
