7 0.4357684 0.2527399 0.0280946 0.0165465
19 0.5787956 0.3718749 0.0280946 0.0165465
32 0.3661703 0.3768388 0.5171966 0.4235911
12 0.1497140 0.2527399 0.0280946 0.0165465
2 0.2212276 0.2527399 0.0280946 0.0165465
17 0.2927412 0.2527399 0.0280946 0.0165465
24 0.3629778 0.2527399 0.0280946 0.0165465
30 0.5072820 0.2527399 0.0280946 0.0165465
16 0.1497140 0.3123074 0.0280946 0.0165466
20 0.2212276 0.3123074 0.0280946 0.0165466
8 0.4357684 0.3123074 0.0280946 0.0165466
23 0.1497140 0.3718749 0.0280946 0.0165465
11 0.2212276 0.3718749 0.0280946 0.0165465
14 0.2212276 0.4314424 0.0280946 0.0165466
21 0.3629778 0.4314424 0.0280946 0.0165466
1 0.4357684 0.4314424 0.0280946 0.0165466
19 0.5072820 0.4314424 0.0280946 0.0165466
34 0.1497140 0.4904583 0.0664055 0.0595675
26 0.1497140 0.4910099 0.0280946 0.0165465
18 0.3629778 0.4910099 0.0280946 0.0165465
3 0.4357684 0.4910099 0.0280946 0.0165465
5 0.5072820 0.4910099 0.0280946 0.0165465
29 0.2212276 0.5505774 0.0280946 0.0165466
22 0.2927412 0.5505774 0.0280946 0.0165466
25 0.5787956 0.5505774 0.0280946 0.0165466
8 0.5787956 0.2527399 0.0280946 0.0165465
21 0.3629778 0.3718749 0.0280946 0.0165465
10 0.1497140 0.4314424 0.0280946 0.0165466
6 0.2927412 0.4314424 0.0280946 0.0165466
11 0.1497140 0.5505774 0.0280946 0.0165466
17 0.4357684 0.3718749 0.0280946 0.0165465
7 0.5787956 0.4910099 0.0280946 0.0165465
10 0.5787956 0.3123074 0.0280946 0.0165466
29 0.2927412 0.4910099 0.0280946 0.0165465
16 0.5072820 0.5505774 0.0280946 0.0165466
29 0.5072820 0.3123074 0.0280946 0.0165466
30 0.5787956 0.4314424 0.0280946 0.0165466
24 0.3629778 0.3123074 0.0280946 0.0165466
15 0.2212276 0.4910099 0.0280946 0.0165465
6 0.2927412 0.3123074 0.0280946 0.0165466
5 0.4357684 0.5505774 0.0280946 0.0165466
6 0.2927412 0.3718749 0.0280946 0.0165465
3 0.5072820 0.3718749 0.0280946 0.0165465
10 0.3629778 0.5505774 0.0280946 0.0165466
