24 0.4235736 0.4878685 0.0280361 0.0163116
20 0.4235736 0.3704250 0.0280361 0.0163116
32 0.6395792 0.4340402 0.5161195 0.4175770
11 0.4235736 0.3117032 0.0280361 0.0163116
34 0.5663030 0.3111595 0.0662672 0.0587218
10 0.5663030 0.3117032 0.0280361 0.0163116
7 0.7803970 0.3117032 0.0280361 0.0163116
13 0.4949383 0.3704250 0.0280361 0.0163116
4 0.6363933 0.3704250 0.0280362 0.0163116
24 0.7803970 0.3704250 0.0280361 0.0163116
3 0.4235736 0.4291467 0.0280361 0.0163116
15 0.5663030 0.4291467 0.0280361 0.0163116
19 0.6363933 0.4291467 0.0280362 0.0163116
5 0.7090323 0.4291467 0.0280361 0.0163116
26 0.7803970 0.4291467 0.0280361 0.0163116
8 0.5663030 0.4878685 0.0280361 0.0163116
21 0.6363933 0.4878685 0.0280362 0.0163116
17 0.8517616 0.4878685 0.0280361 0.0163116
27 0.5663030 0.5465903 0.0280361 0.0163116
14 0.7803970 0.5465903 0.0280361 0.0163116
18 0.8517616 0.5465903 0.0280361 0.0163116
12 0.4235736 0.6053120 0.0280361 0.0163116
9 0.5663030 0.6053120 0.0280361 0.0163116
16 0.7090323 0.6053120 0.0280361 0.0163116
30 0.8517616 0.6053120 0.0280361 0.0163116
24 0.7803970 0.4878685 0.0280361 0.0163116
11 0.8517616 0.3117032 0.0280361 0.0163116
25 0.4949383 0.5465903 0.0280361 0.0163116
29 0.7090323 0.3704250 0.0280361 0.0163116
7 0.4949383 0.4291467 0.0280361 0.0163116
26 0.8517616 0.3704250 0.0280361 0.0163116
16 0.4949383 0.6053120 0.0280361 0.0163116
6 0.7803970 0.6053120 0.0280361 0.0163116
28 0.4235736 0.5465903 0.0280361 0.0163116
9 0.5663030 0.3704250 0.0280361 0.0163116
12 0.4949383 0.3117032 0.0280361 0.0163116
29 0.6363933 0.5465903 0.0280362 0.0163116
27 0.7090323 0.3117032 0.0280361 0.0163116
16 0.6363933 0.6053120 0.0280362 0.0163116
5 0.6363933 0.3117032 0.0280362 0.0163116
3 0.7090323 0.4878685 0.0280361 0.0163116
29 0.7090323 0.5465903 0.0280361 0.0163116
2 0.4949383 0.4878685 0.0280361 0.0163116
30 0.8517616 0.4291467 0.0280361 0.0163116
