30 0.5636108 0.6083698 0.0265077 0.0167886
24 0.4286623 0.6083698 0.0265078 0.0167886
32 0.4979439 0.6134063 0.4879835 0.4297858
25 0.3611880 0.4874925 0.0265077 0.0167885
1 0.4949316 0.4874925 0.0265078 0.0167885
16 0.6985593 0.4874925 0.0265077 0.0167885
7 0.2937138 0.5479311 0.0265077 0.0167885
13 0.4949316 0.5479311 0.0265078 0.0167885
17 0.5636108 0.5479311 0.0265077 0.0167885
5 0.6310851 0.5479311 0.0265078 0.0167885
26 0.2937138 0.6083698 0.0265077 0.0167886
9 0.3611880 0.6083698 0.0265077 0.0167886
10 0.6310851 0.6083698 0.0265078 0.0167886
8 0.3611880 0.6688084 0.0265077 0.0167886
33 0.4286623 0.6682488 0.0626546 0.0604385
5 0.4286623 0.6688084 0.0265078 0.0167886
23 0.4949316 0.6688084 0.0265078 0.0167886
29 0.6310851 0.6688084 0.0265078 0.0167886
21 0.3611880 0.7292470 0.0265077 0.0167886
24 0.6310851 0.7292470 0.0265078 0.0167886
2 0.6985593 0.7292470 0.0265077 0.0167886
30 0.2937138 0.7896856 0.0265077 0.0167885
12 0.4949316 0.7896856 0.0265078 0.0167885
31 0.5636108 0.7896856 0.0265077 0.0167885
18 0.6310851 0.7896856 0.0265078 0.0167885
22 0.6985593 0.5479311 0.0265077 0.0167885
11 0.6310851 0.4874925 0.0265078 0.0167885
28 0.4949316 0.6083698 0.0265078 0.0167886
30 0.2937138 0.4874925 0.0265077 0.0167885
10 0.5636108 0.7292470 0.0265077 0.0167886
21 0.4286623 0.4874925 0.0265078 0.0167885
22 0.5636108 0.6688084 0.0265077 0.0167886
6 0.5636108 0.4874925 0.0265077 0.0167885
20 0.4286623 0.5479311 0.0265078 0.0167885
11 0.6985593 0.7896856 0.0265077 0.0167885
8 0.6985593 0.6688084 0.0265077 0.0167886
30 0.4949316 0.7292470 0.0265078 0.0167886
2 0.2937138 0.7292470 0.0265077 0.0167886
21 0.3611880 0.5479311 0.0265077 0.0167885
14 0.6985593 0.6083698 0.0265077 0.0167886
18 0.3611880 0.7896856 0.0265077 0.0167885
1 0.4286623 0.7292470 0.0265078 0.0167886
26 0.4286623 0.7896856 0.0265078 0.0167885
6 0.2937138 0.6688084 0.0265077 0.0167886
