4 0.3029580 0.7990746 0.0282322 0.0161772
18 0.7341408 0.6825993 0.0282322 0.0161771
32 0.5204744 0.6292148 0.5197292 0.4141343
27 0.3029580 0.5078864 0.0282322 0.0161771
19 0.3748218 0.5078864 0.0282322 0.0161771
2 0.5172661 0.5078864 0.0282322 0.0161771
3 0.6622771 0.5078864 0.0282322 0.0161771
11 0.7341408 0.5078864 0.0282322 0.0161771
14 0.3029580 0.5661241 0.0282322 0.0161772
13 0.4466856 0.5661241 0.0282322 0.0161772
8 0.5904132 0.5661241 0.0282322 0.0161772
25 0.3748218 0.6243617 0.0282322 0.0161771
17 0.5172661 0.6243617 0.0282322 0.0161771
10 0.5904132 0.6243617 0.0282322 0.0161771
15 0.6622771 0.6243617 0.0282322 0.0161771
18 0.7341408 0.6243617 0.0282322 0.0161771
5 0.3029580 0.6825993 0.0282322 0.0161771
6 0.4466856 0.6825993 0.0282322 0.0161771
16 0.5904132 0.6825993 0.0282322 0.0161771
20 0.6622771 0.6825993 0.0282322 0.0161771
30 0.3748218 0.7408370 0.0282322 0.0161771
34 0.5897716 0.7402977 0.0680139 0.0582376
30 0.5904132 0.7408370 0.0282322 0.0161771
22 0.7341408 0.7408370 0.0282322 0.0161771
12 0.7341408 0.7990746 0.0282322 0.0161772
12 0.3029580 0.6243617 0.0282322 0.0161771
7 0.7341408 0.5661241 0.0282322 0.0161772
26 0.4466856 0.7990746 0.0282322 0.0161772
9 0.4466856 0.7408370 0.0282322 0.0161771
27 0.3748218 0.7990746 0.0282322 0.0161772
18 0.3748218 0.6825993 0.0282322 0.0161771
18 0.3029580 0.7408370 0.0282322 0.0161771
6 0.5172661 0.5661241 0.0282322 0.0161772
5 0.6622771 0.7990746 0.0282322 0.0161772
31 0.4466856 0.5078864 0.0282322 0.0161771
27 0.5904132 0.7990746 0.0282322 0.0161772
8 0.3748218 0.5661241 0.0282322 0.0161772
4 0.4466856 0.6243617 0.0282322 0.0161771
3 0.6622771 0.7408370 0.0282322 0.0161771
6 0.5172661 0.6825993 0.0282322 0.0161771
21 0.5172661 0.7990746 0.0282322 0.0161772
1 0.6622771 0.5661241 0.0282322 0.0161772
28 0.5172661 0.7408370 0.0282322 0.0161771
18 0.5904132 0.5078864 0.0282322 0.0161771
