25 0.6243214 0.4328189 0.0284640 0.0167391
29 0.4069598 0.5533407 0.0284641 0.0167391
32 0.4813544 0.4378406 0.5239968 0.4285219
20 0.3345059 0.3122971 0.0284640 0.0167391
29 0.4069598 0.3122971 0.0284641 0.0167391
2 0.4781199 0.3122971 0.0284641 0.0167391
1 0.6243214 0.3122971 0.0284640 0.0167391
16 0.6967754 0.3122971 0.0284641 0.0167391
25 0.4069598 0.3725580 0.0284641 0.0167391
4 0.6243214 0.3725580 0.0284640 0.0167391
33 0.6967754 0.3720000 0.0672787 0.0602609
23 0.6967754 0.3725580 0.0284641 0.0167391
27 0.3345059 0.4328189 0.0284640 0.0167391
5 0.4069598 0.4328189 0.0284641 0.0167391
21 0.2620521 0.4930798 0.0284640 0.0167391
31 0.4069598 0.4930798 0.0284641 0.0167391
14 0.4781199 0.4930798 0.0284641 0.0167391
17 0.5518676 0.4930798 0.0284640 0.0167391
11 0.6967754 0.4930798 0.0284641 0.0167391
9 0.3345059 0.5533407 0.0284640 0.0167391
24 0.5518676 0.5533407 0.0284640 0.0167391
18 0.6243214 0.5533407 0.0284640 0.0167391
6 0.2620521 0.6136015 0.0284640 0.0167391
23 0.3345059 0.6136015 0.0284640 0.0167391
3 0.6243214 0.6136015 0.0284640 0.0167391
18 0.5518676 0.6136015 0.0284640 0.0167391
9 0.2620521 0.3122971 0.0284640 0.0167391
27 0.4069598 0.6136015 0.0284641 0.0167391
13 0.5518676 0.3725580 0.0284640 0.0167391
12 0.2620521 0.4328189 0.0284640 0.0167391
15 0.2620521 0.3725580 0.0284640 0.0167391
26 0.6967754 0.6136015 0.0284641 0.0167391
10 0.5518676 0.3122971 0.0284640 0.0167391
19 0.3345059 0.4930798 0.0284640 0.0167391
29 0.4781199 0.3725580 0.0284641 0.0167391
7 0.4781199 0.5533407 0.0284641 0.0167391
24 0.4781199 0.4328189 0.0284641 0.0167391
15 0.2620521 0.5533407 0.0284640 0.0167391
4 0.4781199 0.6136015 0.0284641 0.0167391
5 0.6243214 0.4930798 0.0284640 0.0167391
18 0.6967754 0.4328189 0.0284641 0.0167391
7 0.5518676 0.4328189 0.0284640 0.0167391
8 0.3345059 0.3725580 0.0284640 0.0167391
31 0.6967754 0.5533407 0.0284641 0.0167391
