31 0.4374895 0.4726872 0.0265658 0.0161202
7 0.5727336 0.7048176 0.0265658 0.0161202
32 0.5069229 0.5355559 0.4890524 0.4126761
22 0.3022454 0.4146547 0.0265658 0.0161202
12 0.4374895 0.4146547 0.0265658 0.0161202
18 0.6403557 0.4146547 0.0265659 0.0161202
16 0.7079778 0.4146547 0.0265658 0.0161202
6 0.3698675 0.4726872 0.0265658 0.0161202
8 0.5727336 0.4726872 0.0265658 0.0161202
5 0.6403557 0.4726872 0.0265659 0.0161202
31 0.7079778 0.4726872 0.0265658 0.0161202
26 0.3022454 0.5307198 0.0265658 0.0161201
1 0.4374895 0.5307198 0.0265658 0.0161201
9 0.5727336 0.5307198 0.0265658 0.0161201
24 0.7079778 0.5307198 0.0265658 0.0161201
29 0.5039040 0.5887524 0.0265659 0.0161201
3 0.6403557 0.5887524 0.0265659 0.0161201
21 0.7079778 0.5887524 0.0265658 0.0161201
20 0.3698675 0.6467850 0.0265658 0.0161202
14 0.5727336 0.6467850 0.0265658 0.0161202
19 0.7079778 0.6467850 0.0265658 0.0161202
33 0.3692637 0.7042802 0.0615844 0.0580326
27 0.3698675 0.7048176 0.0265658 0.0161202
7 0.4374895 0.7048176 0.0265658 0.0161202
23 0.7079778 0.7048176 0.0265658 0.0161202
27 0.6403557 0.6467850 0.0265659 0.0161202
25 0.5039040 0.4726872 0.0265659 0.0161202
2 0.6403557 0.5307198 0.0265659 0.0161201
8 0.3022454 0.4726872 0.0265658 0.0161202
29 0.3698675 0.4146547 0.0265658 0.0161202
6 0.6403557 0.7048176 0.0265659 0.0161202
8 0.3698675 0.5307198 0.0265658 0.0161201
17 0.3022454 0.5887524 0.0265658 0.0161201
30 0.3022454 0.7048176 0.0265658 0.0161202
9 0.3022454 0.6467850 0.0265658 0.0161202
7 0.3698675 0.5887524 0.0265658 0.0161201
10 0.5727336 0.5887524 0.0265658 0.0161201
3 0.5727336 0.4146547 0.0265658 0.0161202
26 0.5039040 0.4146547 0.0265659 0.0161202
6 0.4374895 0.5887524 0.0265658 0.0161201
11 0.5039040 0.6467850 0.0265659 0.0161202
15 0.4374895 0.6467850 0.0265658 0.0161202
24 0.5039040 0.7048176 0.0265659 0.0161202
2 0.5039040 0.5307198 0.0265659 0.0161201
