4 0.2603897 0.5012964 0.0286058 0.0158389
10 0.4788342 0.5012964 0.0286058 0.0158389
32 0.4079697 0.6200883 0.5266072 0.4054762
31 0.3332045 0.5012964 0.0286058 0.0158389
20 0.4047191 0.5012964 0.0286058 0.0158389
16 0.1875748 0.5583165 0.0286058 0.0158389
11 0.2603897 0.5583165 0.0286058 0.0158389
17 0.3332045 0.5583165 0.0286058 0.0158389
18 0.5516489 0.5583165 0.0286058 0.0158389
3 0.2603897 0.6153366 0.0286058 0.0158390
13 0.4788342 0.6153366 0.0286058 0.0158390
6 0.5516489 0.6153366 0.0286058 0.0158390
19 0.1875748 0.6723567 0.0286058 0.0158389
25 0.4047191 0.6723567 0.0286058 0.0158389
2 0.4788342 0.6723567 0.0286058 0.0158389
21 0.6244638 0.6723567 0.0286058 0.0158389
24 0.2603897 0.7293768 0.0286058 0.0158389
29 0.3332045 0.7293768 0.0286058 0.0158389
7 0.4047191 0.7293768 0.0286058 0.0158389
27 0.1875748 0.7863969 0.0286058 0.0158389
1 0.2603897 0.7863969 0.0286058 0.0158389
33 0.4047190 0.7858689 0.0676138 0.0570201
22 0.4047191 0.7863969 0.0286058 0.0158389
14 0.4788342 0.7863969 0.0286058 0.0158389
15 0.5516489 0.7863969 0.0286058 0.0158389
6 0.6244638 0.5012964 0.0286058 0.0158389
1 0.5516489 0.5012964 0.0286058 0.0158389
16 0.4788342 0.5583165 0.0286058 0.0158389
4 0.6244638 0.6153366 0.0286058 0.0158390
28 0.1875748 0.7293768 0.0286058 0.0158389
4 0.5516489 0.6723567 0.0286058 0.0158389
25 0.2603897 0.6723567 0.0286058 0.0158389
8 0.3332045 0.6723567 0.0286058 0.0158389
26 0.4047191 0.6153366 0.0286058 0.0158390
28 0.4047191 0.5583165 0.0286058 0.0158389
8 0.3332045 0.6153366 0.0286058 0.0158390
26 0.6244638 0.7863969 0.0286058 0.0158389
22 0.5516489 0.7293768 0.0286058 0.0158389
14 0.1875748 0.5012964 0.0286058 0.0158389
21 0.1875748 0.6153366 0.0286058 0.0158390
15 0.6244638 0.5583165 0.0286058 0.0158389
9 0.3332045 0.7863969 0.0286058 0.0158389
11 0.4788342 0.7293768 0.0286058 0.0158389
16 0.6244638 0.7293768 0.0286058 0.0158389
