5 0.2342702 0.8037427 0.0266892 0.0168987
14 0.1663340 0.6212371 0.0266892 0.0168987
32 0.3040261 0.6263067 0.4913240 0.4326057
30 0.0983979 0.4995667 0.0266892 0.0168987
17 0.4380786 0.4995667 0.0266892 0.0168987
14 0.5060148 0.4995667 0.0266892 0.0168987
2 0.1663340 0.5604019 0.0266892 0.0168987
11 0.3701425 0.5604019 0.0266892 0.0168987
13 0.4380786 0.5604019 0.0266892 0.0168987
31 0.5060148 0.5604019 0.0266892 0.0168987
15 0.0983979 0.6212371 0.0266892 0.0168987
7 0.2342702 0.6212371 0.0266892 0.0168987
8 0.3701425 0.6212371 0.0266892 0.0168987
29 0.4380786 0.6212371 0.0266892 0.0168987
22 0.5060148 0.6212371 0.0266892 0.0168987
34 0.1657275 0.6815089 0.0618704 0.0608352
7 0.1663340 0.6820722 0.0266892 0.0168987
24 0.2342702 0.6820722 0.0266892 0.0168987
12 0.3701425 0.6820722 0.0266892 0.0168987
27 0.4380786 0.6820722 0.0266892 0.0168987
19 0.1663340 0.7429074 0.0266892 0.0168987
18 0.3701425 0.7429074 0.0266892 0.0168987
23 0.0983979 0.8037427 0.0266892 0.0168987
20 0.1663340 0.8037427 0.0266892 0.0168987
26 0.3701425 0.8037427 0.0266892 0.0168987
18 0.5060148 0.8037427 0.0266892 0.0168987
12 0.3009932 0.5604019 0.0266892 0.0168987
14 0.0983979 0.7429074 0.0266892 0.0168987
27 0.5060148 0.6820722 0.0266892 0.0168987
30 0.2342702 0.4995667 0.0266892 0.0168987
26 0.0983979 0.6820722 0.0266892 0.0168987
19 0.4380786 0.7429074 0.0266892 0.0168987
12 0.2342702 0.7429074 0.0266892 0.0168987
10 0.3009932 0.7429074 0.0266892 0.0168987
1 0.3009932 0.6820722 0.0266892 0.0168987
10 0.3009932 0.8037427 0.0266892 0.0168987
28 0.0983979 0.5604019 0.0266892 0.0168987
31 0.2342702 0.5604019 0.0266892 0.0168987
11 0.1663340 0.4995667 0.0266892 0.0168987
20 0.3009932 0.6212371 0.0266892 0.0168987
27 0.3009932 0.4995667 0.0266892 0.0168987
1 0.5060148 0.7429074 0.0266892 0.0168987
16 0.4380786 0.8037427 0.0266892 0.0168987
4 0.3701425 0.4995667 0.0266892 0.0168987
