15 0.1549834 0.6228031 0.0266499 0.0171836
15 0.4941644 0.6846638 0.0266499 0.0171836
32 0.2924729 0.6279581 0.4906011 0.4398989
10 0.0871472 0.4990815 0.0266499 0.0171835
17 0.2228196 0.4990815 0.0266499 0.0171835
27 0.2894445 0.4990815 0.0266499 0.0171835
22 0.3584921 0.4990815 0.0266499 0.0171835
16 0.4263282 0.4990815 0.0266499 0.0171835
34 0.4941644 0.4985087 0.0629908 0.0618608
19 0.4941644 0.4990815 0.0266499 0.0171835
7 0.0871472 0.5609422 0.0266499 0.0171836
21 0.1549834 0.5609422 0.0266499 0.0171836
3 0.2228196 0.5609422 0.0266499 0.0171836
14 0.4941644 0.5609422 0.0266499 0.0171836
26 0.3584921 0.6228031 0.0266499 0.0171836
8 0.0871472 0.6846638 0.0266499 0.0171836
29 0.1549834 0.6846638 0.0266499 0.0171836
9 0.3584921 0.6846638 0.0266499 0.0171836
19 0.0871472 0.7465247 0.0266499 0.0171835
6 0.1549834 0.7465247 0.0266499 0.0171835
18 0.3584921 0.7465247 0.0266499 0.0171835
4 0.4941644 0.7465247 0.0266499 0.0171835
13 0.1549834 0.8083854 0.0266499 0.0171836
24 0.2894445 0.8083854 0.0266499 0.0171836
15 0.4263282 0.8083854 0.0266499 0.0171836
26 0.2894445 0.6846638 0.0266499 0.0171836
20 0.2228196 0.6228031 0.0266499 0.0171836
28 0.4941644 0.6228031 0.0266499 0.0171836
14 0.4263282 0.6846638 0.0266499 0.0171836
14 0.0871472 0.8083854 0.0266499 0.0171836
30 0.4941644 0.8083854 0.0266499 0.0171836
1 0.2894445 0.6228031 0.0266499 0.0171836
8 0.2894445 0.5609422 0.0266499 0.0171836
19 0.3584921 0.8083854 0.0266499 0.0171836
13 0.2228196 0.7465247 0.0266499 0.0171835
20 0.4263282 0.7465247 0.0266499 0.0171835
17 0.2894445 0.7465247 0.0266499 0.0171835
6 0.3584921 0.5609422 0.0266499 0.0171836
6 0.1549834 0.4990815 0.0266499 0.0171835
31 0.2228196 0.6846638 0.0266499 0.0171836
6 0.2228196 0.8083854 0.0266499 0.0171836
14 0.0871472 0.6228031 0.0266499 0.0171836
30 0.4263282 0.5609422 0.0266499 0.0171836
15 0.4263282 0.6228031 0.0266499 0.0171836
