14 0.2312030 0.5890537 0.0265801 0.0161579
12 0.2312030 0.5308854 0.0265801 0.0161578
32 0.3006737 0.5357328 0.4893152 0.4136412
33 0.0958862 0.4140102 0.0628257 0.0581683
27 0.0958862 0.4145488 0.0265801 0.0161579
30 0.1635446 0.4145488 0.0265801 0.0161579
21 0.2312030 0.4145488 0.0265801 0.0161579
10 0.4341782 0.4145488 0.0265801 0.0161579
24 0.5018366 0.4145488 0.0265801 0.0161579
17 0.1635446 0.4727171 0.0265801 0.0161579
6 0.2312030 0.4727171 0.0265801 0.0161579
18 0.2976533 0.4727171 0.0265801 0.0161579
16 0.3665199 0.4727171 0.0265800 0.0161579
26 0.0958862 0.5308854 0.0265801 0.0161578
15 0.3665199 0.5308854 0.0265800 0.0161578
22 0.0958862 0.5890537 0.0265801 0.0161579
2 0.2976533 0.5890537 0.0265801 0.0161579
23 0.4341782 0.5890537 0.0265801 0.0161579
9 0.5018366 0.5890537 0.0265801 0.0161579
25 0.1635446 0.6472220 0.0265801 0.0161578
4 0.2312030 0.6472220 0.0265801 0.0161578
5 0.5018366 0.6472220 0.0265801 0.0161578
1 0.2312030 0.7053903 0.0265801 0.0161579
27 0.2976533 0.7053903 0.0265801 0.0161579
11 0.5018366 0.7053903 0.0265801 0.0161579
28 0.4341782 0.5308854 0.0265801 0.0161578
2 0.0958862 0.7053903 0.0265801 0.0161579
4 0.4341782 0.4727171 0.0265801 0.0161579
8 0.3665199 0.4145488 0.0265800 0.0161579
30 0.0958862 0.4727171 0.0265801 0.0161579
12 0.5018366 0.5308854 0.0265801 0.0161578
16 0.2976533 0.5308854 0.0265801 0.0161578
20 0.2976533 0.6472220 0.0265801 0.0161578
30 0.3665199 0.7053903 0.0265800 0.0161579
8 0.1635446 0.5308854 0.0265801 0.0161578
5 0.4341782 0.6472220 0.0265801 0.0161578
29 0.4341782 0.7053903 0.0265801 0.0161579
7 0.1635446 0.7053903 0.0265801 0.0161579
11 0.1635446 0.5890537 0.0265801 0.0161579
1 0.0958862 0.6472220 0.0265801 0.0161578
7 0.3665199 0.5890537 0.0265800 0.0161579
18 0.2976533 0.4145488 0.0265801 0.0161579
20 0.3665199 0.6472220 0.0265800 0.0161578
3 0.5018366 0.4727171 0.0265801 0.0161579
