14 0.5275238 0.2815546 0.0267466 0.0172344
31 0.5968218 0.2815546 0.0267466 0.0172344
32 0.5305632 0.3487689 0.4923804 0.4412013
12 0.3244929 0.2195107 0.0267466 0.0172344
34 0.4606574 0.2189362 0.0632192 0.0620439
7 0.4606574 0.2195107 0.0267466 0.0172344
8 0.5275238 0.2195107 0.0267466 0.0172344
23 0.6649040 0.2195107 0.0267466 0.0172344
14 0.3244929 0.2815546 0.0267466 0.0172344
9 0.3925751 0.2815546 0.0267466 0.0172344
27 0.4606574 0.2815546 0.0267466 0.0172344
31 0.3244929 0.3435986 0.0267466 0.0172344
3 0.4606574 0.3435986 0.0267466 0.0172344
1 0.5275238 0.3435986 0.0267466 0.0172344
25 0.5968218 0.3435986 0.0267466 0.0172344
4 0.3925751 0.4056425 0.0267466 0.0172344
24 0.5275238 0.4056425 0.0267466 0.0172344
21 0.6649040 0.4056425 0.0267466 0.0172344
2 0.3925751 0.4676864 0.0267466 0.0172344
13 0.5275238 0.4676864 0.0267466 0.0172344
15 0.5968218 0.4676864 0.0267466 0.0172344
5 0.4606574 0.5297304 0.0267466 0.0172344
30 0.5968218 0.5297304 0.0267466 0.0172344
10 0.6649040 0.5297304 0.0267466 0.0172344
11 0.7329863 0.5297304 0.0267466 0.0172344
2 0.3925751 0.2195107 0.0267466 0.0172344
31 0.6649040 0.4676864 0.0267466 0.0172344
7 0.6649040 0.3435986 0.0267466 0.0172344
17 0.6649040 0.2815546 0.0267466 0.0172344
27 0.7329863 0.2195107 0.0267466 0.0172344
9 0.7329863 0.3435986 0.0267466 0.0172344
24 0.3244929 0.4676864 0.0267466 0.0172344
12 0.3244929 0.4056425 0.0267466 0.0172344
25 0.5275238 0.5297304 0.0267466 0.0172344
15 0.3925751 0.3435986 0.0267466 0.0172344
2 0.5968218 0.2195107 0.0267466 0.0172344
16 0.7329863 0.4676864 0.0267466 0.0172344
1 0.3244929 0.5297304 0.0267466 0.0172344
26 0.3925751 0.5297304 0.0267466 0.0172344
28 0.7329863 0.2815546 0.0267466 0.0172344
4 0.5968218 0.4056425 0.0267466 0.0172344
7 0.7329863 0.4056425 0.0267466 0.0172344
19 0.4606574 0.4056425 0.0267466 0.0172344
15 0.4606574 0.4676864 0.0267466 0.0172344
