22 0.3824973 0.6820174 0.0263216 0.0171026
8 0.4494976 0.5588787 0.0263215 0.0171027
32 0.3172916 0.5024401 0.4845558 0.4378266
30 0.1144961 0.3741706 0.0263216 0.0171026
4 0.1814964 0.3741706 0.0263215 0.0171026
14 0.3143005 0.3741706 0.0263215 0.0171026
13 0.1144961 0.4357399 0.0263216 0.0171026
9 0.1814964 0.4357399 0.0263215 0.0171026
22 0.3824973 0.4357399 0.0263216 0.0171026
3 0.4494976 0.4357399 0.0263215 0.0171026
18 0.5164979 0.4357399 0.0263215 0.0171026
1 0.2484967 0.4973093 0.0263215 0.0171026
7 0.3143005 0.4973093 0.0263215 0.0171026
5 0.3824973 0.4973093 0.0263216 0.0171026
10 0.1814964 0.5588787 0.0263215 0.0171027
12 0.3143005 0.5588787 0.0263215 0.0171027
26 0.3824973 0.5588787 0.0263216 0.0171027
34 0.5164979 0.5583086 0.0622145 0.0615693
16 0.5164979 0.5588787 0.0263215 0.0171027
19 0.1814964 0.6204481 0.0263215 0.0171026
6 0.3824973 0.6204481 0.0263216 0.0171026
23 0.5164979 0.6204481 0.0263215 0.0171026
29 0.1144961 0.6820174 0.0263216 0.0171026
31 0.1814964 0.6820174 0.0263215 0.0171026
16 0.3143005 0.6820174 0.0263215 0.0171026
4 0.3143005 0.4357399 0.0263215 0.0171026
10 0.4494976 0.3741706 0.0263215 0.0171026
10 0.2484967 0.5588787 0.0263215 0.0171027
17 0.1144961 0.5588787 0.0263216 0.0171027
31 0.5164979 0.6820174 0.0263215 0.0171026
13 0.5164979 0.3741706 0.0263215 0.0171026
8 0.4494976 0.6820174 0.0263215 0.0171026
1 0.4494976 0.4973093 0.0263215 0.0171026
2 0.4494976 0.6204481 0.0263215 0.0171026
13 0.2484967 0.3741706 0.0263215 0.0171026
25 0.1144961 0.4973093 0.0263216 0.0171026
18 0.1144961 0.6204481 0.0263216 0.0171026
31 0.5164979 0.4973093 0.0263215 0.0171026
27 0.2484967 0.6820174 0.0263215 0.0171026
8 0.1814964 0.4973093 0.0263215 0.0171026
18 0.3824973 0.3741706 0.0263216 0.0171026
28 0.2484967 0.4357399 0.0263215 0.0171026
21 0.2484967 0.6204481 0.0263215 0.0171026
3 0.3143005 0.6204481 0.0263215 0.0171026
