9 0.8559081 0.5704222 0.0265957 0.0167112
10 0.5174169 0.3899415 0.0265957 0.0167112
32 0.6546267 0.5152753 0.4896031 0.4278062
33 0.4497187 0.3893844 0.0628626 0.0601603
9 0.4497187 0.3899415 0.0265957 0.0167112
6 0.7205116 0.3899415 0.0265957 0.0167112
25 0.7882098 0.3899415 0.0265957 0.0167112
10 0.8559081 0.3899415 0.0265957 0.0167112
11 0.4497187 0.4501017 0.0265957 0.0167112
8 0.5174169 0.4501017 0.0265957 0.0167112
26 0.5851151 0.4501017 0.0265957 0.0167112
31 0.7205116 0.4501017 0.0265957 0.0167112
27 0.7882098 0.4501017 0.0265957 0.0167112
2 0.8559081 0.4501017 0.0265957 0.0167112
3 0.4497187 0.5102619 0.0265957 0.0167112
15 0.5174169 0.5102619 0.0265957 0.0167112
4 0.5851151 0.5102619 0.0265957 0.0167112
21 0.8559081 0.5102619 0.0265957 0.0167112
9 0.5174169 0.5704222 0.0265957 0.0167112
22 0.7882098 0.5704222 0.0265957 0.0167112
12 0.4497187 0.6907427 0.0265957 0.0167112
5 0.5174169 0.6907427 0.0265957 0.0167112
7 0.5851151 0.6907427 0.0265957 0.0167112
30 0.7205116 0.6907427 0.0265957 0.0167112
23 0.7882098 0.6907427 0.0265957 0.0167112
13 0.8559081 0.6907427 0.0265957 0.0167112
28 0.6516045 0.4501017 0.0265958 0.0167112
25 0.7205116 0.6305825 0.0265957 0.0167112
4 0.6516045 0.5102619 0.0265958 0.0167112
6 0.4497187 0.6305825 0.0265957 0.0167112
25 0.6516045 0.6907427 0.0265958 0.0167112
6 0.6516045 0.5704222 0.0265958 0.0167112
8 0.5851151 0.3899415 0.0265957 0.0167112
15 0.5851151 0.6305825 0.0265957 0.0167112
19 0.5851151 0.5704222 0.0265957 0.0167112
15 0.7882098 0.6305825 0.0265957 0.0167112
15 0.8559081 0.6305825 0.0265957 0.0167112
24 0.7205116 0.5704222 0.0265957 0.0167112
9 0.7882098 0.5102619 0.0265957 0.0167112
29 0.4497187 0.5704222 0.0265957 0.0167112
27 0.7205116 0.5102619 0.0265957 0.0167112
22 0.6516045 0.3899415 0.0265958 0.0167112
5 0.5174169 0.6305825 0.0265957 0.0167112
31 0.6516045 0.6305825 0.0265958 0.0167112
