22 0.4207608 0.3915493 0.0271289 0.0168492
18 0.3529384 0.4522063 0.0271289 0.0168492
32 0.4238436 0.5179180 0.4994195 0.4313383
17 0.2148273 0.3915493 0.0271290 0.0168492
34 0.2832663 0.3909877 0.0628899 0.0606569
11 0.2838829 0.3915493 0.0271290 0.0168492
8 0.3529384 0.3915493 0.0271289 0.0168492
20 0.4910495 0.3915493 0.0271290 0.0168492
1 0.2838829 0.4522063 0.0271290 0.0168492
9 0.4910495 0.4522063 0.0271290 0.0168492
7 0.5601050 0.4522063 0.0271290 0.0168492
2 0.6291606 0.4522063 0.0271290 0.0168492
27 0.2838829 0.5128633 0.0271290 0.0168492
16 0.4910495 0.5128633 0.0271290 0.0168492
22 0.5601050 0.5128633 0.0271290 0.0168492
12 0.6291606 0.5128633 0.0271290 0.0168492
6 0.3529384 0.5735202 0.0271289 0.0168492
5 0.4207608 0.5735202 0.0271289 0.0168492
29 0.4910495 0.5735202 0.0271290 0.0168492
14 0.6291606 0.5735202 0.0271290 0.0168492
26 0.2838829 0.6341771 0.0271290 0.0168492
4 0.3529384 0.6341771 0.0271289 0.0168492
31 0.6291606 0.6341771 0.0271290 0.0168492
13 0.2148273 0.6948341 0.0271290 0.0168492
30 0.6291606 0.6948341 0.0271290 0.0168492
2 0.2148273 0.6341771 0.0271290 0.0168492
27 0.4207608 0.4522063 0.0271289 0.0168492
26 0.5601050 0.3915493 0.0271290 0.0168492
19 0.4207608 0.6341771 0.0271289 0.0168492
10 0.2148273 0.5735202 0.0271290 0.0168492
12 0.6291606 0.3915493 0.0271290 0.0168492
9 0.4207608 0.6948341 0.0271289 0.0168492
5 0.2838829 0.6948341 0.0271290 0.0168492
13 0.2148273 0.5128633 0.0271290 0.0168492
1 0.2148273 0.4522063 0.0271290 0.0168492
12 0.2838829 0.5735202 0.0271290 0.0168492
4 0.5601050 0.6948341 0.0271290 0.0168492
17 0.4910495 0.6948341 0.0271290 0.0168492
7 0.5601050 0.5735202 0.0271290 0.0168492
31 0.4207608 0.5128633 0.0271289 0.0168492
11 0.4910495 0.6341771 0.0271290 0.0168492
29 0.3529384 0.6948341 0.0271289 0.0168492
6 0.3529384 0.5128633 0.0271289 0.0168492
27 0.5601050 0.6341771 0.0271290 0.0168492
