24 0.3098413 0.4869456 0.0282688 0.0159814
2 0.1672125 0.3718802 0.0282688 0.0159813
32 0.3130536 0.4342073 0.5204022 0.4091217
27 0.2391694 0.3143474 0.0282688 0.0159813
6 0.3098413 0.3143474 0.0282688 0.0159813
20 0.4550399 0.3143474 0.0282688 0.0159813
2 0.0952557 0.3718802 0.0282688 0.0159813
25 0.2391694 0.3718802 0.0282688 0.0159813
22 0.3830830 0.3718802 0.0282688 0.0159813
3 0.4550399 0.3718802 0.0282688 0.0159813
14 0.5269968 0.3718802 0.0282687 0.0159813
21 0.0952557 0.4294129 0.0282688 0.0159813
17 0.1672125 0.4294129 0.0282688 0.0159813
8 0.3098413 0.4294129 0.0282688 0.0159813
24 0.4550399 0.4294129 0.0282688 0.0159813
4 0.5269968 0.4294129 0.0282687 0.0159813
33 0.0952557 0.4864129 0.0668171 0.0575328
8 0.0952557 0.4869456 0.0282688 0.0159814
29 0.1672125 0.5444784 0.0282688 0.0159813
1 0.3098413 0.5444784 0.0282688 0.0159813
16 0.3830830 0.5444784 0.0282688 0.0159813
30 0.2391694 0.6020111 0.0282688 0.0159813
11 0.3098413 0.6020111 0.0282688 0.0159813
15 0.3830830 0.6020111 0.0282688 0.0159813
29 0.1672125 0.3143474 0.0282688 0.0159813
22 0.0952557 0.6020111 0.0282688 0.0159813
19 0.3098413 0.3718802 0.0282688 0.0159813
1 0.4550399 0.5444784 0.0282688 0.0159813
26 0.4550399 0.4869456 0.0282688 0.0159814
6 0.5269968 0.4869456 0.0282687 0.0159814
24 0.3830830 0.4294129 0.0282688 0.0159813
15 0.1672125 0.6020111 0.0282688 0.0159813
17 0.0952557 0.5444784 0.0282688 0.0159813
30 0.5269968 0.6020111 0.0282687 0.0159813
27 0.2391694 0.4869456 0.0282688 0.0159814
26 0.3830830 0.3143474 0.0282688 0.0159813
22 0.0952557 0.3143474 0.0282688 0.0159813
16 0.2391694 0.5444784 0.0282688 0.0159813
26 0.5269968 0.3143474 0.0282687 0.0159813
28 0.4550399 0.6020111 0.0282688 0.0159813
19 0.3830830 0.4869456 0.0282688 0.0159814
19 0.5269968 0.5444784 0.0282687 0.0159813
10 0.2391694 0.4294129 0.0282688 0.0159813
15 0.1672125 0.4869456 0.0282688 0.0159814
