25 0.2825327 0.6208309 0.0287033 0.0172531
10 0.5004167 0.6208309 0.0287033 0.0172531
32 0.5036785 0.4396729 0.5284014 0.4416804
33 0.2825327 0.3096992 0.0678441 0.0621113
22 0.2825327 0.3102743 0.0287033 0.0172531
5 0.3555956 0.3102743 0.0287033 0.0172531
23 0.5747843 0.3102743 0.0287033 0.0172531
14 0.6478472 0.3102743 0.0287033 0.0172531
13 0.2825327 0.3723857 0.0287033 0.0172531
25 0.4286585 0.3723857 0.0287033 0.0172531
6 0.5747843 0.3723857 0.0287033 0.0172531
24 0.7209101 0.3723857 0.0287033 0.0172531
22 0.2825327 0.4344969 0.0287033 0.0172531
21 0.3555956 0.4344969 0.0287033 0.0172531
17 0.4286585 0.4344969 0.0287033 0.0172531
9 0.6478472 0.4344969 0.0287033 0.0172531
16 0.2825327 0.4966083 0.0287033 0.0172531
4 0.4286585 0.4966083 0.0287033 0.0172531
26 0.3555956 0.5587196 0.0287033 0.0172531
7 0.5747843 0.5587196 0.0287033 0.0172531
12 0.6478472 0.5587196 0.0287033 0.0172531
1 0.7209101 0.5587196 0.0287033 0.0172531
11 0.5747843 0.6208309 0.0287033 0.0172531
2 0.6478472 0.6208309 0.0287033 0.0172531
21 0.5004167 0.4344969 0.0287033 0.0172531
14 0.4286585 0.5587196 0.0287033 0.0172531
17 0.7209101 0.6208309 0.0287033 0.0172531
18 0.5004167 0.3723857 0.0287033 0.0172531
18 0.5747843 0.4344969 0.0287033 0.0172531
31 0.4286585 0.6208309 0.0287033 0.0172531
28 0.5004167 0.4966083 0.0287033 0.0172531
6 0.3555956 0.4966083 0.0287033 0.0172531
28 0.7209101 0.4966083 0.0287033 0.0172531
2 0.7209101 0.3102743 0.0287033 0.0172531
1 0.3555956 0.3723857 0.0287033 0.0172531
11 0.5004167 0.3102743 0.0287033 0.0172531
2 0.2825327 0.5587196 0.0287033 0.0172531
7 0.6478472 0.3723857 0.0287033 0.0172531
4 0.5747843 0.4966083 0.0287033 0.0172531
11 0.3555956 0.6208309 0.0287033 0.0172531
21 0.7209101 0.4344969 0.0287033 0.0172531
28 0.4286585 0.3102743 0.0287033 0.0172531
27 0.5004167 0.5587196 0.0287033 0.0172531
17 0.6478472 0.4966083 0.0287033 0.0172531
