1 0.1256293 0.3007646 0.0288365 0.0160931
25 0.1990311 0.3007646 0.0288365 0.0160931
32 0.3478010 0.4214631 0.5308528 0.4119843
4 0.4192368 0.3007646 0.0288365 0.0160931
25 0.4926386 0.3007646 0.0288365 0.0160931
22 0.1256293 0.3586999 0.0288365 0.0160931
19 0.1990311 0.3586999 0.0288365 0.0160931
12 0.2724330 0.3586999 0.0288364 0.0160931
29 0.3445241 0.3586999 0.0288364 0.0160931
11 0.4192368 0.3586999 0.0288365 0.0160931
14 0.1256293 0.4166352 0.0288365 0.0160931
30 0.3445241 0.4166352 0.0288364 0.0160931
23 0.4192368 0.4166352 0.0288365 0.0160931
33 0.4919832 0.4160988 0.0668481 0.0579352
18 0.4926386 0.4166352 0.0288365 0.0160931
17 0.5660405 0.4166352 0.0288365 0.0160931
10 0.1990311 0.4745705 0.0288365 0.0160931
5 0.4192368 0.4745705 0.0288365 0.0160931
6 0.4192368 0.5325058 0.0288365 0.0160931
26 0.1256293 0.5904411 0.0288365 0.0160931
24 0.1990311 0.5904411 0.0288365 0.0160931
15 0.2724330 0.5904411 0.0288364 0.0160931
2 0.3445241 0.5904411 0.0288364 0.0160931
31 0.4926386 0.5904411 0.0288365 0.0160931
8 0.2724330 0.3007646 0.0288364 0.0160931
15 0.5660405 0.5904411 0.0288365 0.0160931
11 0.5660405 0.3007646 0.0288365 0.0160931
26 0.3445241 0.5325058 0.0288364 0.0160931
24 0.2724330 0.4745705 0.0288364 0.0160931
29 0.2724330 0.4166352 0.0288364 0.0160931
9 0.1990311 0.4166352 0.0288365 0.0160931
28 0.4926386 0.5325058 0.0288365 0.0160931
1 0.5660405 0.5325058 0.0288365 0.0160931
25 0.4192368 0.5904411 0.0288365 0.0160931
25 0.1256293 0.5325058 0.0288365 0.0160931
4 0.3445241 0.3007646 0.0288364 0.0160931
3 0.2724330 0.5325058 0.0288364 0.0160931
9 0.3445241 0.4745705 0.0288364 0.0160931
7 0.1256293 0.4745705 0.0288365 0.0160931
6 0.5660405 0.4745705 0.0288365 0.0160931
20 0.1990311 0.5325058 0.0288365 0.0160931
20 0.4926386 0.4745705 0.0288365 0.0160931
28 0.4926386 0.3586999 0.0288365 0.0160931
10 0.5660405 0.3586999 0.0288365 0.0160931
