15 0.3096646 0.3545834 0.0270769 0.0159100
28 0.1718185 0.4118594 0.0270769 0.0159100
32 0.3804337 0.4166325 0.4984612 0.4072964
31 0.1718185 0.2973073 0.0270769 0.0159100
10 0.2407415 0.2973073 0.0270769 0.0159100
21 0.3096646 0.2973073 0.0270769 0.0159100
13 0.4475106 0.2973073 0.0270769 0.0159100
18 0.5853567 0.2973073 0.0270769 0.0159100
25 0.3773568 0.3545834 0.0270770 0.0159100
6 0.5164336 0.3545834 0.0270769 0.0159100
33 0.5853567 0.3540531 0.0640000 0.0572761
28 0.5853567 0.3545834 0.0270769 0.0159100
12 0.2407415 0.4118594 0.0270769 0.0159100
14 0.3773568 0.4118594 0.0270770 0.0159100
9 0.4475106 0.4118594 0.0270769 0.0159100
27 0.3096646 0.4691355 0.0270769 0.0159100
30 0.3773568 0.4691355 0.0270770 0.0159100
7 0.5164336 0.4691355 0.0270769 0.0159100
19 0.1718185 0.5264116 0.0270769 0.0159100
23 0.2407415 0.5264116 0.0270769 0.0159100
8 0.4475106 0.5264116 0.0270769 0.0159100
15 0.5164336 0.5264116 0.0270769 0.0159100
1 0.3773568 0.5836876 0.0270770 0.0159100
4 0.5853567 0.5836876 0.0270769 0.0159100
10 0.5853567 0.5264116 0.0270769 0.0159100
10 0.3096646 0.5264116 0.0270769 0.0159100
3 0.2407415 0.3545834 0.0270769 0.0159100
24 0.5853567 0.4691355 0.0270769 0.0159100
15 0.5164336 0.2973073 0.0270769 0.0159100
22 0.3096646 0.4118594 0.0270769 0.0159100
12 0.2407415 0.5836876 0.0270769 0.0159100
1 0.1718185 0.3545834 0.0270769 0.0159100
11 0.5164336 0.4118594 0.0270769 0.0159100
4 0.3773568 0.5264116 0.0270770 0.0159100
4 0.3773568 0.2973073 0.0270770 0.0159100
1 0.5164336 0.5836876 0.0270769 0.0159100
25 0.1718185 0.5836876 0.0270769 0.0159100
10 0.5853567 0.4118594 0.0270769 0.0159100
13 0.4475106 0.3545834 0.0270769 0.0159100
12 0.4475106 0.5836876 0.0270769 0.0159100
9 0.1718185 0.4691355 0.0270769 0.0159100
17 0.4475106 0.4691355 0.0270769 0.0159100
14 0.3096646 0.5836876 0.0270769 0.0159100
15 0.2407415 0.4691355 0.0270769 0.0159100
