17 0.7315219 0.7099680 0.0275809 0.0171297
20 0.4506993 0.5866347 0.0275808 0.0171296
32 0.5929911 0.5301070 0.5077372 0.4385181
20 0.3804937 0.4016349 0.0275808 0.0171296
10 0.4506993 0.4016349 0.0275808 0.0171296
24 0.5209050 0.4016349 0.0275808 0.0171296
12 0.6613162 0.4016349 0.0275808 0.0171296
18 0.7315219 0.4016349 0.0275809 0.0171296
27 0.8017275 0.4016349 0.0275807 0.0171296
6 0.3804937 0.4633015 0.0275808 0.0171297
34 0.7308951 0.4627305 0.0639373 0.0616666
26 0.7315219 0.4633015 0.0275809 0.0171297
14 0.4506993 0.5249681 0.0275808 0.0171296
25 0.5898569 0.5249681 0.0275808 0.0171296
13 0.6613162 0.5249681 0.0275808 0.0171296
8 0.8017275 0.5249681 0.0275807 0.0171296
4 0.3804937 0.5866347 0.0275808 0.0171296
1 0.6613162 0.5866347 0.0275808 0.0171296
23 0.7315219 0.5866347 0.0275809 0.0171296
7 0.5898569 0.6483013 0.0275808 0.0171296
31 0.7315219 0.6483013 0.0275809 0.0171296
11 0.3804937 0.7099680 0.0275808 0.0171297
16 0.4506993 0.7099680 0.0275808 0.0171297
2 0.5209050 0.7099680 0.0275808 0.0171297
18 0.5898569 0.4633015 0.0275808 0.0171297
25 0.6613162 0.6483013 0.0275808 0.0171296
11 0.8017275 0.5866347 0.0275807 0.0171296
22 0.5898569 0.7099680 0.0275808 0.0171297
6 0.8017275 0.7099680 0.0275807 0.0171297
20 0.4506993 0.4633015 0.0275808 0.0171297
21 0.5209050 0.4633015 0.0275808 0.0171297
2 0.5898569 0.4016349 0.0275808 0.0171296
12 0.5898569 0.5866347 0.0275808 0.0171296
30 0.4506993 0.6483013 0.0275808 0.0171296
26 0.6613162 0.4633015 0.0275808 0.0171297
15 0.5209050 0.5249681 0.0275808 0.0171296
31 0.8017275 0.6483013 0.0275807 0.0171296
22 0.5209050 0.6483013 0.0275808 0.0171296
17 0.3804937 0.6483013 0.0275808 0.0171296
26 0.6613162 0.7099680 0.0275808 0.0171297
3 0.3804937 0.5249681 0.0275808 0.0171296
14 0.7315219 0.5249681 0.0275809 0.0171296
5 0.8017275 0.4633015 0.0275807 0.0171297
16 0.5209050 0.5866347 0.0275808 0.0171296
