12 0.2658013 0.6839014 0.0271647 0.0167811
24 0.2658013 0.3818426 0.0271647 0.0167810
32 0.3368000 0.5077004 0.5000776 0.4295948
7 0.1966548 0.3818426 0.0271647 0.0167810
25 0.3337131 0.3818426 0.0271647 0.0167810
23 0.4040944 0.3818426 0.0271647 0.0167810
17 0.5423875 0.3818426 0.0271647 0.0167810
1 0.1275082 0.4422544 0.0271647 0.0167810
6 0.1966548 0.4422544 0.0271647 0.0167810
21 0.2658013 0.4422544 0.0271647 0.0167810
33 0.4726235 0.4416949 0.0629728 0.0604117
8 0.4732409 0.4422544 0.0271647 0.0167810
12 0.1966548 0.5026661 0.0271647 0.0167811
13 0.4040944 0.5026661 0.0271647 0.0167811
30 0.1275082 0.5630779 0.0271647 0.0167810
14 0.1966548 0.5630779 0.0271647 0.0167810
8 0.2658013 0.5630779 0.0271647 0.0167810
27 0.3337131 0.5630779 0.0271647 0.0167810
9 0.4040944 0.5630779 0.0271647 0.0167810
26 0.5423875 0.5630779 0.0271647 0.0167810
2 0.1966548 0.6234897 0.0271647 0.0167810
15 0.4732409 0.6234897 0.0271647 0.0167810
16 0.5423875 0.6234897 0.0271647 0.0167810
22 0.5423875 0.6839014 0.0271647 0.0167811
6 0.3337131 0.6234897 0.0271647 0.0167810
31 0.1275082 0.3818426 0.0271647 0.0167810
2 0.1275082 0.6234897 0.0271647 0.0167810
20 0.2658013 0.5026661 0.0271647 0.0167811
1 0.4732409 0.5630779 0.0271647 0.0167810
10 0.4732409 0.5026661 0.0271647 0.0167811
13 0.3337131 0.4422544 0.0271647 0.0167810
21 0.1275082 0.5026661 0.0271647 0.0167811
4 0.3337131 0.6839014 0.0271647 0.0167811
25 0.4732409 0.6839014 0.0271647 0.0167811
9 0.4040944 0.6234897 0.0271647 0.0167810
10 0.2658013 0.6234897 0.0271647 0.0167810
18 0.3337131 0.5026661 0.0271647 0.0167811
20 0.4732409 0.3818426 0.0271647 0.0167810
4 0.1275082 0.6839014 0.0271647 0.0167811
8 0.4040944 0.6839014 0.0271647 0.0167811
17 0.5423875 0.4422544 0.0271647 0.0167810
4 0.4040944 0.4422544 0.0271647 0.0167810
9 0.5423875 0.5026661 0.0271647 0.0167811
27 0.1966548 0.6839014 0.0271647 0.0167811
