21 0.4694567 0.4925741 0.0269537 0.0163698
19 0.3322378 0.4336431 0.0269537 0.0163697
32 0.4026850 0.4974849 0.4961934 0.4190650
11 0.4694567 0.3747120 0.0269537 0.0163697
26 0.5380662 0.3747120 0.0269537 0.0163697
12 0.6066756 0.3747120 0.0269537 0.0163697
33 0.1950189 0.4330974 0.0637088 0.0589310
8 0.1950189 0.4336431 0.0269537 0.0163697
18 0.2636283 0.4336431 0.0269537 0.0163697
19 0.5380662 0.4336431 0.0269537 0.0163697
4 0.1950189 0.4925741 0.0269537 0.0163698
23 0.3322378 0.4925741 0.0269537 0.0163698
21 0.6066756 0.4925741 0.0269537 0.0163698
24 0.2636283 0.5515051 0.0269537 0.0163697
2 0.4694567 0.5515051 0.0269537 0.0163697
20 0.5380662 0.5515051 0.0269537 0.0163697
6 0.6066756 0.5515051 0.0269537 0.0163697
9 0.1950189 0.6104361 0.0269537 0.0163697
31 0.3996221 0.6104361 0.0269537 0.0163697
3 0.6066756 0.6104361 0.0269537 0.0163697
5 0.3322378 0.6693671 0.0269537 0.0163698
10 0.3996221 0.6693671 0.0269537 0.0163698
14 0.4694567 0.6693671 0.0269537 0.0163698
29 0.5380662 0.6693671 0.0269537 0.0163698
10 0.1950189 0.3747120 0.0269537 0.0163697
10 0.5380662 0.4925741 0.0269537 0.0163698
12 0.3996221 0.5515051 0.0269537 0.0163697
29 0.2636283 0.4925741 0.0269537 0.0163698
10 0.1950189 0.5515051 0.0269537 0.0163697
15 0.3322378 0.5515051 0.0269537 0.0163697
29 0.3996221 0.4925741 0.0269537 0.0163698
9 0.3996221 0.4336431 0.0269537 0.0163697
4 0.3322378 0.3747120 0.0269537 0.0163697
22 0.1950189 0.6693671 0.0269537 0.0163698
18 0.2636283 0.3747120 0.0269537 0.0163697
26 0.3996221 0.3747120 0.0269537 0.0163697
15 0.2636283 0.6104361 0.0269537 0.0163697
12 0.6066756 0.4336431 0.0269537 0.0163697
21 0.6066756 0.6693671 0.0269537 0.0163698
21 0.4694567 0.6104361 0.0269537 0.0163697
16 0.3322378 0.6104361 0.0269537 0.0163697
15 0.2636283 0.6693671 0.0269537 0.0163698
12 0.5380662 0.6104361 0.0269537 0.0163697
1 0.4694567 0.4336431 0.0269537 0.0163697
