26 0.6050108 0.7168648 0.0271246 0.0171137
11 0.4669221 0.7784745 0.0271246 0.0171139
32 0.3997272 0.5987798 0.4993387 0.4381127
34 0.1907447 0.5314656 0.0641126 0.0616096
23 0.1907447 0.5320361 0.0271246 0.0171138
14 0.2597890 0.5320361 0.0271246 0.0171138
19 0.3288334 0.5320361 0.0271246 0.0171138
27 0.3966448 0.5320361 0.0271246 0.0171138
2 0.5359665 0.5320361 0.0271246 0.0171138
10 0.3966448 0.5936456 0.0271246 0.0171139
24 0.5359665 0.5936456 0.0271246 0.0171139
26 0.1907447 0.6552553 0.0271246 0.0171137
23 0.2597890 0.6552553 0.0271246 0.0171137
18 0.3966448 0.6552553 0.0271246 0.0171137
17 0.4669221 0.6552553 0.0271246 0.0171137
5 0.6050108 0.6552553 0.0271246 0.0171137
20 0.2597890 0.7168648 0.0271246 0.0171137
29 0.3288334 0.7168648 0.0271246 0.0171137
31 0.4669221 0.7168648 0.0271246 0.0171137
1 0.5359665 0.7168648 0.0271246 0.0171137
30 0.1907447 0.7784745 0.0271246 0.0171139
9 0.2597890 0.7784745 0.0271246 0.0171139
6 0.3966448 0.7784745 0.0271246 0.0171139
22 0.6050108 0.7784745 0.0271246 0.0171139
8 0.6050108 0.5320361 0.0271246 0.0171138
1 0.4669221 0.5936456 0.0271246 0.0171139
1 0.5359665 0.7784745 0.0271246 0.0171139
16 0.4669221 0.5320361 0.0271246 0.0171138
14 0.6050108 0.5936456 0.0271246 0.0171139
25 0.5359665 0.4704265 0.0271246 0.0171138
19 0.4669221 0.4704265 0.0271246 0.0171138
19 0.6050108 0.4704265 0.0271246 0.0171138
6 0.3966448 0.4704265 0.0271246 0.0171138
12 0.2597890 0.4704265 0.0271246 0.0171138
1 0.1907447 0.7168648 0.0271246 0.0171137
27 0.3288334 0.7784745 0.0271246 0.0171139
18 0.3288334 0.4704265 0.0271246 0.0171138
20 0.2597890 0.5936456 0.0271246 0.0171139
27 0.3966448 0.7168648 0.0271246 0.0171137
12 0.3288334 0.6552553 0.0271246 0.0171137
8 0.5359665 0.6552553 0.0271246 0.0171137
29 0.1907447 0.5936456 0.0271246 0.0171139
7 0.1907447 0.4704265 0.0271246 0.0171138
11 0.3288334 0.5936456 0.0271246 0.0171139
