11 0.6846181 0.4872398 0.0281364 0.0174563
21 0.5413782 0.5500825 0.0281364 0.0174563
32 0.4716766 0.4296339 0.5179660 0.4468818
6 0.2548982 0.2987115 0.0281364 0.0174563
3 0.3265182 0.2987115 0.0281364 0.0174563
14 0.3981382 0.2987115 0.0281364 0.0174563
8 0.6129982 0.2987115 0.0281364 0.0174563
22 0.6846181 0.2987115 0.0281364 0.0174563
1 0.3981382 0.3615542 0.0281364 0.0174563
25 0.4684792 0.3615542 0.0281364 0.0174563
13 0.5413782 0.3615542 0.0281364 0.0174563
33 0.6846182 0.3609724 0.0665043 0.0628427
6 0.6846181 0.3615542 0.0281364 0.0174563
24 0.2548982 0.4243970 0.0281364 0.0174563
21 0.3981382 0.4243970 0.0281364 0.0174563
18 0.5413782 0.4243970 0.0281364 0.0174563
7 0.6129982 0.4243970 0.0281364 0.0174563
10 0.6846181 0.4243970 0.0281364 0.0174563
11 0.2548982 0.5500825 0.0281364 0.0174563
29 0.2548982 0.6129253 0.0281364 0.0174563
4 0.3265182 0.6129253 0.0281364 0.0174563
16 0.3981382 0.6129253 0.0281364 0.0174563
23 0.4684792 0.6129253 0.0281364 0.0174563
17 0.6129982 0.6129253 0.0281364 0.0174563
8 0.6129982 0.4872398 0.0281364 0.0174563
9 0.6846181 0.6129253 0.0281364 0.0174563
19 0.3265182 0.4243970 0.0281364 0.0174563
30 0.3265182 0.5500825 0.0281364 0.0174563
19 0.6129982 0.3615542 0.0281364 0.0174563
9 0.3981382 0.5500825 0.0281364 0.0174563
17 0.5413782 0.6129253 0.0281364 0.0174563
19 0.3265182 0.3615542 0.0281364 0.0174563
11 0.2548982 0.3615542 0.0281364 0.0174563
27 0.2548982 0.4872398 0.0281364 0.0174563
10 0.6129982 0.5500825 0.0281364 0.0174563
14 0.4684792 0.4872398 0.0281364 0.0174563
14 0.4684792 0.5500825 0.0281364 0.0174563
21 0.6846181 0.5500825 0.0281364 0.0174563
21 0.4684792 0.4243970 0.0281364 0.0174563
26 0.5413782 0.4872398 0.0281364 0.0174563
18 0.4684792 0.2987115 0.0281364 0.0174563
26 0.5413782 0.2987115 0.0281364 0.0174563
28 0.3265182 0.4872398 0.0281364 0.0174563
24 0.3981382 0.4872398 0.0281364 0.0174563
