13 0.4098782 0.4489787 0.0279087 0.0163792
16 0.0546760 0.4489787 0.0279087 0.0163792
32 0.2697002 0.4538925 0.5137747 0.4193081
23 0.1967569 0.3310483 0.0279087 0.0163792
1 0.2665288 0.3310483 0.0279087 0.0163792
10 0.0546760 0.3900135 0.0279087 0.0163792
30 0.1257165 0.3900135 0.0279087 0.0163792
11 0.1967569 0.3900135 0.0279087 0.0163792
19 0.2665288 0.3900135 0.0279087 0.0163792
21 0.3388378 0.3900135 0.0279088 0.0163792
7 0.4809187 0.3900135 0.0279087 0.0163792
31 0.1257165 0.4489787 0.0279087 0.0163792
17 0.1967569 0.4489787 0.0279087 0.0163792
24 0.3388378 0.4489787 0.0279088 0.0163792
4 0.0546760 0.5079439 0.0279087 0.0163793
27 0.1257165 0.5079439 0.0279087 0.0163793
29 0.1967569 0.5079439 0.0279087 0.0163793
34 0.2665288 0.5073980 0.0659661 0.0589652
17 0.2665288 0.5079439 0.0279087 0.0163793
22 0.1967569 0.5669091 0.0279087 0.0163792
2 0.2665288 0.5669091 0.0279087 0.0163792
20 0.4098782 0.5669091 0.0279087 0.0163792
13 0.1257165 0.6258744 0.0279087 0.0163793
18 0.4098782 0.6258744 0.0279087 0.0163793
19 0.4098782 0.3900135 0.0279087 0.0163792
27 0.3388378 0.5079439 0.0279088 0.0163793
7 0.1967569 0.6258744 0.0279087 0.0163793
31 0.0546760 0.5669091 0.0279087 0.0163792
16 0.3388378 0.6258744 0.0279088 0.0163793
19 0.4809187 0.4489787 0.0279087 0.0163792
7 0.4809187 0.5079439 0.0279087 0.0163793
8 0.3388378 0.5669091 0.0279088 0.0163792
3 0.2665288 0.6258744 0.0279087 0.0163793
15 0.1257165 0.5669091 0.0279087 0.0163792
9 0.2665288 0.4489787 0.0279087 0.0163792
2 0.4098782 0.3310483 0.0279087 0.0163792
1 0.4098782 0.5079439 0.0279087 0.0163793
22 0.4809187 0.6258744 0.0279087 0.0163793
1 0.0546760 0.3310483 0.0279087 0.0163792
7 0.4809187 0.5669091 0.0279087 0.0163792
12 0.4809187 0.3310483 0.0279087 0.0163792
19 0.0546760 0.6258744 0.0279087 0.0163793
9 0.3388378 0.3310483 0.0279088 0.0163792
25 0.1257165 0.3310483 0.0279087 0.0163792
