4 0.5300635 0.7313285 0.0264889 0.0162160
27 0.3265808 0.4978181 0.0264889 0.0162160
32 0.3295908 0.5610605 0.4876361 0.4151296
2 0.1929323 0.4394404 0.0264889 0.0162160
24 0.3265808 0.4394404 0.0264889 0.0162160
11 0.5300635 0.4394404 0.0264889 0.0162160
17 0.1255061 0.4978181 0.0264889 0.0162160
25 0.3952110 0.4978181 0.0264889 0.0162160
26 0.5300635 0.4978181 0.0264889 0.0162160
31 0.1929323 0.5561956 0.0264889 0.0162160
14 0.2603586 0.5561956 0.0264889 0.0162160
8 0.3265808 0.5561956 0.0264889 0.0162160
3 0.3952110 0.5561956 0.0264889 0.0162160
10 0.4626373 0.5561956 0.0264889 0.0162160
30 0.1255061 0.6145733 0.0264889 0.0162160
34 0.1923303 0.6140327 0.0614060 0.0583775
25 0.1929323 0.6145733 0.0264889 0.0162160
23 0.3265808 0.6145733 0.0264889 0.0162160
21 0.3952110 0.6145733 0.0264889 0.0162160
19 0.1929323 0.6729508 0.0264889 0.0162160
29 0.2603586 0.6729508 0.0264889 0.0162160
4 0.3265808 0.6729508 0.0264889 0.0162160
22 0.3265808 0.7313285 0.0264889 0.0162160
16 0.4626373 0.7313285 0.0264889 0.0162160
25 0.4626373 0.4394404 0.0264889 0.0162160
7 0.3952110 0.6729508 0.0264889 0.0162160
14 0.1255061 0.7313285 0.0264889 0.0162160
30 0.4626373 0.6145733 0.0264889 0.0162160
3 0.2603586 0.4978181 0.0264889 0.0162160
28 0.1255061 0.5561956 0.0264889 0.0162160
3 0.5300635 0.6145733 0.0264889 0.0162160
20 0.3952110 0.4394404 0.0264889 0.0162160
19 0.1255061 0.6729508 0.0264889 0.0162160
27 0.4626373 0.6729508 0.0264889 0.0162160
27 0.1255061 0.4394404 0.0264889 0.0162160
13 0.5300635 0.5561956 0.0264889 0.0162160
17 0.3952110 0.7313285 0.0264889 0.0162160
3 0.1929323 0.7313285 0.0264889 0.0162160
10 0.5300635 0.6729508 0.0264889 0.0162160
28 0.4626373 0.4978181 0.0264889 0.0162160
11 0.2603586 0.7313285 0.0264889 0.0162160
15 0.1929323 0.4978181 0.0264889 0.0162160
3 0.2603586 0.4394404 0.0264889 0.0162160
17 0.2603586 0.6145733 0.0264889 0.0162160
