17 0.3417870 0.6139229 0.0269690 0.0158586
25 0.6850280 0.6139229 0.0269688 0.0158586
32 0.5495704 0.5615898 0.4964735 0.4059785
11 0.6850280 0.4426508 0.0269688 0.0158585
23 0.4104352 0.4997415 0.0269689 0.0158585
9 0.6163798 0.4997415 0.0269689 0.0158585
4 0.6850280 0.4997415 0.0269688 0.0158585
15 0.7536761 0.4997415 0.0269689 0.0158585
18 0.4104352 0.5568322 0.0269689 0.0158586
6 0.4790834 0.6139229 0.0269690 0.0158586
16 0.5465057 0.6139229 0.0269690 0.0158586
33 0.6157669 0.6133944 0.0649706 0.0570907
22 0.6163798 0.6139229 0.0269689 0.0158586
7 0.3417870 0.6710137 0.0269690 0.0158586
30 0.4104352 0.6710137 0.0269689 0.0158586
21 0.4790834 0.6710137 0.0269690 0.0158586
29 0.5465057 0.6710137 0.0269690 0.0158586
26 0.6163798 0.6710137 0.0269689 0.0158586
24 0.6850280 0.6710137 0.0269688 0.0158586
8 0.7536761 0.6710137 0.0269689 0.0158586
20 0.3417870 0.7281044 0.0269690 0.0158586
13 0.4104352 0.7281044 0.0269689 0.0158586
25 0.6850280 0.7281044 0.0269688 0.0158586
10 0.7536761 0.7281044 0.0269689 0.0158586
12 0.6163798 0.5568322 0.0269689 0.0158586
19 0.5465057 0.4426508 0.0269690 0.0158585
17 0.4790834 0.4426508 0.0269690 0.0158585
28 0.3417870 0.5568322 0.0269690 0.0158586
3 0.4104352 0.4426508 0.0269689 0.0158585
31 0.4790834 0.5568322 0.0269690 0.0158586
30 0.7536761 0.5568322 0.0269689 0.0158586
14 0.4104352 0.6139229 0.0269689 0.0158586
5 0.4790834 0.7281044 0.0269690 0.0158586
27 0.6850280 0.5568322 0.0269688 0.0158586
11 0.6163798 0.4426508 0.0269689 0.0158585
18 0.7536761 0.4426508 0.0269689 0.0158585
19 0.5465057 0.7281044 0.0269690 0.0158586
24 0.4790834 0.4997415 0.0269690 0.0158585
1 0.6163798 0.7281044 0.0269689 0.0158586
4 0.7536761 0.6139229 0.0269689 0.0158586
30 0.3417870 0.4426508 0.0269690 0.0158585
18 0.3417870 0.4997415 0.0269690 0.0158585
27 0.5465057 0.4997415 0.0269690 0.0158585
5 0.5465057 0.5568322 0.0269690 0.0158586
