2 0.4706409 0.3497687 0.0272898 0.0164145
12 0.4706409 0.5270451 0.0272898 0.0164145
32 0.6114314 0.4137852 0.5023801 0.4202107
13 0.4011760 0.2906766 0.0272898 0.0164145
1 0.5401058 0.2906766 0.0272898 0.0164145
5 0.6083303 0.2906766 0.0272898 0.0164145
24 0.6790356 0.2906766 0.0272897 0.0164145
7 0.7485005 0.2906766 0.0272897 0.0164145
22 0.4011760 0.3497687 0.0272898 0.0164145
21 0.6790356 0.3497687 0.0272897 0.0164145
20 0.7485005 0.3497687 0.0272897 0.0164145
29 0.4706409 0.4088608 0.0272898 0.0164145
27 0.5401058 0.4088608 0.0272898 0.0164145
10 0.6790356 0.4088608 0.0272897 0.0164145
15 0.7485005 0.4088608 0.0272897 0.0164145
26 0.4011760 0.4679530 0.0272898 0.0164145
18 0.4706409 0.4679530 0.0272898 0.0164145
6 0.7485005 0.4679530 0.0272897 0.0164145
34 0.5401058 0.5264980 0.0645031 0.0590921
31 0.5401058 0.5270451 0.0272898 0.0164145
11 0.7485005 0.5270451 0.0272897 0.0164145
16 0.4706409 0.5861373 0.0272898 0.0164145
23 0.6083303 0.5861373 0.0272898 0.0164145
17 0.8179654 0.5861373 0.0272897 0.0164145
18 0.4011760 0.5270451 0.0272898 0.0164145
20 0.4706409 0.2906766 0.0272898 0.0164145
20 0.5401058 0.5861373 0.0272898 0.0164145
22 0.8179654 0.2906766 0.0272897 0.0164145
27 0.8179654 0.4088608 0.0272897 0.0164145
29 0.5401058 0.4679530 0.0272898 0.0164145
15 0.6083303 0.5270451 0.0272898 0.0164145
21 0.8179654 0.4679530 0.0272897 0.0164145
11 0.6790356 0.5861373 0.0272897 0.0164145
11 0.5401058 0.3497687 0.0272898 0.0164145
12 0.8179654 0.5270451 0.0272897 0.0164145
30 0.6790356 0.5270451 0.0272897 0.0164145
28 0.4011760 0.4088608 0.0272898 0.0164145
16 0.6083303 0.4088608 0.0272898 0.0164145
16 0.6083303 0.3497687 0.0272898 0.0164145
31 0.6083303 0.4679530 0.0272898 0.0164145
11 0.4011760 0.5861373 0.0272898 0.0164145
8 0.7485005 0.5861373 0.0272897 0.0164145
24 0.6790356 0.4679530 0.0272897 0.0164145
20 0.8179654 0.3497687 0.0272897 0.0164145
