14 0.4241820 0.5611237 0.0273851 0.0173979
18 0.3544744 0.4358582 0.0273851 0.0173980
32 0.2866341 0.5037103 0.5041347 0.4453885
26 0.1453519 0.3732254 0.0273851 0.0173980
14 0.2835222 0.3732254 0.0273851 0.0173980
7 0.3544744 0.3732254 0.0273851 0.0173980
24 0.4938895 0.3732254 0.0273851 0.0173980
13 0.1453519 0.4358582 0.0273851 0.0173980
10 0.2150594 0.4358582 0.0273851 0.0173980
18 0.2835222 0.4358582 0.0273851 0.0173980
3 0.4241820 0.4358582 0.0273851 0.0173980
5 0.4938895 0.4358582 0.0273851 0.0173980
1 0.0756444 0.4984909 0.0273851 0.0173980
6 0.2150594 0.4984909 0.0273851 0.0173980
21 0.4938895 0.4984909 0.0273851 0.0173980
22 0.1453519 0.5611237 0.0273851 0.0173979
2 0.2835222 0.5611237 0.0273851 0.0173979
4 0.0756444 0.6237564 0.0273851 0.0173980
17 0.1453519 0.6237564 0.0273851 0.0173980
12 0.2835222 0.6237564 0.0273851 0.0173980
20 0.4241820 0.6237564 0.0273851 0.0173980
30 0.0756444 0.6863892 0.0273851 0.0173980
34 0.4235596 0.6858093 0.0634836 0.0626328
18 0.4241820 0.6863892 0.0273851 0.0173980
2 0.4241820 0.3732254 0.0273851 0.0173980
15 0.2835222 0.4984909 0.0273851 0.0173980
29 0.0756444 0.5611237 0.0273851 0.0173979
10 0.2150594 0.6863892 0.0273851 0.0173980
14 0.3544744 0.4984909 0.0273851 0.0173980
21 0.4241820 0.4984909 0.0273851 0.0173980
4 0.2150594 0.6237564 0.0273851 0.0173980
28 0.2150594 0.5611237 0.0273851 0.0173979
9 0.4938895 0.5611237 0.0273851 0.0173979
21 0.3544744 0.6863892 0.0273851 0.0173980
24 0.1453519 0.6863892 0.0273851 0.0173980
10 0.3544744 0.5611237 0.0273851 0.0173979
19 0.0756444 0.3732254 0.0273851 0.0173980
19 0.2150594 0.3732254 0.0273851 0.0173980
16 0.2835222 0.6863892 0.0273851 0.0173980
5 0.4938895 0.6237564 0.0273851 0.0173980
17 0.4938895 0.6863892 0.0273851 0.0173980
19 0.0756444 0.4358582 0.0273851 0.0173980
31 0.1453519 0.4984909 0.0273851 0.0173980
3 0.3544744 0.6237564 0.0273851 0.0173980
