16 0.5658504 0.2502669 0.0270792 0.0171508
26 0.5658504 0.3120100 0.0270792 0.0171509
32 0.3609100 0.3788982 0.4985036 0.4390616
7 0.2901348 0.2502669 0.0270792 0.0171508
18 0.1522770 0.3120100 0.0270792 0.0171509
20 0.2212059 0.3120100 0.0270792 0.0171509
25 0.3578328 0.3120100 0.0270792 0.0171509
21 0.4279926 0.3120100 0.0270792 0.0171509
12 0.4969215 0.3120100 0.0270792 0.0171509
23 0.2901348 0.3737530 0.0270792 0.0171509
27 0.3578328 0.3737530 0.0270792 0.0171509
9 0.4279926 0.3737530 0.0270792 0.0171509
16 0.4969215 0.3737530 0.0270792 0.0171509
31 0.5658504 0.3737530 0.0270792 0.0171509
22 0.2212059 0.4354960 0.0270792 0.0171509
5 0.5658504 0.4354960 0.0270792 0.0171509
2 0.1522770 0.4972391 0.0270792 0.0171508
29 0.2212059 0.4972391 0.0270792 0.0171508
15 0.4279926 0.4972391 0.0270792 0.0171508
17 0.2901348 0.5589821 0.0270792 0.0171508
26 0.4279926 0.5589821 0.0270792 0.0171508
33 0.4963061 0.5584104 0.0627745 0.0617430
28 0.4969215 0.5589821 0.0270792 0.0171508
3 0.5658504 0.5589821 0.0270792 0.0171508
24 0.1522770 0.3737530 0.0270792 0.0171509
15 0.4969215 0.4972391 0.0270792 0.0171508
12 0.1522770 0.4354960 0.0270792 0.0171509
22 0.1522770 0.2502669 0.0270792 0.0171508
30 0.4279926 0.4354960 0.0270792 0.0171509
9 0.2901348 0.3120100 0.0270792 0.0171509
21 0.5658504 0.4972391 0.0270792 0.0171508
18 0.2901348 0.4972391 0.0270792 0.0171508
12 0.3578328 0.5589821 0.0270792 0.0171508
31 0.3578328 0.2502669 0.0270792 0.0171508
2 0.3578328 0.4354960 0.0270792 0.0171509
6 0.2212059 0.5589821 0.0270792 0.0171508
15 0.4969215 0.2502669 0.0270792 0.0171508
17 0.4969215 0.4354960 0.0270792 0.0171509
19 0.2901348 0.4354960 0.0270792 0.0171509
2 0.3578328 0.4972391 0.0270792 0.0171508
10 0.1522770 0.5589821 0.0270792 0.0171508
1 0.2212059 0.2502669 0.0270792 0.0171508
18 0.2212059 0.3737530 0.0270792 0.0171509
20 0.4279926 0.2502669 0.0270792 0.0171508
