12 0.2537400 0.5951771 0.0274794 0.0172064
6 0.6734254 0.6571201 0.0274794 0.0172064
32 0.4654563 0.6003390 0.5058707 0.4404831
34 0.3936352 0.4707177 0.0649513 0.0619429
26 0.3936352 0.4712912 0.0274794 0.0172064
29 0.5335303 0.4712912 0.0274794 0.0172064
31 0.6734254 0.4712912 0.0274794 0.0172064
14 0.2537400 0.5332342 0.0274794 0.0172064
21 0.3236876 0.5332342 0.0274794 0.0172064
1 0.4623336 0.5332342 0.0274794 0.0172064
26 0.5335303 0.5332342 0.0274794 0.0172064
16 0.6034778 0.5332342 0.0274794 0.0172064
19 0.3236876 0.5951771 0.0274794 0.0172064
9 0.4623336 0.5951771 0.0274794 0.0172064
22 0.6734254 0.5951771 0.0274794 0.0172064
15 0.2537400 0.6571201 0.0274794 0.0172064
4 0.3936352 0.6571201 0.0274794 0.0172064
8 0.6034778 0.6571201 0.0274794 0.0172064
10 0.3936352 0.7190630 0.0274794 0.0172064
7 0.4623336 0.7190630 0.0274794 0.0172064
3 0.5335303 0.7190630 0.0274794 0.0172064
11 0.6734254 0.7190630 0.0274794 0.0172064
18 0.2537400 0.7810059 0.0274794 0.0172064
2 0.5335303 0.7810059 0.0274794 0.0172064
11 0.4623336 0.7810059 0.0274794 0.0172064
20 0.3236876 0.7190630 0.0274794 0.0172064
24 0.6034778 0.5951771 0.0274794 0.0172064
20 0.3936352 0.5951771 0.0274794 0.0172064
12 0.3236876 0.6571201 0.0274794 0.0172064
28 0.5335303 0.6571201 0.0274794 0.0172064
28 0.6734254 0.5332342 0.0274794 0.0172064
29 0.3936352 0.5332342 0.0274794 0.0172064
25 0.3936352 0.7810059 0.0274794 0.0172064
21 0.3236876 0.7810059 0.0274794 0.0172064
7 0.4623336 0.6571201 0.0274794 0.0172064
6 0.3236876 0.4712912 0.0274794 0.0172064
16 0.4623336 0.4712912 0.0274794 0.0172064
20 0.5335303 0.5951771 0.0274794 0.0172064
30 0.2537400 0.4712912 0.0274794 0.0172064
13 0.6734254 0.7810059 0.0274794 0.0172064
24 0.2537400 0.7190630 0.0274794 0.0172064
27 0.6034778 0.7190630 0.0274794 0.0172064
5 0.6034778 0.4712912 0.0274794 0.0172064
29 0.6034778 0.7810059 0.0274794 0.0172064
