7 0.3657758 0.6557947 0.0286786 0.0161470
29 0.4387759 0.5395362 0.0286786 0.0161471
32 0.5137315 0.4862511 0.5279476 0.4133636
5 0.5847762 0.3651484 0.0286786 0.0161470
20 0.7307765 0.3651484 0.0286787 0.0161470
33 0.5104725 0.4227395 0.0677859 0.0581292
26 0.5104725 0.4232777 0.0286786 0.0161470
11 0.2927756 0.4814069 0.0286786 0.0161471
13 0.3657758 0.4814069 0.0286786 0.0161471
22 0.5104725 0.4814069 0.0286786 0.0161471
29 0.5847762 0.4814069 0.0286786 0.0161471
19 0.6577763 0.4814069 0.0286787 0.0161471
24 0.6577763 0.5395362 0.0286787 0.0161471
7 0.7307765 0.5395362 0.0286787 0.0161471
31 0.2927756 0.5976655 0.0286786 0.0161470
16 0.3657758 0.5976655 0.0286786 0.0161470
30 0.4387759 0.5976655 0.0286786 0.0161470
15 0.5104725 0.5976655 0.0286786 0.0161470
26 0.5847762 0.5976655 0.0286786 0.0161470
25 0.6577763 0.5976655 0.0286787 0.0161470
21 0.7307765 0.5976655 0.0286787 0.0161470
27 0.2927756 0.6557947 0.0286786 0.0161470
23 0.5104725 0.6557947 0.0286786 0.0161470
14 0.5847762 0.6557947 0.0286786 0.0161470
5 0.7307765 0.6557947 0.0286787 0.0161470
8 0.7307765 0.4814069 0.0286787 0.0161471
28 0.2927756 0.3651484 0.0286786 0.0161470
6 0.4387759 0.6557947 0.0286786 0.0161470
20 0.4387759 0.4814069 0.0286786 0.0161471
6 0.7307765 0.4232777 0.0286787 0.0161470
17 0.2927756 0.4232777 0.0286786 0.0161470
29 0.3657758 0.5395362 0.0286786 0.0161471
5 0.4387759 0.4232777 0.0286786 0.0161470
24 0.6577763 0.3651484 0.0286787 0.0161470
19 0.5847762 0.4232777 0.0286786 0.0161470
5 0.3657758 0.4232777 0.0286786 0.0161470
28 0.6577763 0.4232777 0.0286787 0.0161470
22 0.3657758 0.3651484 0.0286786 0.0161470
20 0.5847762 0.5395362 0.0286786 0.0161471
14 0.6577763 0.6557947 0.0286787 0.0161470
16 0.5104725 0.3651484 0.0286786 0.0161470
19 0.5104725 0.5395362 0.0286786 0.0161471
27 0.2927756 0.5395362 0.0286786 0.0161471
29 0.4387759 0.3651484 0.0286786 0.0161470
