20 0.6739508 0.4522210 0.0283526 0.0172040
21 0.7461209 0.4522210 0.0283526 0.0172040
32 0.5315437 0.5193167 0.5219447 0.4404231
3 0.3131002 0.3902865 0.0283525 0.0172040
24 0.6739508 0.3902865 0.0283526 0.0172040
34 0.3131002 0.4516475 0.0670151 0.0619345
11 0.3131002 0.4522210 0.0283525 0.0172040
4 0.3852703 0.4522210 0.0283525 0.0172040
7 0.4574404 0.4522210 0.0283525 0.0172040
27 0.6017806 0.4522210 0.0283525 0.0172040
8 0.3131002 0.5141555 0.0283525 0.0172040
31 0.3852703 0.5141555 0.0283525 0.0172040
6 0.6017806 0.5141555 0.0283525 0.0172040
15 0.6739508 0.5141555 0.0283526 0.0172040
21 0.3131002 0.5760900 0.0283525 0.0172040
20 0.4574404 0.5760900 0.0283525 0.0172040
22 0.5283218 0.5760900 0.0283525 0.0172040
16 0.4574404 0.6380245 0.0283525 0.0172040
14 0.6017806 0.6380245 0.0283525 0.0172040
23 0.7461209 0.6380245 0.0283526 0.0172040
19 0.3131002 0.6999590 0.0283525 0.0172040
9 0.3852703 0.6999590 0.0283525 0.0172040
29 0.6017806 0.6999590 0.0283525 0.0172040
5 0.7461209 0.6999590 0.0283526 0.0172040
20 0.3852703 0.6380245 0.0283525 0.0172040
13 0.7461209 0.3902865 0.0283526 0.0172040
31 0.4574404 0.5141555 0.0283525 0.0172040
31 0.3852703 0.5760900 0.0283525 0.0172040
5 0.5283218 0.4522210 0.0283525 0.0172040
25 0.4574404 0.3902865 0.0283525 0.0172040
30 0.6739508 0.5760900 0.0283526 0.0172040
6 0.5283218 0.6380245 0.0283525 0.0172040
13 0.6017806 0.3902865 0.0283525 0.0172040
17 0.7461209 0.5760900 0.0283526 0.0172040
26 0.3131002 0.6380245 0.0283525 0.0172040
21 0.7461209 0.5141555 0.0283526 0.0172040
11 0.6017806 0.5760900 0.0283525 0.0172040
16 0.5283218 0.3902865 0.0283525 0.0172040
26 0.5283218 0.6999590 0.0283525 0.0172040
31 0.5283218 0.5141555 0.0283525 0.0172040
7 0.6739508 0.6380245 0.0283526 0.0172040
31 0.6739508 0.6999590 0.0283526 0.0172040
2 0.4574404 0.6999590 0.0283525 0.0172040
5 0.3852703 0.3902865 0.0283525 0.0172040
