15 0.6863302 0.5363823 0.0286603 0.0162696
24 0.6863302 0.3021005 0.0286603 0.0162696
32 0.5423771 0.3655518 0.5276109 0.4165009
27 0.3215622 0.2435301 0.0286604 0.0162696
4 0.3945158 0.2435301 0.0286604 0.0162696
18 0.3215622 0.3021005 0.0286604 0.0162696
14 0.3945158 0.3021005 0.0286604 0.0162696
16 0.5391202 0.3021005 0.0286604 0.0162696
26 0.7592838 0.3021005 0.0286604 0.0162696
23 0.3215622 0.3606709 0.0286604 0.0162696
20 0.3945158 0.3606709 0.0286604 0.0162696
3 0.4674694 0.3606709 0.0286604 0.0162696
2 0.5391202 0.3606709 0.0286604 0.0162696
29 0.3945158 0.4192414 0.0286604 0.0162695
1 0.4674694 0.4192414 0.0286604 0.0162695
31 0.6133766 0.4192414 0.0286604 0.0162695
9 0.7592838 0.4192414 0.0286604 0.0162695
30 0.3945158 0.4778119 0.0286604 0.0162696
34 0.4674694 0.4772695 0.0677427 0.0585705
8 0.4674694 0.4778119 0.0286604 0.0162696
12 0.5391202 0.4778119 0.0286604 0.0162696
25 0.6863302 0.4778119 0.0286603 0.0162696
5 0.3945158 0.5363823 0.0286604 0.0162696
13 0.7592838 0.5363823 0.0286604 0.0162696
17 0.6133766 0.3606709 0.0286604 0.0162696
25 0.6863302 0.3606709 0.0286603 0.0162696
28 0.3215622 0.5363823 0.0286604 0.0162696
24 0.7592838 0.2435301 0.0286604 0.0162696
16 0.6863302 0.4192414 0.0286603 0.0162695
3 0.3215622 0.4192414 0.0286604 0.0162695
6 0.4674694 0.3021005 0.0286604 0.0162696
31 0.4674694 0.2435301 0.0286604 0.0162696
17 0.6133766 0.5363823 0.0286604 0.0162696
1 0.7592838 0.3606709 0.0286604 0.0162696
24 0.5391202 0.5363823 0.0286604 0.0162696
9 0.6863302 0.2435301 0.0286603 0.0162696
24 0.5391202 0.4192414 0.0286604 0.0162695
6 0.6133766 0.3021005 0.0286604 0.0162696
6 0.7592838 0.4778119 0.0286604 0.0162696
27 0.3215622 0.4778119 0.0286604 0.0162696
21 0.5391202 0.2435301 0.0286604 0.0162696
25 0.6133766 0.2435301 0.0286604 0.0162696
16 0.4674694 0.5363823 0.0286604 0.0162696
11 0.6133766 0.4778119 0.0286604 0.0162696
