22 0.4304628 0.3188414 0.0277540 0.0166245
14 0.4304628 0.5582345 0.0277540 0.0166246
32 0.3617086 0.4435253 0.5109256 0.4255877
5 0.3585547 0.3188414 0.0277540 0.0166245
10 0.5717558 0.3188414 0.0277540 0.0166245
25 0.1478768 0.3786897 0.0277540 0.0166245
2 0.3585547 0.3786897 0.0277540 0.0166245
8 0.5717558 0.3786897 0.0277540 0.0166245
13 0.2185233 0.4385380 0.0277540 0.0166246
21 0.2891698 0.4385380 0.0277540 0.0166246
26 0.2185233 0.4983862 0.0277540 0.0166245
3 0.3585547 0.4983862 0.0277540 0.0166245
34 0.5717558 0.4978321 0.0656004 0.0598483
25 0.5717558 0.4983862 0.0277540 0.0166245
17 0.1478768 0.5582345 0.0277540 0.0166246
18 0.2185233 0.5582345 0.0277540 0.0166246
27 0.2891698 0.5582345 0.0277540 0.0166246
4 0.3585547 0.5582345 0.0277540 0.0166246
14 0.5011093 0.5582345 0.0277540 0.0166246
30 0.5717558 0.5582345 0.0277540 0.0166246
9 0.2185233 0.6180828 0.0277540 0.0166245
20 0.2891698 0.6180828 0.0277540 0.0166245
31 0.4304628 0.6180828 0.0277540 0.0166245
7 0.5717558 0.6180828 0.0277540 0.0166245
20 0.4304628 0.4385380 0.0277540 0.0166246
14 0.1478768 0.3188414 0.0277540 0.0166245
28 0.2891698 0.3786897 0.0277540 0.0166245
1 0.5011093 0.3786897 0.0277540 0.0166245
16 0.5011093 0.4983862 0.0277540 0.0166245
25 0.1478768 0.4983862 0.0277540 0.0166245
20 0.4304628 0.3786897 0.0277540 0.0166245
1 0.2891698 0.3188414 0.0277540 0.0166245
22 0.5011093 0.6180828 0.0277540 0.0166245
15 0.2891698 0.4983862 0.0277540 0.0166245
30 0.5011093 0.4385380 0.0277540 0.0166246
12 0.4304628 0.4983862 0.0277540 0.0166245
25 0.1478768 0.4385380 0.0277540 0.0166246
26 0.2185233 0.3188414 0.0277540 0.0166245
1 0.5717558 0.4385380 0.0277540 0.0166246
4 0.1478768 0.6180828 0.0277540 0.0166245
16 0.2185233 0.3786897 0.0277540 0.0166245
29 0.5011093 0.3188414 0.0277540 0.0166245
25 0.3585547 0.6180828 0.0277540 0.0166245
14 0.3585547 0.4385380 0.0277540 0.0166246
