7 0.2642540 0.4758655 0.0284164 0.0169935
5 0.1195887 0.6593959 0.0284164 0.0169935
32 0.3385242 0.5421404 0.5231200 0.4350351
6 0.3352950 0.4146887 0.0284164 0.0169936
27 0.4812520 0.4146887 0.0284164 0.0169936
19 0.5535846 0.4146887 0.0284164 0.0169936
4 0.3352950 0.4758655 0.0284164 0.0169935
15 0.5535846 0.4758655 0.0284164 0.0169935
11 0.2642540 0.5370423 0.0284164 0.0169935
25 0.4089193 0.5370423 0.0284164 0.0169935
10 0.5535846 0.5370423 0.0284164 0.0169935
16 0.1195887 0.5982191 0.0284164 0.0169936
22 0.3352950 0.5982191 0.0284164 0.0169936
13 0.4812520 0.5982191 0.0284164 0.0169936
23 0.5535846 0.5982191 0.0284164 0.0169936
17 0.1919214 0.6593959 0.0284164 0.0169935
1 0.2642540 0.6593959 0.0284164 0.0169935
33 0.4806062 0.6588295 0.0658744 0.0611768
5 0.4812520 0.6593959 0.0284164 0.0169935
3 0.1195887 0.7205727 0.0284164 0.0169935
9 0.1919214 0.7205727 0.0284164 0.0169935
12 0.4089193 0.7205727 0.0284164 0.0169935
29 0.4812520 0.7205727 0.0284164 0.0169935
8 0.5535846 0.7205727 0.0284164 0.0169935
21 0.1919214 0.5982191 0.0284164 0.0169936
3 0.4812520 0.5370423 0.0284164 0.0169935
20 0.2642540 0.5982191 0.0284164 0.0169936
8 0.2642540 0.7205727 0.0284164 0.0169935
15 0.4089193 0.4146887 0.0284164 0.0169936
28 0.4089193 0.4758655 0.0284164 0.0169935
11 0.1195887 0.5370423 0.0284164 0.0169935
16 0.1195887 0.4758655 0.0284164 0.0169935
5 0.3352950 0.6593959 0.0284164 0.0169935
2 0.1919214 0.4146887 0.0284164 0.0169936
15 0.1195887 0.4146887 0.0284164 0.0169936
27 0.3352950 0.7205727 0.0284164 0.0169935
31 0.1919214 0.5370423 0.0284164 0.0169935
14 0.4812520 0.4758655 0.0284164 0.0169935
3 0.4089193 0.5982191 0.0284164 0.0169936
15 0.3352950 0.5370423 0.0284164 0.0169935
27 0.2642540 0.4146887 0.0284164 0.0169936
7 0.5535846 0.6593959 0.0284164 0.0169935
16 0.4089193 0.6593959 0.0284164 0.0169935
16 0.1919214 0.4758655 0.0284164 0.0169935
