28 0.3882656 0.7585192 0.0268252 0.0173796
2 0.3199832 0.8210857 0.0268252 0.0173796
32 0.5266593 0.6385999 0.4938279 0.4449179
8 0.3199832 0.5082528 0.0268252 0.0173796
29 0.3882656 0.5082528 0.0268252 0.0173796
10 0.4565479 0.5082528 0.0268252 0.0173796
2 0.5236110 0.5082528 0.0268252 0.0173796
13 0.5931127 0.5082528 0.0268252 0.0173796
15 0.6613951 0.5082528 0.0268253 0.0173796
7 0.3882656 0.5708194 0.0268252 0.0173796
12 0.4565479 0.5708194 0.0268252 0.0173796
19 0.5236110 0.5708194 0.0268252 0.0173796
3 0.7296774 0.5708194 0.0268252 0.0173796
23 0.3882656 0.6333860 0.0268252 0.0173796
34 0.5925031 0.6328067 0.0646244 0.0625666
30 0.5931127 0.6333860 0.0268252 0.0173796
11 0.3882656 0.6959526 0.0268252 0.0173796
1 0.4565479 0.6959526 0.0268252 0.0173796
18 0.6613951 0.6959526 0.0268253 0.0173796
6 0.3199832 0.7585192 0.0268252 0.0173796
30 0.4565479 0.7585192 0.0268252 0.0173796
4 0.5236110 0.7585192 0.0268252 0.0173796
17 0.3882656 0.8210857 0.0268252 0.0173796
21 0.7296774 0.8210857 0.0268252 0.0173796
15 0.5931127 0.6959526 0.0268252 0.0173796
3 0.6613951 0.5708194 0.0268253 0.0173796
16 0.7296774 0.5082528 0.0268252 0.0173796
21 0.7296774 0.6959526 0.0268252 0.0173796
6 0.7296774 0.6333860 0.0268252 0.0173796
19 0.7296774 0.7585192 0.0268252 0.0173796
7 0.6613951 0.6333860 0.0268253 0.0173796
14 0.5931127 0.8210857 0.0268252 0.0173796
30 0.5236110 0.6333860 0.0268252 0.0173796
28 0.4565479 0.8210857 0.0268252 0.0173796
17 0.6613951 0.8210857 0.0268253 0.0173796
25 0.3199832 0.5708194 0.0268252 0.0173796
16 0.3199832 0.6333860 0.0268252 0.0173796
12 0.5931127 0.7585192 0.0268252 0.0173796
18 0.5931127 0.5708194 0.0268252 0.0173796
7 0.6613951 0.7585192 0.0268253 0.0173796
6 0.5236110 0.6959526 0.0268252 0.0173796
3 0.5236110 0.8210857 0.0268252 0.0173796
4 0.4565479 0.6333860 0.0268252 0.0173796
26 0.3199832 0.6959526 0.0268252 0.0173796
