16 0.2576158 0.2331439 0.0270246 0.0172114
15 0.6015657 0.5429495 0.0270246 0.0172114
32 0.4658283 0.3622295 0.4974990 0.4406124
11 0.4627574 0.2331439 0.0270246 0.0172114
24 0.6015657 0.2331439 0.0270246 0.0172114
31 0.5327757 0.2951050 0.0270247 0.0172114
7 0.6703558 0.2951050 0.0270247 0.0172114
2 0.3951958 0.3570661 0.0270247 0.0172114
30 0.4627574 0.3570661 0.0270246 0.0172114
8 0.5327757 0.3570661 0.0270247 0.0172114
6 0.6703558 0.3570661 0.0270247 0.0172114
18 0.3264058 0.4190272 0.0270247 0.0172114
5 0.3951958 0.4190272 0.0270247 0.0172114
22 0.5327757 0.4190272 0.0270247 0.0172114
33 0.6009515 0.4184535 0.0626480 0.0619611
6 0.6015657 0.4190272 0.0270246 0.0172114
23 0.6703558 0.4190272 0.0270247 0.0172114
3 0.3951958 0.4809883 0.0270247 0.0172114
9 0.6015657 0.4809883 0.0270246 0.0172114
1 0.6703558 0.4809883 0.0270247 0.0172114
29 0.2576158 0.5429495 0.0270246 0.0172114
20 0.3264058 0.5429495 0.0270247 0.0172114
4 0.3951958 0.5429495 0.0270247 0.0172114
14 0.5327757 0.5429495 0.0270247 0.0172114
18 0.5327757 0.4809883 0.0270247 0.0172114
25 0.3264058 0.3570661 0.0270247 0.0172114
13 0.4627574 0.5429495 0.0270246 0.0172114
3 0.4627574 0.4809883 0.0270246 0.0172114
21 0.2576158 0.4809883 0.0270246 0.0172114
7 0.3264058 0.2331439 0.0270247 0.0172114
13 0.3951958 0.2951050 0.0270247 0.0172114
3 0.2576158 0.4190272 0.0270246 0.0172114
22 0.3264058 0.4809883 0.0270247 0.0172114
5 0.3951958 0.2331439 0.0270247 0.0172114
8 0.6703558 0.5429495 0.0270247 0.0172114
18 0.3264058 0.2951050 0.0270247 0.0172114
12 0.2576158 0.3570661 0.0270246 0.0172114
22 0.2576158 0.2951050 0.0270246 0.0172114
3 0.5327757 0.2331439 0.0270247 0.0172114
14 0.4627574 0.2951050 0.0270246 0.0172114
29 0.6015657 0.2951050 0.0270246 0.0172114
26 0.6703558 0.2331439 0.0270247 0.0172114
22 0.6015657 0.3570661 0.0270246 0.0172114
28 0.4627574 0.4190272 0.0270246 0.0172114
