13 0.4618259 0.3707900 0.0277023 0.0172629
3 0.6733708 0.6193759 0.0277023 0.0172629
32 0.6047446 0.4381153 0.5099742 0.4419304
9 0.4618259 0.3086436 0.0277023 0.0172629
20 0.5323409 0.3086436 0.0277023 0.0172629
19 0.6015967 0.3086436 0.0277023 0.0172629
4 0.7438858 0.3086436 0.0277023 0.0172629
14 0.3913110 0.3707900 0.0277023 0.0172629
11 0.5323409 0.3707900 0.0277023 0.0172629
30 0.6015967 0.3707900 0.0277023 0.0172629
17 0.6733708 0.3707900 0.0277023 0.0172629
18 0.7438858 0.3707900 0.0277023 0.0172629
8 0.4618259 0.4329365 0.0277023 0.0172629
33 0.5323409 0.4323610 0.0654782 0.0621464
6 0.5323409 0.4329365 0.0277023 0.0172629
16 0.6015967 0.4329365 0.0277023 0.0172629
15 0.6733708 0.4329365 0.0277023 0.0172629
25 0.7438858 0.4329365 0.0277023 0.0172629
23 0.3913110 0.4950829 0.0277023 0.0172629
2 0.5323409 0.4950829 0.0277023 0.0172629
27 0.3913110 0.5572294 0.0277023 0.0172629
5 0.4618259 0.5572294 0.0277023 0.0172629
22 0.6015967 0.5572294 0.0277023 0.0172629
6 0.6015967 0.6193759 0.0277023 0.0172629
6 0.4618259 0.4950829 0.0277023 0.0172629
7 0.6733708 0.5572294 0.0277023 0.0172629
20 0.7438858 0.5572294 0.0277023 0.0172629
13 0.8144008 0.4329365 0.0277023 0.0172629
1 0.8144008 0.4950829 0.0277023 0.0172629
26 0.8144008 0.3707900 0.0277023 0.0172629
6 0.6015967 0.4950829 0.0277023 0.0172629
24 0.3913110 0.3086436 0.0277023 0.0172629
15 0.5323409 0.5572294 0.0277023 0.0172629
24 0.7438858 0.6193759 0.0277023 0.0172629
11 0.6733708 0.3086436 0.0277023 0.0172629
3 0.6733708 0.4950829 0.0277023 0.0172629
26 0.8144008 0.3086436 0.0277023 0.0172629
21 0.7438858 0.4950829 0.0277023 0.0172629
9 0.8144008 0.5572294 0.0277023 0.0172629
11 0.4618259 0.6193759 0.0277023 0.0172629
2 0.5323409 0.6193759 0.0277023 0.0172629
18 0.3913110 0.4329365 0.0277023 0.0172629
9 0.8144008 0.6193759 0.0277023 0.0172629
13 0.3913110 0.6193759 0.0277023 0.0172629
