5 0.1087218 0.3058008 0.0278619 0.0163322
30 0.4633275 0.3058008 0.0278619 0.0163322
32 0.2550848 0.4282922 0.5076697 0.4181041
8 0.0378007 0.3058008 0.0278619 0.0163322
2 0.1796429 0.3058008 0.0278619 0.0163322
12 0.2492976 0.3058008 0.0278619 0.0163322
26 0.3924064 0.3058008 0.0278619 0.0163322
6 0.0378007 0.3645967 0.0278619 0.0163322
20 0.1796429 0.3645967 0.0278619 0.0163322
22 0.2492976 0.3645967 0.0278619 0.0163322
15 0.3214852 0.3645967 0.0278619 0.0163322
7 0.4633275 0.3645967 0.0278619 0.0163322
25 0.1796429 0.4821885 0.0278619 0.0163321
3 0.2492976 0.4821885 0.0278619 0.0163321
24 0.3214852 0.4821885 0.0278619 0.0163321
19 0.3924064 0.4821885 0.0278619 0.0163321
16 0.0378007 0.5409844 0.0278619 0.0163322
29 0.1796429 0.5409844 0.0278619 0.0163322
13 0.3214852 0.5409844 0.0278619 0.0163322
31 0.4633275 0.5409844 0.0278619 0.0163322
34 0.2492976 0.5992358 0.0658554 0.0587958
19 0.2492976 0.5997803 0.0278619 0.0163322
30 0.3924064 0.5997803 0.0278619 0.0163322
17 0.4633275 0.5997803 0.0278619 0.0163322
16 0.3924064 0.4233926 0.0278619 0.0163322
12 0.0378007 0.4821885 0.0278619 0.0163321
9 0.2492976 0.4233926 0.0278619 0.0163322
16 0.1087218 0.3645967 0.0278619 0.0163322
11 0.1796429 0.5997803 0.0278619 0.0163322
15 0.3214852 0.4233926 0.0278619 0.0163322
25 0.1087218 0.4821885 0.0278619 0.0163321
27 0.0378007 0.5997803 0.0278619 0.0163322
24 0.1796429 0.4233926 0.0278619 0.0163322
24 0.3924064 0.3645967 0.0278619 0.0163322
15 0.1087218 0.5409844 0.0278619 0.0163322
14 0.1087218 0.4233926 0.0278619 0.0163322
29 0.1087218 0.5997803 0.0278619 0.0163322
3 0.4633275 0.4233926 0.0278619 0.0163322
29 0.2492976 0.5409844 0.0278619 0.0163322
29 0.4633275 0.4821885 0.0278619 0.0163321
26 0.3214852 0.3058008 0.0278619 0.0163322
14 0.0378007 0.4233926 0.0278619 0.0163322
1 0.3214852 0.5997803 0.0278619 0.0163322
3 0.3924064 0.5409844 0.0278619 0.0163322
