8 0.0855175 0.2435175 0.0276391 0.0161929
14 0.0855175 0.3018119 0.0276391 0.0161929
32 0.2984639 0.3649640 0.5088099 0.4145373
14 0.3669334 0.2435175 0.0276390 0.0161929
5 0.4372874 0.2435175 0.0276390 0.0161929
10 0.2262255 0.3018119 0.0276391 0.0161929
26 0.2953231 0.3018119 0.0276390 0.0161929
3 0.4372874 0.3018119 0.0276390 0.0161929
12 0.0855175 0.3601062 0.0276391 0.0161928
18 0.2262255 0.3601062 0.0276391 0.0161928
22 0.3669334 0.3601062 0.0276390 0.0161928
9 0.5076413 0.3601062 0.0276390 0.0161928
30 0.1558715 0.4184005 0.0276391 0.0161929
6 0.2953231 0.4184005 0.0276390 0.0161929
4 0.3669334 0.4184005 0.0276390 0.0161929
25 0.5076413 0.4184005 0.0276390 0.0161929
23 0.0855175 0.4766948 0.0276391 0.0161928
17 0.5076413 0.4766948 0.0276390 0.0161928
33 0.0855175 0.5344493 0.0653287 0.0582943
9 0.0855175 0.5349891 0.0276391 0.0161929
13 0.1558715 0.5349891 0.0276391 0.0161929
11 0.3669334 0.5349891 0.0276390 0.0161929
29 0.4372874 0.5349891 0.0276390 0.0161929
19 0.5076413 0.5349891 0.0276390 0.0161929
31 0.5076413 0.2435175 0.0276390 0.0161929
20 0.2262255 0.5349891 0.0276391 0.0161929
18 0.1558715 0.2435175 0.0276391 0.0161929
2 0.5076413 0.3018119 0.0276390 0.0161929
31 0.0855175 0.4184005 0.0276391 0.0161929
8 0.2262255 0.2435175 0.0276391 0.0161929
2 0.3669334 0.4766948 0.0276390 0.0161928
13 0.4372874 0.4184005 0.0276390 0.0161929
1 0.2953231 0.5349891 0.0276390 0.0161929
31 0.4372874 0.3601062 0.0276390 0.0161928
5 0.2262255 0.4184005 0.0276391 0.0161929
31 0.2953231 0.4766948 0.0276390 0.0161928
26 0.1558715 0.3601062 0.0276391 0.0161928
5 0.2953231 0.2435175 0.0276390 0.0161929
26 0.4372874 0.4766948 0.0276390 0.0161928
25 0.1558715 0.4766948 0.0276391 0.0161928
24 0.1558715 0.3018119 0.0276391 0.0161929
29 0.2262255 0.4766948 0.0276391 0.0161928
5 0.2953231 0.3601062 0.0276390 0.0161928
29 0.3669334 0.3018119 0.0276390 0.0161929
