13 0.7921965 0.6198492 0.0270248 0.0161348
27 0.4482439 0.3875076 0.0270248 0.0161348
32 0.6564581 0.4504334 0.4975029 0.4130518
34 0.6533870 0.3288843 0.0638769 0.0580854
3 0.6533871 0.3294222 0.0270248 0.0161348
11 0.7234059 0.3294222 0.0270248 0.0161348
31 0.7921965 0.3294222 0.0270248 0.0161348
29 0.8609869 0.3294222 0.0270248 0.0161348
27 0.7234059 0.3875076 0.0270248 0.0161348
20 0.7921965 0.3875076 0.0270248 0.0161348
16 0.8609869 0.3875076 0.0270248 0.0161348
9 0.4482439 0.4455930 0.0270248 0.0161348
7 0.5170344 0.4455930 0.0270248 0.0161348
24 0.5858250 0.4455930 0.0270249 0.0161348
21 0.6533871 0.4455930 0.0270248 0.0161348
17 0.8609869 0.4455930 0.0270248 0.0161348
2 0.4482439 0.5036784 0.0270248 0.0161348
12 0.5170344 0.5036784 0.0270248 0.0161348
6 0.7234059 0.5036784 0.0270248 0.0161348
23 0.4482439 0.5617638 0.0270248 0.0161348
4 0.5170344 0.5617638 0.0270248 0.0161348
26 0.5858250 0.5617638 0.0270249 0.0161348
8 0.7234059 0.5617638 0.0270248 0.0161348
15 0.5858250 0.6198492 0.0270249 0.0161348
15 0.4482439 0.3294222 0.0270248 0.0161348
10 0.7921965 0.5617638 0.0270248 0.0161348
28 0.6533871 0.3875076 0.0270248 0.0161348
3 0.5858250 0.5036784 0.0270249 0.0161348
12 0.7921965 0.4455930 0.0270248 0.0161348
3 0.6533871 0.5036784 0.0270248 0.0161348
21 0.5858250 0.3875076 0.0270249 0.0161348
30 0.7234059 0.6198492 0.0270248 0.0161348
13 0.8609869 0.5036784 0.0270248 0.0161348
18 0.5170344 0.3294222 0.0270248 0.0161348
16 0.7234059 0.4455930 0.0270248 0.0161348
6 0.4482439 0.6198492 0.0270248 0.0161348
17 0.7921965 0.5036784 0.0270248 0.0161348
25 0.8609869 0.5617638 0.0270248 0.0161348
25 0.5170344 0.6198492 0.0270248 0.0161348
12 0.5858250 0.3294222 0.0270249 0.0161348
9 0.6533871 0.6198492 0.0270248 0.0161348
28 0.6533871 0.5617638 0.0270248 0.0161348
8 0.8609869 0.6198492 0.0270248 0.0161348
6 0.5170344 0.3875076 0.0270248 0.0161348
