18 0.4587532 0.7613248 0.0269198 0.0160082
31 0.5272763 0.7613248 0.0269198 0.0160082
32 0.5976349 0.5932383 0.4955691 0.4098108
21 0.4587532 0.4731765 0.0269198 0.0160082
15 0.6643226 0.4731765 0.0269197 0.0160082
13 0.3902301 0.5308062 0.0269198 0.0160082
1 0.4587532 0.5308062 0.0269198 0.0160082
11 0.6643226 0.5308062 0.0269197 0.0160082
31 0.5272763 0.5884358 0.0269198 0.0160082
27 0.7328458 0.5884358 0.0269198 0.0160082
14 0.8013689 0.5884358 0.0269199 0.0160082
34 0.3902301 0.6455318 0.0636286 0.0576297
11 0.3902301 0.6460655 0.0269198 0.0160082
12 0.4587532 0.6460655 0.0269198 0.0160082
4 0.5945758 0.6460655 0.0269198 0.0160082
2 0.7328458 0.6460655 0.0269198 0.0160082
19 0.8013689 0.6460655 0.0269199 0.0160082
29 0.3902301 0.7036951 0.0269198 0.0160082
17 0.5272763 0.7036951 0.0269198 0.0160082
10 0.7328458 0.7036951 0.0269198 0.0160082
20 0.8013689 0.7036951 0.0269199 0.0160082
3 0.3902301 0.7613248 0.0269198 0.0160082
16 0.6643226 0.7613248 0.0269197 0.0160082
7 0.7328458 0.7613248 0.0269198 0.0160082
10 0.7328458 0.5308062 0.0269198 0.0160082
13 0.6643226 0.7036951 0.0269197 0.0160082
5 0.5272763 0.4731765 0.0269198 0.0160082
20 0.5945758 0.5884358 0.0269198 0.0160082
18 0.3902301 0.5884358 0.0269198 0.0160082
1 0.8013689 0.7613248 0.0269199 0.0160082
15 0.6643226 0.5884358 0.0269197 0.0160082
9 0.3902301 0.4731765 0.0269198 0.0160082
18 0.5945758 0.4731765 0.0269198 0.0160082
3 0.8013689 0.4731765 0.0269199 0.0160082
12 0.5272763 0.5308062 0.0269198 0.0160082
14 0.4587532 0.5884358 0.0269198 0.0160082
6 0.5945758 0.7613248 0.0269198 0.0160082
4 0.5945758 0.5308062 0.0269198 0.0160082
10 0.5272763 0.6460655 0.0269198 0.0160082
7 0.7328458 0.4731765 0.0269198 0.0160082
30 0.4587532 0.7036951 0.0269198 0.0160082
13 0.5945758 0.7036951 0.0269198 0.0160082
7 0.6643226 0.6460655 0.0269197 0.0160082
14 0.8013689 0.5308062 0.0269199 0.0160082
