27 0.4635991 0.6094968 0.0266260 0.0168200
13 0.3958238 0.6094968 0.0266260 0.0168200
32 0.2620887 0.4934387 0.4901606 0.4305924
12 0.1247227 0.3672885 0.0266260 0.0168200
17 0.1924980 0.3672885 0.0266260 0.0168200
15 0.2590630 0.3672885 0.0266260 0.0168200
14 0.3280486 0.3672885 0.0266260 0.0168200
34 0.4635991 0.3667278 0.0629342 0.0605521
17 0.4635991 0.3672885 0.0266260 0.0168200
27 0.0569474 0.4278406 0.0266260 0.0168200
5 0.3280486 0.4278406 0.0266260 0.0168200
9 0.3958238 0.4278406 0.0266260 0.0168200
20 0.1924980 0.4883926 0.0266260 0.0168200
6 0.2590630 0.4883926 0.0266260 0.0168200
29 0.3280486 0.4883926 0.0266260 0.0168200
18 0.3958238 0.4883926 0.0266260 0.0168200
8 0.2590630 0.5489447 0.0266260 0.0168201
13 0.4635991 0.5489447 0.0266260 0.0168201
3 0.0569474 0.6094968 0.0266260 0.0168200
30 0.1247227 0.6094968 0.0266260 0.0168200
16 0.1924980 0.6094968 0.0266260 0.0168200
11 0.2590630 0.6700488 0.0266260 0.0168200
26 0.3280486 0.6700488 0.0266260 0.0168200
19 0.4635991 0.6700488 0.0266260 0.0168200
31 0.0569474 0.6700488 0.0266260 0.0168200
20 0.3958238 0.6700488 0.0266260 0.0168200
26 0.1247227 0.4278406 0.0266260 0.0168200
30 0.1924980 0.6700488 0.0266260 0.0168200
12 0.4635991 0.4883926 0.0266260 0.0168200
18 0.3280486 0.5489447 0.0266260 0.0168201
4 0.3280486 0.6094968 0.0266260 0.0168200
21 0.3958238 0.5489447 0.0266260 0.0168201
2 0.3958238 0.3672885 0.0266260 0.0168200
10 0.1924980 0.4278406 0.0266260 0.0168200
4 0.1924980 0.5489447 0.0266260 0.0168201
22 0.1247227 0.4883926 0.0266260 0.0168200
27 0.2590630 0.6094968 0.0266260 0.0168200
8 0.1247227 0.6700488 0.0266260 0.0168200
16 0.2590630 0.4278406 0.0266260 0.0168200
6 0.4635991 0.4278406 0.0266260 0.0168200
11 0.0569474 0.3672885 0.0266260 0.0168200
5 0.0569474 0.5489447 0.0266260 0.0168201
15 0.1247227 0.5489447 0.0266260 0.0168201
27 0.0569474 0.4883926 0.0266260 0.0168200
