30 0.5380786 0.6895026 0.0274195 0.0165346
31 0.6789151 0.5109290 0.0274195 0.0165346
32 0.5411944 0.5158894 0.5047678 0.4232858
2 0.3299397 0.3918798 0.0274195 0.0165346
13 0.3997348 0.3918798 0.0274195 0.0165346
12 0.6091200 0.3918798 0.0274195 0.0165346
22 0.6789151 0.3918798 0.0274195 0.0165346
14 0.7487101 0.3918798 0.0274194 0.0165346
6 0.3997348 0.4514044 0.0274195 0.0165346
11 0.6091200 0.4514044 0.0274195 0.0165346
25 0.6789151 0.4514044 0.0274195 0.0165346
3 0.7487101 0.4514044 0.0274194 0.0165346
18 0.3997348 0.5109290 0.0274195 0.0165346
30 0.5380786 0.5109290 0.0274195 0.0165346
33 0.6084968 0.5103778 0.0660560 0.0595246
21 0.6091200 0.5109290 0.0274195 0.0165346
29 0.6091200 0.5704536 0.0274195 0.0165346
26 0.3299397 0.6299780 0.0274195 0.0165346
7 0.3997348 0.6299780 0.0274195 0.0165346
20 0.6091200 0.6299780 0.0274195 0.0165346
17 0.6789151 0.6299780 0.0274195 0.0165346
9 0.3299397 0.6895026 0.0274195 0.0165346
1 0.3997348 0.6895026 0.0274195 0.0165346
21 0.7487101 0.6895026 0.0274194 0.0165346
22 0.7487101 0.6299780 0.0274194 0.0165346
10 0.7487101 0.5109290 0.0274194 0.0165346
8 0.4695299 0.3918798 0.0274195 0.0165346
2 0.3299397 0.4514044 0.0274195 0.0165346
21 0.4695299 0.6895026 0.0274195 0.0165346
7 0.3299397 0.5704536 0.0274195 0.0165346
20 0.3997348 0.5704536 0.0274195 0.0165346
24 0.4695299 0.5109290 0.0274195 0.0165346
27 0.3299397 0.5109290 0.0274195 0.0165346
18 0.6789151 0.5704536 0.0274195 0.0165346
20 0.4695299 0.4514044 0.0274195 0.0165346
10 0.5380786 0.6299780 0.0274195 0.0165346
15 0.6091200 0.6895026 0.0274195 0.0165346
11 0.4695299 0.5704536 0.0274195 0.0165346
7 0.5380786 0.4514044 0.0274195 0.0165346
21 0.5380786 0.3918798 0.0274195 0.0165346
9 0.6789151 0.6895026 0.0274195 0.0165346
11 0.4695299 0.6299780 0.0274195 0.0165346
13 0.7487101 0.5704536 0.0274194 0.0165346
17 0.5380786 0.5704536 0.0274195 0.0165346
