12 0.5322613 0.4530679 0.0287219 0.0168989
28 0.7515921 0.5139040 0.0287218 0.0168989
32 0.6073299 0.5189737 0.5287440 0.4326120
16 0.3860407 0.3922319 0.0287219 0.0168989
18 0.4591510 0.3922319 0.0287219 0.0168989
2 0.7515921 0.3922319 0.0287218 0.0168989
4 0.4591510 0.4530679 0.0287219 0.0168989
15 0.6040660 0.4530679 0.0287219 0.0168989
26 0.6784819 0.4530679 0.0287219 0.0168989
7 0.8247025 0.4530679 0.0287219 0.0168989
10 0.4591510 0.5139040 0.0287219 0.0168989
14 0.5322613 0.5139040 0.0287219 0.0168989
20 0.8247025 0.5139040 0.0287219 0.0168989
6 0.5322613 0.5747401 0.0287219 0.0168989
27 0.6784819 0.5747401 0.0287219 0.0168989
19 0.8247025 0.5747401 0.0287219 0.0168989
23 0.3860407 0.6355762 0.0287219 0.0168989
17 0.6040660 0.6355762 0.0287219 0.0168989
21 0.6784819 0.6355762 0.0287219 0.0168989
25 0.7515921 0.6355762 0.0287218 0.0168989
34 0.3860407 0.6958489 0.0678881 0.0608360
20 0.3860407 0.6964122 0.0287219 0.0168989
3 0.4591510 0.6964122 0.0287219 0.0168989
31 0.5322613 0.6964122 0.0287219 0.0168989
15 0.4591510 0.6355762 0.0287219 0.0168989
22 0.6040660 0.5139040 0.0287219 0.0168989
17 0.6784819 0.3922319 0.0287219 0.0168989
18 0.5322613 0.3922319 0.0287219 0.0168989
2 0.4591510 0.5747401 0.0287219 0.0168989
30 0.3860407 0.5139040 0.0287219 0.0168989
17 0.6040660 0.6964122 0.0287219 0.0168989
30 0.6784819 0.5139040 0.0287219 0.0168989
31 0.7515921 0.6964122 0.0287218 0.0168989
13 0.3860407 0.4530679 0.0287219 0.0168989
2 0.3860407 0.5747401 0.0287219 0.0168989
15 0.6040660 0.3922319 0.0287219 0.0168989
4 0.5322613 0.6355762 0.0287219 0.0168989
12 0.7515921 0.5747401 0.0287218 0.0168989
15 0.6784819 0.6964122 0.0287219 0.0168989
3 0.7515921 0.4530679 0.0287218 0.0168989
20 0.8247025 0.6964122 0.0287219 0.0168989
7 0.8247025 0.3922319 0.0287219 0.0168989
24 0.6040660 0.5747401 0.0287219 0.0168989
13 0.8247025 0.6355762 0.0287219 0.0168989
