21 0.4554325 0.2751628 0.0276789 0.0172015
28 0.8077089 0.3990134 0.0276788 0.0172015
32 0.5982303 0.3422485 0.5095426 0.4403577
18 0.3849773 0.2132375 0.0276788 0.0172015
25 0.5258878 0.2751628 0.0276789 0.0172015
13 0.6667983 0.2751628 0.0276788 0.0172015
2 0.7372536 0.2751628 0.0276788 0.0172015
20 0.8077089 0.2751628 0.0276788 0.0172015
11 0.4554325 0.3370881 0.0276789 0.0172015
22 0.6667983 0.3370881 0.0276788 0.0172015
9 0.8077089 0.3370881 0.0276788 0.0172015
16 0.3849773 0.3990134 0.0276788 0.0172015
19 0.5950849 0.3990134 0.0276788 0.0172015
34 0.7366245 0.3984400 0.0641646 0.0619253
3 0.7372536 0.3990134 0.0276788 0.0172015
4 0.3849773 0.4609387 0.0276788 0.0172015
7 0.4554325 0.4609387 0.0276789 0.0172015
8 0.6667983 0.4609387 0.0276788 0.0172015
14 0.7372536 0.4609387 0.0276788 0.0172015
10 0.8077089 0.4609387 0.0276788 0.0172015
3 0.3849773 0.5228640 0.0276788 0.0172015
29 0.4554325 0.5228640 0.0276789 0.0172015
24 0.6667983 0.5228640 0.0276788 0.0172015
26 0.8077089 0.5228640 0.0276788 0.0172015
1 0.7372536 0.5228640 0.0276788 0.0172015
24 0.5258878 0.4609387 0.0276789 0.0172015
10 0.8077089 0.2132375 0.0276788 0.0172015
19 0.5258878 0.5228640 0.0276789 0.0172015
14 0.6667983 0.3990134 0.0276788 0.0172015
6 0.3849773 0.2751628 0.0276788 0.0172015
6 0.5950849 0.5228640 0.0276788 0.0172015
15 0.5950849 0.3370881 0.0276788 0.0172015
25 0.6667983 0.2132375 0.0276788 0.0172015
30 0.7372536 0.3370881 0.0276788 0.0172015
27 0.5258878 0.2132375 0.0276789 0.0172015
14 0.5258878 0.3990134 0.0276789 0.0172015
8 0.7372536 0.2132375 0.0276788 0.0172015
25 0.4554325 0.3990134 0.0276789 0.0172015
20 0.5950849 0.2132375 0.0276788 0.0172015
1 0.3849773 0.3370881 0.0276788 0.0172015
24 0.5950849 0.4609387 0.0276788 0.0172015
30 0.5950849 0.2751628 0.0276788 0.0172015
28 0.4554325 0.2132375 0.0276789 0.0172015
12 0.5258878 0.3370881 0.0276789 0.0172015
