9 0.3816512 0.6358866 0.0267409 0.0159471
15 0.5177866 0.5784770 0.0267409 0.0159471
32 0.3154067 0.5258516 0.4922756 0.4082460
22 0.1774479 0.4062483 0.0267409 0.0159471
15 0.2455157 0.4062483 0.0267409 0.0159471
11 0.3816512 0.4062483 0.0267409 0.0159471
25 0.4497189 0.4062483 0.0267409 0.0159471
17 0.5177866 0.4062483 0.0267409 0.0159471
13 0.1774479 0.4636579 0.0267409 0.0159471
9 0.2455157 0.4636579 0.0267409 0.0159471
7 0.3123679 0.4636579 0.0267409 0.0159471
24 0.1774479 0.5210674 0.0267409 0.0159471
5 0.2455157 0.5210674 0.0267409 0.0159471
18 0.3123679 0.5210674 0.0267409 0.0159471
27 0.1093802 0.5784770 0.0267409 0.0159471
10 0.1774479 0.5784770 0.0267409 0.0159471
2 0.3123679 0.5784770 0.0267409 0.0159471
14 0.1093802 0.6358866 0.0267409 0.0159471
33 0.3123679 0.6353551 0.0632057 0.0574096
14 0.3123679 0.6358866 0.0267409 0.0159471
6 0.4497189 0.6358866 0.0267409 0.0159471
16 0.1774479 0.6932962 0.0267409 0.0159471
23 0.2455157 0.6932962 0.0267409 0.0159471
24 0.3816512 0.4636579 0.0267409 0.0159471
2 0.5177866 0.5210674 0.0267409 0.0159471
13 0.2455157 0.6358866 0.0267409 0.0159471
1 0.5177866 0.6358866 0.0267409 0.0159471
29 0.4497189 0.5784770 0.0267409 0.0159471
21 0.5177866 0.4636579 0.0267409 0.0159471
9 0.3123679 0.6932962 0.0267409 0.0159471
28 0.5177866 0.6932962 0.0267409 0.0159471
8 0.4497189 0.4636579 0.0267409 0.0159471
5 0.3816512 0.5210674 0.0267409 0.0159471
12 0.1093802 0.6932962 0.0267409 0.0159471
11 0.3816512 0.5784770 0.0267409 0.0159471
25 0.1093802 0.5210674 0.0267409 0.0159471
8 0.1774479 0.6358866 0.0267409 0.0159471
30 0.3816512 0.6932962 0.0267409 0.0159471
6 0.3123679 0.4062483 0.0267409 0.0159471
18 0.2455157 0.5784770 0.0267409 0.0159471
8 0.4497189 0.6932962 0.0267409 0.0159471
3 0.1093802 0.4062483 0.0267409 0.0159471
7 0.1093802 0.4636579 0.0267409 0.0159471
14 0.4497189 0.5210674 0.0267409 0.0159471
