18 0.4207455 0.3447857 0.0264193 0.0173130
22 0.1517486 0.6564197 0.0264193 0.0173130
32 0.2880484 0.4746332 0.4863559 0.4432127
29 0.0844994 0.3447857 0.0264193 0.0173130
15 0.2189979 0.3447857 0.0264193 0.0173130
21 0.2850462 0.3447857 0.0264193 0.0173130
4 0.1517486 0.4071125 0.0264193 0.0173130
23 0.3534962 0.4071125 0.0264193 0.0173130
30 0.4879947 0.4071125 0.0264193 0.0173130
18 0.0844994 0.4694393 0.0264193 0.0173130
13 0.1517486 0.4694393 0.0264193 0.0173130
11 0.2189979 0.4694393 0.0264193 0.0173130
27 0.3534962 0.4694393 0.0264193 0.0173130
17 0.4207455 0.4694393 0.0264193 0.0173130
3 0.4879947 0.4694393 0.0264193 0.0173130
14 0.0844994 0.5317661 0.0264193 0.0173130
12 0.3534962 0.5317661 0.0264193 0.0173130
26 0.4879947 0.5317661 0.0264193 0.0173130
7 0.1517486 0.5940929 0.0264193 0.0173130
9 0.2850462 0.5940929 0.0264193 0.0173130
33 0.4201450 0.5935158 0.0612448 0.0623268
6 0.4207455 0.5940929 0.0264193 0.0173130
8 0.4879947 0.5940929 0.0264193 0.0173130
30 0.4207455 0.6564197 0.0264193 0.0173130
11 0.2850462 0.4071125 0.0264193 0.0173130
7 0.0844994 0.6564197 0.0264193 0.0173130
29 0.3534962 0.3447857 0.0264193 0.0173130
8 0.4879947 0.3447857 0.0264193 0.0173130
19 0.4207455 0.5317661 0.0264193 0.0173130
10 0.2189979 0.6564197 0.0264193 0.0173130
27 0.0844994 0.5940929 0.0264193 0.0173130
29 0.1517486 0.3447857 0.0264193 0.0173130
13 0.0844994 0.4071125 0.0264193 0.0173130
13 0.2850462 0.5317661 0.0264193 0.0173130
26 0.4207455 0.4071125 0.0264193 0.0173130
30 0.1517486 0.5317661 0.0264193 0.0173130
10 0.4879947 0.6564197 0.0264193 0.0173130
9 0.2189979 0.4071125 0.0264193 0.0173130
29 0.2850462 0.6564197 0.0264193 0.0173130
26 0.2189979 0.5317661 0.0264193 0.0173130
8 0.2189979 0.5940929 0.0264193 0.0173130
22 0.3534962 0.6564197 0.0264193 0.0173130
10 0.2850462 0.4694393 0.0264193 0.0173130
19 0.3534962 0.5940929 0.0264193 0.0173130
