6 0.7790838 0.4809745 0.0275966 0.0161110
26 0.5683463 0.4229749 0.0275965 0.0161110
32 0.6404737 0.3698086 0.5080278 0.4124417
16 0.4981004 0.2489760 0.0275965 0.0161110
22 0.6373377 0.2489760 0.0275966 0.0161110
14 0.7088380 0.2489760 0.0275966 0.0161110
19 0.8493296 0.2489760 0.0275966 0.0161110
4 0.4981004 0.3069756 0.0275965 0.0161110
20 0.7790838 0.3069756 0.0275966 0.0161110
9 0.4278546 0.3649753 0.0275965 0.0161110
29 0.5683463 0.3649753 0.0275965 0.0161110
17 0.6373377 0.3649753 0.0275966 0.0161110
33 0.7082108 0.3644382 0.0664826 0.0579996
16 0.7088380 0.3649753 0.0275966 0.0161110
10 0.4981004 0.4229749 0.0275965 0.0161110
25 0.7088380 0.4229749 0.0275966 0.0161110
27 0.7790838 0.4229749 0.0275966 0.0161110
5 0.4981004 0.4809745 0.0275965 0.0161110
11 0.5683463 0.4809745 0.0275965 0.0161110
13 0.7088380 0.4809745 0.0275966 0.0161110
15 0.8493296 0.4809745 0.0275966 0.0161110
8 0.6373377 0.5389741 0.0275966 0.0161110
21 0.8493296 0.5389741 0.0275966 0.0161110
27 0.4278546 0.4809745 0.0275965 0.0161110
4 0.5683463 0.5389741 0.0275965 0.0161110
20 0.4278546 0.3069756 0.0275965 0.0161110
26 0.7088380 0.5389741 0.0275966 0.0161110
27 0.4981004 0.5389741 0.0275965 0.0161110
4 0.5683463 0.3069756 0.0275965 0.0161110
26 0.5683463 0.2489760 0.0275965 0.0161110
29 0.7790838 0.5389741 0.0275966 0.0161110
27 0.8493296 0.3649753 0.0275966 0.0161110
4 0.4278546 0.5389741 0.0275965 0.0161110
7 0.6373377 0.3069756 0.0275966 0.0161110
12 0.7790838 0.3649753 0.0275966 0.0161110
4 0.4278546 0.2489760 0.0275965 0.0161110
27 0.7088380 0.3069756 0.0275966 0.0161110
21 0.8493296 0.3069756 0.0275966 0.0161110
10 0.4981004 0.3649753 0.0275965 0.0161110
13 0.4278546 0.4229749 0.0275965 0.0161110
28 0.6373377 0.4809745 0.0275966 0.0161110
30 0.7790838 0.2489760 0.0275966 0.0161110
2 0.8493296 0.4229749 0.0275966 0.0161110
6 0.6373377 0.4229749 0.0275966 0.0161110
