27 0.6444063 0.3175588 0.0263092 0.0172554
21 0.7113751 0.3175588 0.0263092 0.0172554
32 0.5122623 0.3848548 0.4843286 0.4417378
23 0.3095618 0.2554394 0.0263092 0.0172554
11 0.4434996 0.2554394 0.0263092 0.0172554
17 0.5092726 0.2554394 0.0263092 0.0172554
29 0.3095618 0.3175588 0.0263092 0.0172554
26 0.3765307 0.3175588 0.0263092 0.0172554
22 0.5092726 0.3175588 0.0263092 0.0172554
12 0.3095618 0.3796782 0.0263092 0.0172554
7 0.3765307 0.3796782 0.0263092 0.0172554
18 0.4434996 0.3796782 0.0263092 0.0172554
24 0.3095618 0.4417976 0.0263092 0.0172554
19 0.4434996 0.4417976 0.0263092 0.0172554
13 0.5092726 0.4417976 0.0263092 0.0172554
6 0.7113751 0.4417976 0.0263092 0.0172554
20 0.3095618 0.5039169 0.0263092 0.0172554
27 0.5774374 0.5039169 0.0263092 0.0172554
25 0.7113751 0.5039169 0.0263092 0.0172554
31 0.3095618 0.5660363 0.0263092 0.0172554
16 0.5092726 0.5660363 0.0263092 0.0172554
34 0.6438084 0.5654612 0.0609896 0.0621194
21 0.6444063 0.5660363 0.0263092 0.0172554
15 0.6444063 0.5039169 0.0263092 0.0172554
15 0.6444063 0.4417976 0.0263092 0.0172554
3 0.3765307 0.2554394 0.0263092 0.0172554
24 0.3765307 0.5660363 0.0263092 0.0172554
12 0.3765307 0.5039169 0.0263092 0.0172554
10 0.3765307 0.4417976 0.0263092 0.0172554
28 0.5774374 0.2554394 0.0263092 0.0172554
28 0.5774374 0.3175588 0.0263092 0.0172554
31 0.6444063 0.3796782 0.0263092 0.0172554
15 0.4434996 0.3175588 0.0263092 0.0172554
4 0.7113751 0.5660363 0.0263092 0.0172554
8 0.5092726 0.3796782 0.0263092 0.0172554
28 0.4434996 0.5039169 0.0263092 0.0172554
21 0.6444063 0.2554394 0.0263092 0.0172554
7 0.4434996 0.5660363 0.0263092 0.0172554
30 0.5092726 0.5039169 0.0263092 0.0172554
26 0.5774374 0.4417976 0.0263092 0.0172554
31 0.5774374 0.3796782 0.0263092 0.0172554
14 0.5774374 0.5660363 0.0263092 0.0172554
20 0.7113751 0.2554394 0.0263092 0.0172554
8 0.7113751 0.3796782 0.0263092 0.0172554
