25 0.5690085 0.3502795 0.0271112 0.0172715
29 0.7772717 0.4746343 0.0271112 0.0172715
32 0.5720893 0.3554610 0.4990923 0.4421501
13 0.4322202 0.2259248 0.0271112 0.0172715
6 0.5690085 0.2259248 0.0271112 0.0172715
33 0.6386349 0.2253491 0.0653133 0.0621774
8 0.6392511 0.2259248 0.0271112 0.0172715
21 0.7082614 0.2259248 0.0271111 0.0172715
10 0.5690085 0.2881022 0.0271112 0.0172715
19 0.7772717 0.2881022 0.0271112 0.0172715
25 0.3632099 0.3502795 0.0271112 0.0172715
1 0.7082614 0.3502795 0.0271111 0.0172715
11 0.4322202 0.4124569 0.0271112 0.0172715
16 0.5012305 0.4124569 0.0271112 0.0172715
3 0.5690085 0.4124569 0.0271112 0.0172715
26 0.3632099 0.4746343 0.0271112 0.0172715
27 0.4322202 0.4746343 0.0271112 0.0172715
15 0.5690085 0.4746343 0.0271112 0.0172715
7 0.7082614 0.4746343 0.0271111 0.0172715
22 0.4322202 0.5368116 0.0271112 0.0172715
17 0.5690085 0.5368116 0.0271112 0.0172715
8 0.6392511 0.5368116 0.0271112 0.0172715
5 0.7082614 0.5368116 0.0271111 0.0172715
30 0.7772717 0.5368116 0.0271112 0.0172715
28 0.6392511 0.4124569 0.0271112 0.0172715
3 0.3632099 0.2259248 0.0271112 0.0172715
3 0.6392511 0.3502795 0.0271112 0.0172715
8 0.3632099 0.4124569 0.0271112 0.0172715
9 0.3632099 0.2881022 0.0271112 0.0172715
2 0.6392511 0.2881022 0.0271112 0.0172715
29 0.7772717 0.4124569 0.0271112 0.0172715
22 0.5012305 0.4746343 0.0271112 0.0172715
31 0.4322202 0.3502795 0.0271112 0.0172715
5 0.5012305 0.5368116 0.0271112 0.0172715
17 0.7772717 0.3502795 0.0271112 0.0172715
22 0.5012305 0.3502795 0.0271112 0.0172715
3 0.7082614 0.4124569 0.0271111 0.0172715
8 0.5012305 0.2881022 0.0271112 0.0172715
16 0.7772717 0.2259248 0.0271112 0.0172715
8 0.6392511 0.4746343 0.0271112 0.0172715
19 0.5012305 0.2259248 0.0271112 0.0172715
1 0.4322202 0.2881022 0.0271112 0.0172715
11 0.3632099 0.5368116 0.0271112 0.0172715
29 0.7082614 0.2881022 0.0271111 0.0172715
