11 0.1490889 0.4515632 0.0268009 0.0158761
15 0.1490889 0.5658708 0.0268009 0.0158760
32 0.2873572 0.5706337 0.4933805 0.4064272
20 0.3537504 0.4515632 0.0268009 0.0158761
33 0.4901914 0.4510340 0.0633476 0.0571538
15 0.4901915 0.4515632 0.0268009 0.0158761
1 0.2173094 0.5087170 0.0268009 0.0158761
16 0.2843117 0.5087170 0.0268009 0.0158761
4 0.4219709 0.5087170 0.0268009 0.0158761
5 0.4901915 0.5087170 0.0268009 0.0158761
9 0.0808684 0.5658708 0.0268009 0.0158760
10 0.2173094 0.5658708 0.0268009 0.0158760
26 0.3537504 0.5658708 0.0268009 0.0158760
31 0.4901915 0.5658708 0.0268009 0.0158760
6 0.3537504 0.6230247 0.0268009 0.0158761
15 0.4219709 0.6230247 0.0268009 0.0158761
13 0.4901915 0.6230247 0.0268009 0.0158761
21 0.0808684 0.6801786 0.0268009 0.0158761
17 0.1490889 0.6801786 0.0268009 0.0158761
12 0.2843117 0.6801786 0.0268009 0.0158761
14 0.1490889 0.7373323 0.0268009 0.0158761
2 0.2843117 0.7373323 0.0268009 0.0158761
24 0.4219709 0.7373323 0.0268009 0.0158761
4 0.2843117 0.5658708 0.0268009 0.0158760
2 0.3537504 0.5087170 0.0268009 0.0158761
5 0.4219709 0.4515632 0.0268009 0.0158761
25 0.3537504 0.7373323 0.0268009 0.0158761
17 0.0808684 0.5087170 0.0268009 0.0158761
11 0.0808684 0.6230247 0.0268009 0.0158761
21 0.2843117 0.6230247 0.0268009 0.0158761
18 0.0808684 0.4515632 0.0268009 0.0158761
2 0.3537504 0.6801786 0.0268009 0.0158761
1 0.0808684 0.7373323 0.0268009 0.0158761
25 0.2843117 0.4515632 0.0268009 0.0158761
13 0.2173094 0.7373323 0.0268009 0.0158761
12 0.4219709 0.5658708 0.0268009 0.0158760
28 0.1490889 0.6230247 0.0268009 0.0158761
31 0.2173094 0.6801786 0.0268009 0.0158761
21 0.2173094 0.6230247 0.0268009 0.0158761
25 0.4901915 0.6801786 0.0268009 0.0158761
22 0.4901915 0.7373323 0.0268009 0.0158761
1 0.4219709 0.6801786 0.0268009 0.0158761
2 0.2173094 0.4515632 0.0268009 0.0158761
8 0.1490889 0.5087170 0.0268009 0.0158761
