10 0.5030639 0.4954100 0.0262485 0.0163127
3 0.3026206 0.6128614 0.0262485 0.0163128
32 0.4380391 0.5590295 0.4832114 0.4176050
23 0.2358062 0.4366843 0.0262485 0.0163127
6 0.6366927 0.4366843 0.0262485 0.0163127
9 0.2358062 0.4954100 0.0262485 0.0163127
2 0.3026206 0.4954100 0.0262485 0.0163127
1 0.3694350 0.4954100 0.0262485 0.0163127
34 0.5692817 0.4948662 0.0608488 0.0587257
23 0.5698783 0.4954100 0.0262485 0.0163127
21 0.2358062 0.5541357 0.0262485 0.0163127
8 0.4350563 0.5541357 0.0262486 0.0163127
29 0.6366927 0.5541357 0.0262485 0.0163127
12 0.2358062 0.6128614 0.0262485 0.0163128
16 0.4350563 0.6128614 0.0262486 0.0163128
7 0.5030639 0.6128614 0.0262485 0.0163128
20 0.2358062 0.6715870 0.0262485 0.0163127
30 0.3026206 0.6715870 0.0262485 0.0163127
14 0.4350563 0.6715870 0.0262486 0.0163127
3 0.5030639 0.6715870 0.0262485 0.0163127
27 0.5698783 0.6715870 0.0262485 0.0163127
19 0.6366927 0.6715870 0.0262485 0.0163127
4 0.5030639 0.7303128 0.0262485 0.0163127
18 0.3026206 0.4366843 0.0262485 0.0163127
29 0.6366927 0.4954100 0.0262485 0.0163127
8 0.6366927 0.7303128 0.0262485 0.0163127
7 0.3026206 0.5541357 0.0262485 0.0163127
27 0.5698783 0.5541357 0.0262485 0.0163127
31 0.5030639 0.5541357 0.0262485 0.0163127
1 0.3694350 0.6128614 0.0262485 0.0163128
26 0.6366927 0.6128614 0.0262485 0.0163128
10 0.3026206 0.7303128 0.0262485 0.0163127
30 0.4350563 0.7303128 0.0262486 0.0163127
18 0.3694350 0.7303128 0.0262485 0.0163127
1 0.3694350 0.5541357 0.0262485 0.0163127
14 0.5698783 0.7303128 0.0262485 0.0163127
30 0.3694350 0.4366843 0.0262485 0.0163127
17 0.2358062 0.7303128 0.0262485 0.0163127
16 0.4350563 0.4366843 0.0262486 0.0163127
15 0.5698783 0.4366843 0.0262485 0.0163127
31 0.5698783 0.6128614 0.0262485 0.0163128
14 0.5030639 0.4366843 0.0262485 0.0163127
2 0.3694350 0.6715870 0.0262485 0.0163127
18 0.4350563 0.4954100 0.0262486 0.0163127
