2 0.3245610 0.4817989 0.0268511 0.0165786
29 0.1890851 0.3624330 0.0268511 0.0165786
32 0.3276123 0.3674066 0.4943040 0.4244122
6 0.1890851 0.2430671 0.0268511 0.0165786
22 0.2574333 0.2430671 0.0268511 0.0165786
21 0.3941298 0.2430671 0.0268511 0.0165786
25 0.4624780 0.2430671 0.0268511 0.0165786
29 0.5308262 0.2430671 0.0268511 0.0165786
26 0.2574333 0.3027500 0.0268511 0.0165786
4 0.3245610 0.3027500 0.0268511 0.0165786
13 0.5308262 0.3027500 0.0268511 0.0165786
14 0.3245610 0.3624330 0.0268511 0.0165786
9 0.3941298 0.3624330 0.0268511 0.0165786
12 0.5308262 0.3624330 0.0268511 0.0165786
20 0.2574333 0.4221160 0.0268511 0.0165786
34 0.3245610 0.4215633 0.0634662 0.0596830
16 0.3245610 0.4221160 0.0268511 0.0165786
31 0.3941298 0.4221160 0.0268511 0.0165786
5 0.4624780 0.4221160 0.0268511 0.0165786
15 0.1207369 0.4817989 0.0268511 0.0165786
8 0.1890851 0.4817989 0.0268511 0.0165786
23 0.3245610 0.5414819 0.0268511 0.0165786
24 0.4624780 0.5414819 0.0268511 0.0165786
17 0.2574333 0.3624330 0.0268511 0.0165786
4 0.2574333 0.5414819 0.0268511 0.0165786
14 0.1207369 0.2430671 0.0268511 0.0165786
4 0.5308262 0.4817989 0.0268511 0.0165786
6 0.4624780 0.3027500 0.0268511 0.0165786
22 0.4624780 0.3624330 0.0268511 0.0165786
31 0.1207369 0.5414819 0.0268511 0.0165786
6 0.5308262 0.5414819 0.0268511 0.0165786
14 0.1890851 0.4221160 0.0268511 0.0165786
19 0.5308262 0.4221160 0.0268511 0.0165786
12 0.3941298 0.5414819 0.0268511 0.0165786
30 0.1207369 0.3027500 0.0268511 0.0165786
10 0.3941298 0.3027500 0.0268511 0.0165786
18 0.3245610 0.2430671 0.0268511 0.0165786
12 0.3941298 0.4817989 0.0268511 0.0165786
6 0.1890851 0.5414819 0.0268511 0.0165786
24 0.4624780 0.4817989 0.0268511 0.0165786
29 0.1207369 0.3624330 0.0268511 0.0165786
5 0.1207369 0.4221160 0.0268511 0.0165786
8 0.2574333 0.4817989 0.0268511 0.0165786
26 0.1890851 0.3027500 0.0268511 0.0165786
