27 0.5539336 0.6941489 0.0278650 0.0162189
29 0.3398799 0.7525369 0.0278650 0.0162189
32 0.3430463 0.5822385 0.5129691 0.4152039
15 0.1283593 0.4605967 0.0278650 0.0162189
26 0.1992884 0.4605967 0.0278650 0.0162189
34 0.2702174 0.4600561 0.0658627 0.0583880
14 0.2702174 0.4605967 0.0278650 0.0162189
16 0.1283593 0.5189848 0.0278650 0.0162189
9 0.1283593 0.5773728 0.0278650 0.0162189
11 0.3398799 0.5773728 0.0278650 0.0162189
24 0.4120755 0.5773728 0.0278650 0.0162189
30 0.4830046 0.5773728 0.0278650 0.0162189
23 0.5539336 0.5773728 0.0278650 0.0162189
8 0.3398799 0.6357608 0.0278650 0.0162189
25 0.4830046 0.6357608 0.0278650 0.0162189
20 0.5539336 0.6357608 0.0278650 0.0162189
31 0.1283593 0.6941489 0.0278650 0.0162189
3 0.3398799 0.6941489 0.0278650 0.0162189
6 0.4830046 0.6941489 0.0278650 0.0162189
27 0.1283593 0.7525369 0.0278650 0.0162189
12 0.2702174 0.7525369 0.0278650 0.0162189
10 0.4120755 0.7525369 0.0278650 0.0162189
7 0.5539336 0.7525369 0.0278650 0.0162189
28 0.4120755 0.6941489 0.0278650 0.0162189
25 0.4120755 0.6357608 0.0278650 0.0162189
15 0.1992884 0.5773728 0.0278650 0.0162189
19 0.2702174 0.5773728 0.0278650 0.0162189
4 0.1283593 0.6357608 0.0278650 0.0162189
7 0.2702174 0.6357608 0.0278650 0.0162189
11 0.2702174 0.5189848 0.0278650 0.0162189
12 0.4120755 0.4605967 0.0278650 0.0162189
12 0.1992884 0.6941489 0.0278650 0.0162189
27 0.1992884 0.5189848 0.0278650 0.0162189
28 0.2702174 0.6941489 0.0278650 0.0162189
16 0.3398799 0.4605967 0.0278650 0.0162189
10 0.1992884 0.7525369 0.0278650 0.0162189
16 0.4830046 0.5189848 0.0278650 0.0162189
27 0.4830046 0.4605967 0.0278650 0.0162189
29 0.5539336 0.4605967 0.0278650 0.0162189
16 0.1992884 0.6357608 0.0278650 0.0162189
19 0.3398799 0.5189848 0.0278650 0.0162189
15 0.4120755 0.5189848 0.0278650 0.0162189
8 0.5539336 0.5189848 0.0278650 0.0162189
11 0.4830046 0.7525369 0.0278650 0.0162189
