22 0.2567425 0.3940994 0.0261601 0.0168458
6 0.3887322 0.3940994 0.0261601 0.0168458
32 0.3917050 0.4597982 0.4815842 0.4312533
31 0.3233319 0.3334544 0.0261601 0.0168458
18 0.4565108 0.3334544 0.0261601 0.0168458
10 0.5896896 0.3334544 0.0261601 0.0168458
27 0.1901530 0.3940994 0.0261601 0.0168458
6 0.4565108 0.3940994 0.0261601 0.0168458
1 0.5231002 0.3940994 0.0261601 0.0168458
4 0.5896896 0.3940994 0.0261601 0.0168458
33 0.5225056 0.4541829 0.0606440 0.0606449
26 0.5231002 0.4547444 0.0261601 0.0168458
16 0.5896896 0.4547444 0.0261601 0.0168458
23 0.1901530 0.5153894 0.0261601 0.0168458
2 0.3233319 0.5153894 0.0261601 0.0168458
19 0.5231002 0.5153894 0.0261601 0.0168458
13 0.1901530 0.5760343 0.0261601 0.0168458
12 0.2567425 0.5760343 0.0261601 0.0168458
7 0.3887322 0.5760343 0.0261601 0.0168458
3 0.1901530 0.6366793 0.0261601 0.0168458
29 0.3887322 0.6366793 0.0261601 0.0168458
14 0.4565108 0.6366793 0.0261601 0.0168458
9 0.5231002 0.6366793 0.0261601 0.0168458
17 0.1901530 0.4547444 0.0261601 0.0168458
15 0.4565108 0.5153894 0.0261601 0.0168458
26 0.3233319 0.5760343 0.0261601 0.0168458
1 0.3887322 0.3334544 0.0261601 0.0168458
21 0.5896896 0.6366793 0.0261601 0.0168458
5 0.4565108 0.4547444 0.0261601 0.0168458
11 0.3887322 0.4547444 0.0261601 0.0168458
31 0.1901530 0.3334544 0.0261601 0.0168458
14 0.3887322 0.5153894 0.0261601 0.0168458
25 0.2567425 0.4547444 0.0261601 0.0168458
31 0.3233319 0.4547444 0.0261601 0.0168458
16 0.5231002 0.5760343 0.0261601 0.0168458
12 0.3233319 0.3940994 0.0261601 0.0168458
16 0.2567425 0.3334544 0.0261601 0.0168458
26 0.5896896 0.5760343 0.0261601 0.0168458
4 0.3233319 0.6366793 0.0261601 0.0168458
16 0.4565108 0.5760343 0.0261601 0.0168458
15 0.5231002 0.3334544 0.0261601 0.0168458
31 0.2567425 0.5153894 0.0261601 0.0168458
19 0.5896896 0.5153894 0.0261601 0.0168458
24 0.2567425 0.6366793 0.0261601 0.0168458
