9 0.3191744 0.4809601 0.0277946 0.0164052
28 0.6021739 0.6581363 0.0277946 0.0164052
32 0.4625692 0.6039991 0.5116731 0.4199732
4 0.2484245 0.4809601 0.0277946 0.0164052
13 0.3899243 0.4809601 0.0277946 0.0164052
8 0.5314240 0.4809601 0.0277946 0.0164052
29 0.6729237 0.4809601 0.0277946 0.0164052
27 0.2484245 0.5400188 0.0277946 0.0164052
1 0.3899243 0.5400188 0.0277946 0.0164052
26 0.4594107 0.5400188 0.0277946 0.0164052
16 0.5314240 0.5400188 0.0277946 0.0164052
24 0.6021739 0.5400188 0.0277946 0.0164052
17 0.3191744 0.5990776 0.0277946 0.0164052
9 0.6021739 0.5990776 0.0277946 0.0164052
23 0.5314240 0.6581363 0.0277946 0.0164052
25 0.2484245 0.7171950 0.0277946 0.0164052
18 0.3899243 0.7171950 0.0277946 0.0164052
10 0.4594107 0.7171950 0.0277946 0.0164052
34 0.5307923 0.7166482 0.0669597 0.0590588
25 0.5314240 0.7171950 0.0277946 0.0164052
2 0.6729237 0.7171950 0.0277946 0.0164052
14 0.2484245 0.7762538 0.0277946 0.0164052
12 0.6729237 0.7762538 0.0277946 0.0164052
13 0.6729237 0.5400188 0.0277946 0.0164052
20 0.3191744 0.7171950 0.0277946 0.0164052
8 0.4594107 0.5990776 0.0277946 0.0164052
28 0.5314240 0.7762538 0.0277946 0.0164052
31 0.5314240 0.5990776 0.0277946 0.0164052
19 0.6729237 0.5990776 0.0277946 0.0164052
28 0.6021739 0.7171950 0.0277946 0.0164052
20 0.2484245 0.6581363 0.0277946 0.0164052
12 0.2484245 0.5990776 0.0277946 0.0164052
24 0.4594107 0.6581363 0.0277946 0.0164052
2 0.6729237 0.6581363 0.0277946 0.0164052
24 0.3899243 0.7762538 0.0277946 0.0164052
19 0.3899243 0.5990776 0.0277946 0.0164052
21 0.3191744 0.6581363 0.0277946 0.0164052
22 0.3899243 0.6581363 0.0277946 0.0164052
1 0.6021739 0.7762538 0.0277946 0.0164052
21 0.3191744 0.5400188 0.0277946 0.0164052
28 0.3191744 0.7762538 0.0277946 0.0164052
14 0.6021739 0.4809601 0.0277946 0.0164052
28 0.4594107 0.7762538 0.0277946 0.0164052
20 0.4594107 0.4809601 0.0277946 0.0164052
