18 0.4691730 0.5441680 0.0265009 0.0171817
29 0.0644327 0.6678760 0.0265009 0.0171817
32 0.2686097 0.6111766 0.4878566 0.4398507
17 0.0644327 0.4823140 0.0265009 0.0171817
25 0.1318894 0.4823140 0.0265009 0.0171817
8 0.2655982 0.4823140 0.0265009 0.0171817
3 0.3342596 0.4823140 0.0265008 0.0171817
19 0.1318894 0.5441680 0.0265009 0.0171817
18 0.1993461 0.5441680 0.0265009 0.0171817
34 0.2655983 0.6054494 0.0626384 0.0618540
13 0.2655982 0.6060221 0.0265009 0.0171817
26 0.4017163 0.6060221 0.0265009 0.0171817
22 0.1993461 0.6678760 0.0265009 0.0171817
11 0.3342596 0.6678760 0.0265008 0.0171817
10 0.4691730 0.6678760 0.0265009 0.0171817
12 0.1318894 0.7297301 0.0265009 0.0171817
27 0.1993461 0.7297301 0.0265009 0.0171817
15 0.4017163 0.7297301 0.0265009 0.0171817
16 0.4691730 0.7297301 0.0265009 0.0171817
9 0.0644327 0.7915841 0.0265009 0.0171817
21 0.2655982 0.7915841 0.0265009 0.0171817
2 0.3342596 0.7915841 0.0265008 0.0171817
24 0.4017163 0.7915841 0.0265009 0.0171817
24 0.4017163 0.4823140 0.0265009 0.0171817
22 0.4691730 0.4823140 0.0265009 0.0171817
6 0.1993461 0.7915841 0.0265009 0.0171817
16 0.3342596 0.7297301 0.0265008 0.0171817
13 0.2655982 0.7297301 0.0265009 0.0171817
2 0.3342596 0.5441680 0.0265008 0.0171817
25 0.4017163 0.6678760 0.0265009 0.0171817
30 0.3342596 0.6060221 0.0265008 0.0171817
11 0.1993461 0.6060221 0.0265009 0.0171817
9 0.0644327 0.6060221 0.0265009 0.0171817
11 0.1318894 0.6678760 0.0265009 0.0171817
9 0.4691730 0.7915841 0.0265009 0.0171817
10 0.0644327 0.5441680 0.0265009 0.0171817
14 0.0644327 0.7297301 0.0265009 0.0171817
10 0.4691730 0.6060221 0.0265009 0.0171817
22 0.1318894 0.6060221 0.0265009 0.0171817
27 0.2655982 0.6678760 0.0265009 0.0171817
11 0.2655982 0.5441680 0.0265009 0.0171817
30 0.1993461 0.4823140 0.0265009 0.0171817
1 0.4017163 0.5441680 0.0265009 0.0171817
6 0.1318894 0.7915841 0.0265009 0.0171817
