29 0.6595872 0.6065099 0.0283070 0.0166885
20 0.5141923 0.4863525 0.0283070 0.0166885
32 0.5174090 0.4312804 0.5211059 0.4272261
2 0.2993166 0.3061165 0.0283070 0.0166885
33 0.6589439 0.3055603 0.0656207 0.0600787
4 0.6595872 0.3061165 0.0283070 0.0166885
9 0.5875331 0.3661952 0.0283070 0.0166885
26 0.6595872 0.3661952 0.0283070 0.0166885
19 0.7316414 0.3661952 0.0283070 0.0166885
3 0.5875331 0.4262739 0.0283070 0.0166885
15 0.7316414 0.4262739 0.0283070 0.0166885
31 0.3713707 0.4863525 0.0283070 0.0166885
25 0.4434248 0.4863525 0.0283070 0.0166885
17 0.5875331 0.4863525 0.0283070 0.0166885
14 0.7316414 0.4863525 0.0283070 0.0166885
12 0.2993166 0.5464312 0.0283070 0.0166885
6 0.4434248 0.5464312 0.0283070 0.0166885
22 0.5875331 0.5464312 0.0283070 0.0166885
10 0.7316414 0.5464312 0.0283070 0.0166885
13 0.2993166 0.6065099 0.0283070 0.0166885
30 0.3713707 0.6065099 0.0283070 0.0166885
4 0.4434248 0.6065099 0.0283070 0.0166885
27 0.7316414 0.6065099 0.0283070 0.0166885
26 0.6595872 0.5464312 0.0283070 0.0166885
1 0.5141923 0.3061165 0.0283070 0.0166885
19 0.5875331 0.6065099 0.0283070 0.0166885
3 0.2993166 0.4863525 0.0283070 0.0166885
9 0.5875331 0.3061165 0.0283070 0.0166885
14 0.2993166 0.4262739 0.0283070 0.0166885
24 0.5141923 0.4262739 0.0283070 0.0166885
27 0.5141923 0.5464312 0.0283070 0.0166885
18 0.3713707 0.3061165 0.0283070 0.0166885
29 0.3713707 0.5464312 0.0283070 0.0166885
4 0.3713707 0.4262739 0.0283070 0.0166885
7 0.5141923 0.3661952 0.0283070 0.0166885
10 0.5141923 0.6065099 0.0283070 0.0166885
17 0.6595872 0.4262739 0.0283070 0.0166885
11 0.4434248 0.3061165 0.0283070 0.0166885
11 0.3713707 0.3661952 0.0283070 0.0166885
22 0.4434248 0.4262739 0.0283070 0.0166885
1 0.2993166 0.3661952 0.0283070 0.0166885
4 0.7316414 0.3061165 0.0283070 0.0166885
27 0.4434248 0.3661952 0.0283070 0.0166885
27 0.6595872 0.4863525 0.0283070 0.0166885
