16 0.3549568 0.3120233 0.0262859 0.0165746
28 0.6895052 0.6103668 0.0262859 0.0165746
32 0.5574780 0.4363331 0.4839002 0.4243107
34 0.4887762 0.3114708 0.0621304 0.0596687
19 0.4887761 0.3120233 0.0262859 0.0165746
5 0.6225954 0.3120233 0.0262859 0.0165746
12 0.6895052 0.3120233 0.0262859 0.0165746
27 0.4218665 0.3716920 0.0262859 0.0165746
10 0.6895052 0.3716920 0.0262859 0.0165746
13 0.4218665 0.4313607 0.0262859 0.0165746
30 0.4887761 0.4313607 0.0262859 0.0165746
15 0.5544910 0.4313607 0.0262859 0.0165746
17 0.6895052 0.4313607 0.0262859 0.0165746
3 0.7564148 0.4313607 0.0262860 0.0165746
14 0.3549568 0.4910294 0.0262859 0.0165746
11 0.4218665 0.4910294 0.0262859 0.0165746
20 0.5544910 0.4910294 0.0262859 0.0165746
8 0.6225954 0.4910294 0.0262859 0.0165746
2 0.7564148 0.4910294 0.0262860 0.0165746
1 0.4218665 0.5506981 0.0262859 0.0165746
7 0.4887761 0.5506981 0.0262859 0.0165746
25 0.3549568 0.6103668 0.0262859 0.0165746
26 0.6225954 0.6103668 0.0262859 0.0165746
31 0.6225954 0.3716920 0.0262859 0.0165746
26 0.5544910 0.6103668 0.0262859 0.0165746
27 0.7564148 0.5506981 0.0262860 0.0165746
2 0.6895052 0.5506981 0.0262859 0.0165746
7 0.4887761 0.6103668 0.0262859 0.0165746
30 0.4218665 0.3120233 0.0262859 0.0165746
22 0.3549568 0.3716920 0.0262859 0.0165746
9 0.7564148 0.3120233 0.0262860 0.0165746
7 0.5544910 0.3716920 0.0262859 0.0165746
21 0.3549568 0.4313607 0.0262859 0.0165746
27 0.7564148 0.6103668 0.0262860 0.0165746
21 0.4887761 0.4910294 0.0262859 0.0165746
13 0.7564148 0.3716920 0.0262860 0.0165746
6 0.4887761 0.3716920 0.0262859 0.0165746
22 0.3549568 0.5506981 0.0262859 0.0165746
6 0.6895052 0.4910294 0.0262859 0.0165746
2 0.6225954 0.4313607 0.0262859 0.0165746
3 0.6225954 0.5506981 0.0262859 0.0165746
26 0.5544910 0.3120233 0.0262859 0.0165746
11 0.5544910 0.5506981 0.0262859 0.0165746
30 0.4218665 0.6103668 0.0262859 0.0165746
