25 0.7358283 0.4229135 0.0280411 0.0160539
24 0.3789420 0.3651195 0.0280411 0.0160539
32 0.5949857 0.4277297 0.5162106 0.4109796
5 0.5216965 0.3073255 0.0280410 0.0160539
33 0.7351910 0.3067904 0.0650043 0.0577940
3 0.7358283 0.3073255 0.0280411 0.0160539
8 0.5216965 0.3651195 0.0280410 0.0160539
29 0.5917992 0.3651195 0.0280411 0.0160539
25 0.8072057 0.3651195 0.0280411 0.0160539
13 0.4503192 0.4229135 0.0280411 0.0160539
4 0.5917992 0.4229135 0.0280411 0.0160539
11 0.5917992 0.4807075 0.0280411 0.0160539
2 0.7358283 0.4807075 0.0280411 0.0160539
23 0.8072057 0.4807075 0.0280411 0.0160539
16 0.3789420 0.5385015 0.0280411 0.0160539
3 0.5216965 0.5385015 0.0280410 0.0160539
12 0.5917992 0.5385015 0.0280411 0.0160539
17 0.7358283 0.5385015 0.0280411 0.0160539
7 0.3789420 0.5962956 0.0280411 0.0160539
1 0.4503192 0.5962956 0.0280411 0.0160539
10 0.6644511 0.5962956 0.0280411 0.0160539
22 0.7358283 0.5962956 0.0280411 0.0160539
18 0.8072057 0.5962956 0.0280411 0.0160539
10 0.5216965 0.4229135 0.0280410 0.0160539
17 0.4503192 0.5385015 0.0280411 0.0160539
1 0.6644511 0.4807075 0.0280411 0.0160539
11 0.8072057 0.4229135 0.0280411 0.0160539
15 0.7358283 0.3651195 0.0280411 0.0160539
2 0.6644511 0.4229135 0.0280411 0.0160539
5 0.5216965 0.5962956 0.0280410 0.0160539
9 0.8072057 0.5385015 0.0280411 0.0160539
12 0.5216965 0.4807075 0.0280410 0.0160539
20 0.3789420 0.3073255 0.0280411 0.0160539
6 0.8072057 0.3073255 0.0280411 0.0160539
17 0.5917992 0.5962956 0.0280411 0.0160539
29 0.4503192 0.4807075 0.0280411 0.0160539
20 0.3789420 0.4229135 0.0280411 0.0160539
30 0.5917992 0.3073255 0.0280411 0.0160539
10 0.6644511 0.3651195 0.0280411 0.0160539
8 0.6644511 0.3073255 0.0280411 0.0160539
1 0.3789420 0.4807075 0.0280411 0.0160539
10 0.6644511 0.5385015 0.0280411 0.0160539
25 0.4503192 0.3073255 0.0280411 0.0160539
6 0.4503192 0.3651195 0.0280411 0.0160539
