25 0.5303793 0.4962288 0.0268979 0.0166462
7 0.3934443 0.4962288 0.0268980 0.0166462
32 0.6006808 0.6210752 0.4951670 0.4261421
21 0.5976242 0.4962288 0.0268980 0.0166462
5 0.6673145 0.4962288 0.0268980 0.0166462
14 0.7357819 0.4962288 0.0268980 0.0166462
15 0.4619118 0.5561551 0.0268980 0.0166462
9 0.5976242 0.5561551 0.0268980 0.0166462
20 0.6673145 0.5561551 0.0268980 0.0166462
13 0.7357819 0.5561551 0.0268980 0.0166462
22 0.8042494 0.5561551 0.0268980 0.0166462
7 0.4619118 0.6160813 0.0268980 0.0166462
34 0.5303793 0.6155264 0.0635770 0.0599262
16 0.5303793 0.6160813 0.0268979 0.0166462
26 0.5976242 0.6160813 0.0268980 0.0166462
17 0.4619118 0.6760076 0.0268980 0.0166462
31 0.5303793 0.6760076 0.0268979 0.0166462
3 0.8042494 0.6760076 0.0268980 0.0166462
16 0.5976242 0.7359338 0.0268980 0.0166462
19 0.6673145 0.7359338 0.0268980 0.0166462
8 0.4619118 0.7958600 0.0268980 0.0166462
24 0.5303793 0.7958600 0.0268979 0.0166462
23 0.6673145 0.7958600 0.0268980 0.0166462
21 0.7357819 0.7958600 0.0268980 0.0166462
5 0.8042494 0.7359338 0.0268980 0.0166462
22 0.5303793 0.7359338 0.0268979 0.0166462
18 0.5303793 0.5561551 0.0268979 0.0166462
4 0.7357819 0.6760076 0.0268980 0.0166462
20 0.3934443 0.5561551 0.0268980 0.0166462
31 0.5976242 0.7958600 0.0268980 0.0166462
18 0.5976242 0.6760076 0.0268980 0.0166462
17 0.4619118 0.7359338 0.0268980 0.0166462
10 0.8042494 0.6160813 0.0268980 0.0166462
24 0.8042494 0.4962288 0.0268980 0.0166462
3 0.3934443 0.7359338 0.0268980 0.0166462
14 0.3934443 0.6760076 0.0268980 0.0166462
21 0.6673145 0.6760076 0.0268980 0.0166462
16 0.6673145 0.6160813 0.0268980 0.0166462
7 0.3934443 0.7958600 0.0268980 0.0166462
27 0.7357819 0.7359338 0.0268980 0.0166462
16 0.7357819 0.6160813 0.0268980 0.0166462
16 0.4619118 0.4962288 0.0268980 0.0166462
12 0.3934443 0.6160813 0.0268980 0.0166462
5 0.8042494 0.7958600 0.0268980 0.0166462
