10 0.5027842 0.3124881 0.0263622 0.0162624
28 0.5710860 0.6052113 0.0263622 0.0162624
32 0.5057799 0.4344561 0.4853026 0.4163176
13 0.3026718 0.3124881 0.0263621 0.0162624
20 0.4368789 0.3124881 0.0263621 0.0162624
1 0.3026718 0.3710327 0.0263621 0.0162624
9 0.3697753 0.3710327 0.0263621 0.0162624
29 0.3026718 0.4295773 0.0263621 0.0162624
27 0.3697753 0.4295773 0.0263621 0.0162624
21 0.4368789 0.4295773 0.0263621 0.0162624
5 0.6381896 0.4295773 0.0263621 0.0162624
7 0.3026718 0.4881220 0.0263621 0.0162623
15 0.5027842 0.4881220 0.0263622 0.0162623
6 0.5710860 0.4881220 0.0263622 0.0162623
30 0.7052931 0.4881220 0.0263621 0.0162623
26 0.3026718 0.5466667 0.0263621 0.0162624
34 0.4368789 0.5461246 0.0623104 0.0585447
26 0.4368789 0.5466667 0.0263621 0.0162624
11 0.5027842 0.5466667 0.0263622 0.0162624
8 0.6381896 0.5466667 0.0263621 0.0162624
2 0.7052931 0.5466667 0.0263621 0.0162624
3 0.5027842 0.6052113 0.0263622 0.0162624
4 0.7052931 0.6052113 0.0263621 0.0162624
17 0.4368789 0.4881220 0.0263621 0.0162623
15 0.3697753 0.4881220 0.0263621 0.0162623
19 0.7052931 0.3710327 0.0263621 0.0162624
2 0.5710860 0.3710327 0.0263622 0.0162624
15 0.5710860 0.5466667 0.0263622 0.0162624
6 0.6381896 0.4881220 0.0263621 0.0162623
1 0.3697753 0.5466667 0.0263621 0.0162624
31 0.5710860 0.3124881 0.0263622 0.0162624
20 0.7052931 0.3124881 0.0263621 0.0162624
25 0.4368789 0.6052113 0.0263621 0.0162624
2 0.7052931 0.4295773 0.0263621 0.0162624
29 0.5710860 0.4295773 0.0263622 0.0162624
28 0.3697753 0.6052113 0.0263621 0.0162624
26 0.4368789 0.3710327 0.0263621 0.0162624
22 0.6381896 0.3710327 0.0263621 0.0162624
1 0.3697753 0.3124881 0.0263621 0.0162624
16 0.5027842 0.3710327 0.0263622 0.0162624
15 0.3026718 0.6052113 0.0263621 0.0162624
24 0.6381896 0.6052113 0.0263621 0.0162624
17 0.5027842 0.4295773 0.0263622 0.0162624
29 0.6381896 0.3124881 0.0263621 0.0162624
