8 0.3497106 0.5260039 0.0264876 0.0158436
9 0.2148646 0.5260039 0.0264876 0.0158436
32 0.4189396 0.5307570 0.4876130 0.4055957
26 0.2148646 0.4119301 0.0264876 0.0158436
18 0.3497106 0.4119301 0.0264876 0.0158436
19 0.4159296 0.4119301 0.0264876 0.0158436
10 0.6194028 0.4119301 0.0264876 0.0158436
4 0.2822876 0.4689670 0.0264876 0.0158436
25 0.4159296 0.4689670 0.0264876 0.0158436
27 0.4845567 0.4689670 0.0264876 0.0158436
33 0.5513777 0.4684389 0.0614031 0.0570369
22 0.5519797 0.4689670 0.0264876 0.0158436
14 0.6194028 0.4689670 0.0264876 0.0158436
15 0.2822876 0.5260039 0.0264876 0.0158436
31 0.4159296 0.5260039 0.0264876 0.0158436
17 0.6194028 0.5260039 0.0264876 0.0158436
8 0.2822876 0.5830408 0.0264876 0.0158436
24 0.5519797 0.6400777 0.0264876 0.0158436
11 0.6194028 0.6400777 0.0264876 0.0158436
23 0.3497106 0.6971147 0.0264876 0.0158436
2 0.4159296 0.6971147 0.0264876 0.0158436
29 0.5519797 0.6971147 0.0264876 0.0158436
30 0.6194028 0.6971147 0.0264876 0.0158436
5 0.2148646 0.4689670 0.0264876 0.0158436
2 0.5519797 0.5260039 0.0264876 0.0158436
5 0.6194028 0.5830408 0.0264876 0.0158436
8 0.5519797 0.5830408 0.0264876 0.0158436
6 0.4845567 0.6400777 0.0264876 0.0158436
17 0.5519797 0.4119301 0.0264876 0.0158436
15 0.2822876 0.4119301 0.0264876 0.0158436
9 0.4845567 0.6971147 0.0264876 0.0158436
26 0.4159296 0.5830408 0.0264876 0.0158436
8 0.2148646 0.6400777 0.0264876 0.0158436
22 0.3497106 0.5830408 0.0264876 0.0158436
6 0.2822876 0.6971147 0.0264876 0.0158436
16 0.2822876 0.6400777 0.0264876 0.0158436
13 0.2148646 0.5830408 0.0264876 0.0158436
14 0.3497106 0.6400777 0.0264876 0.0158436
17 0.2148646 0.6971147 0.0264876 0.0158436
28 0.3497106 0.4689670 0.0264876 0.0158436
11 0.4845567 0.5260039 0.0264876 0.0158436
22 0.4845567 0.5830408 0.0264876 0.0158436
15 0.4845567 0.4119301 0.0264876 0.0158436
8 0.4159296 0.6400777 0.0264876 0.0158436
