10 0.5400484 0.6389695 0.0267690 0.0174440
10 0.6069710 0.4505747 0.0267690 0.0174439
32 0.6100130 0.5814044 0.4927939 0.4465656
15 0.4037696 0.4505747 0.0267690 0.0174439
29 0.5400484 0.4505747 0.0267690 0.0174439
34 0.6757188 0.4499932 0.0644891 0.0627983
19 0.6763272 0.4505747 0.0267691 0.0174439
31 0.4719090 0.5133729 0.0267690 0.0174440
3 0.6069710 0.5133729 0.0267690 0.0174440
14 0.6763272 0.5133729 0.0267691 0.0174440
22 0.8126060 0.5133729 0.0267690 0.0174440
10 0.4719090 0.5761712 0.0267690 0.0174439
18 0.6763272 0.5761712 0.0267691 0.0174439
8 0.7444666 0.5761712 0.0267690 0.0174439
17 0.4037696 0.6389695 0.0267690 0.0174440
9 0.4719090 0.6389695 0.0267690 0.0174440
25 0.7444666 0.6389695 0.0267690 0.0174440
13 0.4719090 0.7017678 0.0267690 0.0174440
20 0.5400484 0.7017678 0.0267690 0.0174440
1 0.7444666 0.7017678 0.0267690 0.0174440
24 0.8126060 0.7017678 0.0267690 0.0174440
4 0.4719090 0.7645661 0.0267690 0.0174439
23 0.7444666 0.7645661 0.0267690 0.0174439
8 0.4037696 0.5761712 0.0267690 0.0174439
11 0.8126060 0.7645661 0.0267690 0.0174439
3 0.4037696 0.7645661 0.0267690 0.0174439
13 0.7444666 0.5133729 0.0267690 0.0174440
25 0.8126060 0.6389695 0.0267690 0.0174440
13 0.5400484 0.7645661 0.0267690 0.0174439
6 0.4719090 0.4505747 0.0267690 0.0174439
5 0.6763272 0.7017678 0.0267691 0.0174440
31 0.5400484 0.5133729 0.0267690 0.0174440
18 0.4037696 0.7017678 0.0267690 0.0174440
14 0.4037696 0.5133729 0.0267690 0.0174440
11 0.7444666 0.4505747 0.0267690 0.0174439
15 0.6069710 0.7017678 0.0267690 0.0174440
20 0.6069710 0.7645661 0.0267690 0.0174439
22 0.6069710 0.5761712 0.0267690 0.0174439
31 0.8126060 0.5761712 0.0267690 0.0174439
30 0.8126060 0.4505747 0.0267690 0.0174439
14 0.6763272 0.7645661 0.0267691 0.0174439
6 0.6763272 0.6389695 0.0267691 0.0174440
15 0.6069710 0.6389695 0.0267690 0.0174440
11 0.5400484 0.5761712 0.0267690 0.0174439
