5 0.1867126 0.3385416 0.0269501 0.0170125
29 0.4611138 0.4610318 0.0269501 0.0170125
32 0.3257507 0.3436454 0.4961271 0.4355206
6 0.1181124 0.2160515 0.0269501 0.0170125
27 0.2553129 0.2160515 0.0269501 0.0170125
23 0.3925135 0.2160515 0.0269501 0.0170125
33 0.4605013 0.2154844 0.0624752 0.0612451
5 0.4611138 0.2160515 0.0269501 0.0170125
3 0.5297141 0.2160515 0.0269501 0.0170125
19 0.1181124 0.2772965 0.0269501 0.0170125
20 0.1867126 0.2772965 0.0269501 0.0170125
21 0.4611138 0.2772965 0.0269501 0.0170125
18 0.5297141 0.2772965 0.0269501 0.0170125
31 0.5297141 0.3385416 0.0269501 0.0170125
22 0.1867126 0.3997867 0.0269501 0.0170125
2 0.2553129 0.3997867 0.0269501 0.0170125
29 0.3226882 0.3997867 0.0269501 0.0170125
26 0.5297141 0.3997867 0.0269501 0.0170125
30 0.1181124 0.4610318 0.0269501 0.0170125
10 0.3226882 0.4610318 0.0269501 0.0170125
1 0.2553129 0.5222769 0.0269501 0.0170125
4 0.3925135 0.5222769 0.0269501 0.0170125
13 0.4611138 0.5222769 0.0269501 0.0170125
9 0.3925135 0.4610318 0.0269501 0.0170125
1 0.3226882 0.3385416 0.0269501 0.0170125
19 0.4611138 0.3997867 0.0269501 0.0170125
7 0.5297141 0.4610318 0.0269501 0.0170125
6 0.1181124 0.3997867 0.0269501 0.0170125
9 0.4611138 0.3385416 0.0269501 0.0170125
21 0.2553129 0.3385416 0.0269501 0.0170125
2 0.3226882 0.2772965 0.0269501 0.0170125
5 0.1867126 0.2160515 0.0269501 0.0170125
10 0.1181124 0.5222769 0.0269501 0.0170125
24 0.3226882 0.2160515 0.0269501 0.0170125
9 0.2553129 0.2772965 0.0269501 0.0170125
17 0.3925135 0.2772965 0.0269501 0.0170125
8 0.1867126 0.5222769 0.0269501 0.0170125
21 0.3226882 0.5222769 0.0269501 0.0170125
6 0.3925135 0.3997867 0.0269501 0.0170125
27 0.2553129 0.4610318 0.0269501 0.0170125
21 0.1867126 0.4610318 0.0269501 0.0170125
9 0.1181124 0.3385416 0.0269501 0.0170125
4 0.3925135 0.3385416 0.0269501 0.0170125
1 0.5297141 0.5222769 0.0269501 0.0170125
