24 0.7774187 0.4726107 0.0277644 0.0158801
28 0.7067457 0.6441154 0.0277644 0.0158801
32 0.5672926 0.5917112 0.5111177 0.4065295
24 0.7067457 0.4726107 0.0277644 0.0158801
22 0.3533804 0.5297789 0.0277644 0.0158801
12 0.4947265 0.5297789 0.0277644 0.0158801
3 0.5641375 0.5297789 0.0277644 0.0158801
23 0.7774187 0.5297789 0.0277644 0.0158801
18 0.4947265 0.5869472 0.0277644 0.0158801
7 0.5641375 0.5869472 0.0277644 0.0158801
33 0.7061147 0.5864178 0.0643629 0.0571682
13 0.7067457 0.5869472 0.0277644 0.0158801
8 0.7774187 0.5869472 0.0277644 0.0158801
15 0.3533804 0.6441154 0.0277644 0.0158801
11 0.4240534 0.6441154 0.0277644 0.0158801
1 0.4947265 0.6441154 0.0277644 0.0158801
13 0.5641375 0.6441154 0.0277644 0.0158801
27 0.6360726 0.6441154 0.0277644 0.0158801
14 0.7774187 0.6441154 0.0277644 0.0158801
25 0.7067457 0.7012835 0.0277644 0.0158801
26 0.3533804 0.7584517 0.0277644 0.0158801
31 0.5641375 0.7584517 0.0277644 0.0158801
9 0.6360726 0.7584517 0.0277644 0.0158801
9 0.4947265 0.7584517 0.0277644 0.0158801
10 0.5641375 0.7012835 0.0277644 0.0158801
16 0.4947265 0.7012835 0.0277644 0.0158801
2 0.4240534 0.4726107 0.0277644 0.0158801
18 0.6360726 0.5297789 0.0277644 0.0158801
27 0.7774187 0.7012835 0.0277644 0.0158801
5 0.6360726 0.5869472 0.0277644 0.0158801
5 0.7774187 0.7584517 0.0277644 0.0158801
30 0.3533804 0.4726107 0.0277644 0.0158801
3 0.3533804 0.7012835 0.0277644 0.0158801
17 0.7067457 0.7584517 0.0277644 0.0158801
18 0.6360726 0.4726107 0.0277644 0.0158801
17 0.4240534 0.5869472 0.0277644 0.0158801
5 0.4240534 0.7012835 0.0277644 0.0158801
29 0.4240534 0.5297789 0.0277644 0.0158801
27 0.3533804 0.5869472 0.0277644 0.0158801
18 0.4947265 0.4726107 0.0277644 0.0158801
3 0.6360726 0.7012835 0.0277644 0.0158801
14 0.7067457 0.5297789 0.0277644 0.0158801
1 0.4240534 0.7584517 0.0277644 0.0158801
26 0.5641375 0.4726107 0.0277644 0.0158801
