21 0.4656453 0.4725195 0.0277308 0.0163718
1 0.3244707 0.5314578 0.0277307 0.0163718
32 0.3969487 0.5953077 0.5104977 0.4191172
16 0.1832960 0.4725195 0.0277307 0.0163718
8 0.3244707 0.4725195 0.0277307 0.0163718
11 0.3937975 0.4725195 0.0277308 0.0163718
4 0.2538833 0.5314578 0.0277308 0.0163718
21 0.3937975 0.5314578 0.0277308 0.0163718
24 0.4656453 0.5314578 0.0277308 0.0163718
25 0.1832960 0.5903962 0.0277307 0.0163717
6 0.3244707 0.5903962 0.0277307 0.0163717
19 0.3937975 0.5903962 0.0277308 0.0163717
17 0.4656453 0.5903962 0.0277308 0.0163717
18 0.5362327 0.5903962 0.0277308 0.0163717
3 0.6068200 0.5903962 0.0277307 0.0163717
30 0.2538833 0.6493344 0.0277308 0.0163717
29 0.6068200 0.6493344 0.0277307 0.0163717
10 0.3244707 0.7082728 0.0277307 0.0163718
9 0.3937975 0.7082728 0.0277308 0.0163718
20 0.2538833 0.7672112 0.0277308 0.0163717
34 0.3937975 0.7666654 0.0655454 0.0589383
17 0.3937975 0.7672112 0.0277308 0.0163717
1 0.5362327 0.7672112 0.0277308 0.0163717
15 0.3937975 0.6493344 0.0277308 0.0163717
11 0.1832960 0.5314578 0.0277307 0.0163718
24 0.6068200 0.7082728 0.0277307 0.0163718
9 0.5362327 0.4725195 0.0277308 0.0163718
5 0.1832960 0.7082728 0.0277307 0.0163718
28 0.4656453 0.7672112 0.0277308 0.0163717
11 0.1832960 0.7672112 0.0277307 0.0163717
2 0.3244707 0.7672112 0.0277307 0.0163717
28 0.5362327 0.5314578 0.0277308 0.0163718
21 0.6068200 0.4725195 0.0277307 0.0163718
22 0.4656453 0.7082728 0.0277308 0.0163718
9 0.3244707 0.6493344 0.0277307 0.0163717
6 0.2538833 0.4725195 0.0277308 0.0163718
25 0.2538833 0.5903962 0.0277308 0.0163717
27 0.5362327 0.7082728 0.0277308 0.0163718
13 0.6068200 0.5314578 0.0277307 0.0163718
29 0.6068200 0.7672112 0.0277307 0.0163717
20 0.5362327 0.6493344 0.0277308 0.0163717
28 0.2538833 0.7082728 0.0277308 0.0163718
26 0.4656453 0.6493344 0.0277308 0.0163717
6 0.1832960 0.6493344 0.0277307 0.0163717
