9 0.3788493 0.4817499 0.0277621 0.0164888
4 0.7321854 0.7191888 0.0277621 0.0164889
32 0.5927438 0.5460563 0.5110755 0.4221135
24 0.3788493 0.4223902 0.0277621 0.0164888
20 0.4495164 0.4223902 0.0277621 0.0164888
26 0.5201837 0.4223902 0.0277621 0.0164888
2 0.5895890 0.4223902 0.0277621 0.0164888
13 0.6615181 0.4223902 0.0277621 0.0164888
3 0.8028526 0.4223902 0.0277621 0.0164888
31 0.5201837 0.4817499 0.0277621 0.0164888
1 0.7321854 0.4817499 0.0277621 0.0164888
27 0.8028526 0.4817499 0.0277621 0.0164888
9 0.3788493 0.5411097 0.0277621 0.0164888
15 0.5201837 0.5411097 0.0277621 0.0164888
34 0.8028526 0.5405600 0.0656195 0.0593597
11 0.8028526 0.5411097 0.0277621 0.0164888
10 0.7321854 0.6004694 0.0277621 0.0164889
18 0.3788493 0.6598291 0.0277621 0.0164888
29 0.5895890 0.6598291 0.0277621 0.0164888
21 0.4495164 0.7191888 0.0277621 0.0164889
12 0.5895890 0.7191888 0.0277621 0.0164889
16 0.6615181 0.7191888 0.0277621 0.0164889
14 0.8028526 0.7191888 0.0277621 0.0164889
16 0.5895890 0.4817499 0.0277621 0.0164888
13 0.7321854 0.5411097 0.0277621 0.0164888
16 0.8028526 0.6004694 0.0277621 0.0164889
20 0.5201837 0.6598291 0.0277621 0.0164888
2 0.8028526 0.6598291 0.0277621 0.0164888
24 0.6615181 0.5411097 0.0277621 0.0164888
2 0.5895890 0.6004694 0.0277621 0.0164889
1 0.4495164 0.6598291 0.0277621 0.0164888
22 0.5895890 0.5411097 0.0277621 0.0164888
3 0.6615181 0.6598291 0.0277621 0.0164888
17 0.3788493 0.7191888 0.0277621 0.0164889
22 0.4495164 0.4817499 0.0277621 0.0164888
24 0.6615181 0.6004694 0.0277621 0.0164889
14 0.5201837 0.7191888 0.0277621 0.0164889
3 0.7321854 0.4223902 0.0277621 0.0164888
29 0.4495164 0.6004694 0.0277621 0.0164889
2 0.6615181 0.4817499 0.0277621 0.0164888
3 0.4495164 0.5411097 0.0277621 0.0164888
26 0.3788493 0.6004694 0.0277621 0.0164889
21 0.7321854 0.6598291 0.0277621 0.0164888
2 0.5201837 0.6004694 0.0277621 0.0164889
