4 0.7318883 0.6748537 0.0280843 0.0171964
13 0.3744525 0.6748537 0.0280842 0.0171964
32 0.5908288 0.5561989 0.5170054 0.4402264
6 0.3744525 0.4272264 0.0280842 0.0171964
33 0.5174268 0.4266531 0.0663810 0.0619068
30 0.5174268 0.4272264 0.0280842 0.0171964
21 0.6604012 0.4272264 0.0280842 0.0171964
17 0.8033755 0.4272264 0.0280843 0.0171964
30 0.5174268 0.4891332 0.0280842 0.0171963
12 0.5876374 0.4891332 0.0280843 0.0171963
22 0.7318883 0.4891332 0.0280843 0.0171963
11 0.4459396 0.5510400 0.0280843 0.0171964
7 0.5174268 0.5510400 0.0280842 0.0171964
20 0.5876374 0.5510400 0.0280843 0.0171964
19 0.7318883 0.5510400 0.0280843 0.0171964
23 0.8033755 0.5510400 0.0280843 0.0171964
31 0.4459396 0.6129468 0.0280843 0.0171963
27 0.5174268 0.6129468 0.0280842 0.0171963
13 0.8033755 0.6129468 0.0280843 0.0171963
5 0.5174268 0.6748537 0.0280842 0.0171964
2 0.8033755 0.6748537 0.0280843 0.0171964
9 0.4459396 0.7367605 0.0280843 0.0171963
8 0.5174268 0.7367605 0.0280842 0.0171963
30 0.8033755 0.4891332 0.0280843 0.0171963
1 0.7318883 0.7367605 0.0280843 0.0171963
24 0.3744525 0.7367605 0.0280842 0.0171963
9 0.6604012 0.5510400 0.0280842 0.0171964
9 0.7318883 0.4272264 0.0280843 0.0171964
15 0.6604012 0.6748537 0.0280842 0.0171964
18 0.7318883 0.6129468 0.0280843 0.0171963
6 0.3744525 0.4891332 0.0280842 0.0171963
30 0.3744525 0.5510400 0.0280842 0.0171964
18 0.8033755 0.7367605 0.0280843 0.0171963
25 0.5876374 0.6129468 0.0280843 0.0171963
10 0.4459396 0.4891332 0.0280843 0.0171963
15 0.4459396 0.6748537 0.0280843 0.0171964
19 0.5876374 0.7367605 0.0280843 0.0171963
4 0.6604012 0.6129468 0.0280842 0.0171963
27 0.6604012 0.4891332 0.0280842 0.0171963
4 0.4459396 0.4272264 0.0280843 0.0171964
11 0.3744525 0.6129468 0.0280842 0.0171963
10 0.6604012 0.7367605 0.0280842 0.0171963
22 0.5876374 0.4272264 0.0280843 0.0171964
22 0.5876374 0.6748537 0.0280843 0.0171964
