1 0.4284825 0.6512829 0.0267020 0.0158652
14 0.2257897 0.5370528 0.0267020 0.0158653
32 0.4315168 0.5989274 0.4915604 0.4061512
17 0.3617274 0.4799378 0.0267020 0.0158653
26 0.4976650 0.4799378 0.0267021 0.0158653
29 0.5656339 0.4799378 0.0267020 0.0158653
12 0.6336027 0.4799378 0.0267020 0.0158653
21 0.2937585 0.5370528 0.0267020 0.0158653
2 0.3617274 0.5370528 0.0267020 0.0158653
31 0.4284825 0.5370528 0.0267020 0.0158653
3 0.5656339 0.5370528 0.0267020 0.0158653
14 0.4976650 0.5941679 0.0267021 0.0158653
20 0.6336027 0.5941679 0.0267020 0.0158653
10 0.3617274 0.6512829 0.0267020 0.0158652
33 0.4284825 0.7078691 0.0631139 0.0571151
14 0.4284825 0.7083979 0.0267020 0.0158653
4 0.4976650 0.7083979 0.0267021 0.0158653
27 0.6336027 0.7083979 0.0267020 0.0158653
18 0.2257897 0.7655130 0.0267020 0.0158653
25 0.2937585 0.7655130 0.0267020 0.0158653
8 0.4976650 0.7655130 0.0267021 0.0158653
30 0.5656339 0.7655130 0.0267020 0.0158653
9 0.6336027 0.7655130 0.0267020 0.0158653
29 0.4284825 0.5941679 0.0267020 0.0158653
27 0.2257897 0.7083979 0.0267020 0.0158653
7 0.2257897 0.4799378 0.0267020 0.0158653
28 0.5656339 0.7083979 0.0267020 0.0158653
11 0.6336027 0.5370528 0.0267020 0.0158653
6 0.4284825 0.4799378 0.0267020 0.0158653
19 0.2937585 0.5941679 0.0267020 0.0158653
5 0.3617274 0.7655130 0.0267020 0.0158653
18 0.3617274 0.5941679 0.0267020 0.0158653
18 0.5656339 0.6512829 0.0267020 0.0158652
22 0.3617274 0.7083979 0.0267020 0.0158653
2 0.6336027 0.6512829 0.0267020 0.0158652
14 0.4976650 0.5370528 0.0267021 0.0158653
12 0.2937585 0.7083979 0.0267020 0.0158653
16 0.4976650 0.6512829 0.0267021 0.0158652
21 0.2937585 0.4799378 0.0267020 0.0158653
6 0.2937585 0.6512829 0.0267020 0.0158652
19 0.5656339 0.5941679 0.0267020 0.0158653
29 0.2257897 0.5941679 0.0267020 0.0158653
2 0.2257897 0.6512829 0.0267020 0.0158652
24 0.4284825 0.7655130 0.0267020 0.0158653
