26 0.5238745 0.3977915 0.0285919 0.0162114
6 0.7422131 0.2227079 0.0285919 0.0162114
32 0.5986035 0.3442938 0.5263521 0.4150131
15 0.3783154 0.2227079 0.0285920 0.0162114
27 0.4510950 0.2227079 0.0285920 0.0162114
5 0.5238745 0.2227079 0.0285919 0.0162114
29 0.3783154 0.2810691 0.0285920 0.0162114
22 0.4510950 0.2810691 0.0285920 0.0162114
17 0.6694336 0.2810691 0.0285919 0.0162114
14 0.8149927 0.2810691 0.0285919 0.0162114
18 0.4510950 0.3394303 0.0285920 0.0162114
26 0.5953544 0.3394303 0.0285920 0.0162114
34 0.3783154 0.3972511 0.0675810 0.0583612
6 0.3783154 0.3977915 0.0285920 0.0162114
10 0.4510950 0.3977915 0.0285920 0.0162114
3 0.6694336 0.3977915 0.0285919 0.0162114
7 0.8149927 0.3977915 0.0285919 0.0162114
11 0.4510950 0.4561527 0.0285920 0.0162114
8 0.5953544 0.4561527 0.0285920 0.0162114
13 0.6694336 0.4561527 0.0285919 0.0162114
9 0.8149927 0.4561527 0.0285919 0.0162114
20 0.4510950 0.5145139 0.0285920 0.0162114
6 0.7422131 0.5145139 0.0285919 0.0162114
15 0.5953544 0.3977915 0.0285920 0.0162114
27 0.5238745 0.5145139 0.0285919 0.0162114
7 0.5238745 0.2810691 0.0285919 0.0162114
4 0.8149927 0.3394303 0.0285919 0.0162114
16 0.3783154 0.3394303 0.0285920 0.0162114
7 0.5953544 0.5145139 0.0285920 0.0162114
30 0.6694336 0.3394303 0.0285919 0.0162114
10 0.3783154 0.5145139 0.0285920 0.0162114
9 0.7422131 0.4561527 0.0285919 0.0162114
13 0.7422131 0.3977915 0.0285919 0.0162114
19 0.8149927 0.2227079 0.0285919 0.0162114
30 0.3783154 0.4561527 0.0285920 0.0162114
25 0.6694336 0.2227079 0.0285919 0.0162114
3 0.5953544 0.2227079 0.0285920 0.0162114
29 0.6694336 0.5145139 0.0285919 0.0162114
3 0.5238745 0.3394303 0.0285919 0.0162114
25 0.5953544 0.2810691 0.0285920 0.0162114
4 0.7422131 0.2810691 0.0285919 0.0162114
13 0.5238745 0.4561527 0.0285919 0.0162114
10 0.7422131 0.3394303 0.0285919 0.0162114
16 0.8149927 0.5145139 0.0285919 0.0162114
