1 0.3050539 0.3458257 0.0269243 0.0174056
29 0.5106573 0.6591268 0.0269243 0.0174057
32 0.4439586 0.4763679 0.4956512 0.4455838
20 0.3735883 0.3458257 0.0269242 0.0174056
16 0.6477264 0.3458257 0.0269243 0.0174056
18 0.5106573 0.4084860 0.0269243 0.0174056
3 0.6477264 0.4084860 0.0269243 0.0174056
29 0.2365194 0.4711462 0.0269243 0.0174056
10 0.3050539 0.4711462 0.0269243 0.0174056
15 0.5106573 0.4711462 0.0269243 0.0174056
4 0.2365194 0.5338064 0.0269243 0.0174057
24 0.3050539 0.5338064 0.0269243 0.0174057
5 0.3735883 0.5338064 0.0269242 0.0174057
8 0.3050539 0.5964666 0.0269243 0.0174056
7 0.3735883 0.5964666 0.0269242 0.0174056
9 0.4408990 0.5964666 0.0269242 0.0174056
6 0.5106573 0.5964666 0.0269243 0.0174056
34 0.5785799 0.5958864 0.0624154 0.0626602
20 0.5791918 0.5964666 0.0269242 0.0174056
23 0.2365194 0.6591268 0.0269243 0.0174057
31 0.3735883 0.6591268 0.0269242 0.0174057
17 0.5791918 0.6591268 0.0269242 0.0174057
21 0.6477264 0.6591268 0.0269243 0.0174057
26 0.2365194 0.3458257 0.0269243 0.0174056
10 0.4408990 0.3458257 0.0269242 0.0174056
28 0.5106573 0.5338064 0.0269243 0.0174057
17 0.5791918 0.4084860 0.0269242 0.0174056
28 0.4408990 0.4084860 0.0269242 0.0174056
13 0.5106573 0.3458257 0.0269243 0.0174056
19 0.4408990 0.4711462 0.0269242 0.0174056
8 0.3050539 0.6591268 0.0269243 0.0174057
2 0.2365194 0.4084860 0.0269243 0.0174056
16 0.5791918 0.3458257 0.0269242 0.0174056
20 0.6477264 0.5964666 0.0269243 0.0174056
15 0.3050539 0.4084860 0.0269243 0.0174056
14 0.3735883 0.4084860 0.0269242 0.0174056
15 0.5791918 0.5338064 0.0269242 0.0174057
8 0.2365194 0.5964666 0.0269243 0.0174056
26 0.6477264 0.5338064 0.0269243 0.0174057
19 0.6477264 0.4711462 0.0269243 0.0174056
20 0.4408990 0.6591268 0.0269242 0.0174057
12 0.4408990 0.5338064 0.0269242 0.0174057
12 0.5791918 0.4711462 0.0269242 0.0174056
12 0.3735883 0.4711462 0.0269242 0.0174056
