21 0.5558306 0.6666131 0.0282817 0.0169192
24 0.2678716 0.3620674 0.0282817 0.0169192
32 0.4137794 0.4889614 0.5206400 0.4331316
24 0.3398614 0.3620674 0.0282817 0.0169192
7 0.4105656 0.3620674 0.0282817 0.0169192
14 0.4838409 0.3620674 0.0282817 0.0169192
13 0.5558306 0.3620674 0.0282817 0.0169192
3 0.1958819 0.4229765 0.0282817 0.0169192
25 0.4105656 0.4229765 0.0282817 0.0169192
11 0.6278203 0.4229765 0.0282817 0.0169192
23 0.4105656 0.4838856 0.0282817 0.0169192
1 0.4838409 0.4838856 0.0282817 0.0169192
4 0.5558306 0.4838856 0.0282817 0.0169192
20 0.2678716 0.5447948 0.0282817 0.0169192
19 0.3398614 0.5447948 0.0282817 0.0169192
27 0.5558306 0.5447948 0.0282817 0.0169192
2 0.4105656 0.6057039 0.0282817 0.0169192
17 0.4838409 0.6057039 0.0282817 0.0169192
15 0.6278203 0.6057039 0.0282817 0.0169192
31 0.1958819 0.6666131 0.0282817 0.0169192
16 0.2678716 0.6666131 0.0282817 0.0169192
33 0.4831981 0.6660491 0.0681331 0.0609091
12 0.4838409 0.6666131 0.0282817 0.0169192
29 0.6278203 0.3620674 0.0282817 0.0169192
6 0.1958819 0.5447948 0.0282817 0.0169192
25 0.3398614 0.4229765 0.0282817 0.0169192
17 0.1958819 0.4838856 0.0282817 0.0169192
20 0.4105656 0.5447948 0.0282817 0.0169192
4 0.5558306 0.4229765 0.0282817 0.0169192
21 0.5558306 0.6057039 0.0282817 0.0169192
15 0.4105656 0.6666131 0.0282817 0.0169192
6 0.2678716 0.4838856 0.0282817 0.0169192
11 0.4838409 0.4229765 0.0282817 0.0169192
15 0.4838409 0.5447948 0.0282817 0.0169192
2 0.6278203 0.4838856 0.0282817 0.0169192
5 0.2678716 0.6057039 0.0282817 0.0169192
25 0.3398614 0.6666131 0.0282817 0.0169192
16 0.3398614 0.6057039 0.0282817 0.0169192
9 0.3398614 0.4838856 0.0282817 0.0169192
8 0.6278203 0.6666131 0.0282817 0.0169192
20 0.1958819 0.6057039 0.0282817 0.0169192
7 0.2678716 0.4229765 0.0282817 0.0169192
13 0.6278203 0.5447948 0.0282817 0.0169192
6 0.1958819 0.3620674 0.0282817 0.0169192
