10 0.8225704 0.5413432 0.0281670 0.0173487
17 0.7508729 0.7287092 0.0281670 0.0173487
32 0.6093982 0.5465478 0.5185268 0.4441266
31 0.4640827 0.4164326 0.0281669 0.0173487
15 0.5357802 0.4164326 0.0281669 0.0173487
27 0.8225704 0.4164326 0.0281670 0.0173487
22 0.3923851 0.4788879 0.0281669 0.0173487
1 0.4640827 0.4788879 0.0281669 0.0173487
10 0.6061975 0.4788879 0.0281669 0.0173487
29 0.6791753 0.4788879 0.0281670 0.0173487
30 0.8225704 0.4788879 0.0281670 0.0173487
34 0.3923852 0.5407649 0.0665763 0.0624553
27 0.3923851 0.5413432 0.0281669 0.0173487
2 0.4640827 0.5413432 0.0281669 0.0173487
9 0.5357802 0.5413432 0.0281669 0.0173487
17 0.7508729 0.5413432 0.0281670 0.0173487
19 0.4640827 0.6037986 0.0281669 0.0173487
6 0.7508729 0.6037986 0.0281670 0.0173487
16 0.8225704 0.6037986 0.0281670 0.0173487
4 0.6061975 0.6662538 0.0281669 0.0173487
23 0.7508729 0.6662538 0.0281670 0.0173487
25 0.6061975 0.7287092 0.0281669 0.0173487
18 0.8225704 0.7287092 0.0281670 0.0173487
1 0.6791753 0.5413432 0.0281670 0.0173487
9 0.6061975 0.4164326 0.0281669 0.0173487
31 0.8225704 0.6662538 0.0281670 0.0173487
9 0.6791753 0.4164326 0.0281670 0.0173487
5 0.5357802 0.4788879 0.0281669 0.0173487
4 0.3923851 0.6662538 0.0281669 0.0173487
22 0.4640827 0.6662538 0.0281669 0.0173487
20 0.6791753 0.6037986 0.0281670 0.0173487
5 0.3923851 0.4164326 0.0281669 0.0173487
30 0.4640827 0.7287092 0.0281669 0.0173487
9 0.5357802 0.6662538 0.0281669 0.0173487
25 0.7508729 0.4164326 0.0281670 0.0173487
10 0.7508729 0.4788879 0.0281670 0.0173487
1 0.6791753 0.7287092 0.0281670 0.0173487
5 0.5357802 0.7287092 0.0281669 0.0173487
24 0.3923851 0.6037986 0.0281669 0.0173487
1 0.6061975 0.6037986 0.0281669 0.0173487
17 0.5357802 0.6037986 0.0281669 0.0173487
22 0.6791753 0.6662538 0.0281670 0.0173487
10 0.6061975 0.5413432 0.0281669 0.0173487
5 0.3923851 0.7287092 0.0281669 0.0173487
