30 0.3777332 0.4842276 0.0276003 0.0173340
31 0.5182437 0.3594230 0.0276003 0.0173340
32 0.4498703 0.4270255 0.5080960 0.4437495
30 0.3074780 0.2970207 0.0276003 0.0173340
20 0.3777332 0.2970207 0.0276003 0.0173340
6 0.5182437 0.2970207 0.0276003 0.0173340
10 0.5884989 0.2970207 0.0276003 0.0173340
2 0.6587542 0.2970207 0.0276003 0.0173340
14 0.3777332 0.3594230 0.0276003 0.0173340
12 0.3777332 0.4218253 0.0276003 0.0173340
15 0.5884989 0.4218253 0.0276003 0.0173340
27 0.6587542 0.4218253 0.0276003 0.0173340
7 0.3074780 0.4842276 0.0276003 0.0173340
33 0.4467339 0.4836497 0.0652370 0.0624023
27 0.4467339 0.4842276 0.0276003 0.0173340
8 0.6587542 0.4842276 0.0276003 0.0173340
4 0.2372227 0.5466298 0.0276003 0.0173340
26 0.3777332 0.5466298 0.0276003 0.0173340
25 0.4467339 0.5466298 0.0276003 0.0173340
29 0.2372227 0.6090321 0.0276003 0.0173340
21 0.3074780 0.6090321 0.0276003 0.0173340
17 0.3777332 0.6090321 0.0276003 0.0173340
1 0.2372227 0.2970207 0.0276003 0.0173340
27 0.4467339 0.3594230 0.0276003 0.0173340
30 0.3074780 0.5466298 0.0276003 0.0173340
29 0.5884989 0.5466298 0.0276003 0.0173340
2 0.5182437 0.5466298 0.0276003 0.0173340
22 0.2372227 0.4842276 0.0276003 0.0173340
18 0.5182437 0.4218253 0.0276003 0.0173340
4 0.5884989 0.4842276 0.0276003 0.0173340
8 0.6587542 0.3594230 0.0276003 0.0173340
4 0.5182437 0.6090321 0.0276003 0.0173340
8 0.4467339 0.6090321 0.0276003 0.0173340
21 0.2372227 0.4218253 0.0276003 0.0173340
8 0.6587542 0.5466298 0.0276003 0.0173340
9 0.3074780 0.4218253 0.0276003 0.0173340
18 0.2372227 0.3594230 0.0276003 0.0173340
25 0.5884989 0.6090321 0.0276003 0.0173340
2 0.4467339 0.4218253 0.0276003 0.0173340
10 0.5884989 0.3594230 0.0276003 0.0173340
18 0.5182437 0.4842276 0.0276003 0.0173340
11 0.6587542 0.6090321 0.0276003 0.0173340
21 0.3074780 0.3594230 0.0276003 0.0173340
31 0.4467339 0.2970207 0.0276003 0.0173340
