26 0.5793680 0.5591630 0.0265040 0.0161746
3 0.2420448 0.7338481 0.0265040 0.0161745
32 0.3787812 0.6222437 0.4879139 0.4140684
27 0.2420448 0.5009347 0.0265040 0.0161746
18 0.3757693 0.5009347 0.0265039 0.0161746
4 0.1745802 0.5591630 0.0265040 0.0161746
6 0.2420448 0.5591630 0.0265040 0.0161746
13 0.3757693 0.5591630 0.0265039 0.0161746
30 0.4444387 0.5591630 0.0265039 0.0161746
10 0.1745802 0.6173914 0.0265040 0.0161746
5 0.3095094 0.6173914 0.0265040 0.0161746
25 0.3757693 0.6173914 0.0265039 0.0161746
2 0.4444387 0.6173914 0.0265039 0.0161746
12 0.5793680 0.6173914 0.0265040 0.0161746
29 0.1745802 0.6756197 0.0265040 0.0161745
17 0.2420448 0.6756197 0.0265040 0.0161745
24 0.5119033 0.6756197 0.0265040 0.0161745
14 0.5793680 0.7338481 0.0265040 0.0161745
34 0.1745802 0.7915373 0.0626457 0.0582284
15 0.1745802 0.7920764 0.0265040 0.0161745
7 0.3757693 0.7920764 0.0265039 0.0161745
26 0.4444387 0.7920764 0.0265039 0.0161745
7 0.5793680 0.6756197 0.0265040 0.0161745
20 0.3095094 0.5009347 0.0265040 0.0161746
4 0.4444387 0.5009347 0.0265039 0.0161746
9 0.5793680 0.5009347 0.0265040 0.0161746
28 0.2420448 0.7920764 0.0265040 0.0161745
29 0.1745802 0.5009347 0.0265040 0.0161746
6 0.1745802 0.7338481 0.0265040 0.0161745
28 0.3757693 0.7338481 0.0265039 0.0161745
14 0.5119033 0.5591630 0.0265040 0.0161746
25 0.3095094 0.7920764 0.0265040 0.0161745
15 0.3757693 0.6756197 0.0265039 0.0161745
29 0.5119033 0.6173914 0.0265040 0.0161746
18 0.2420448 0.6173914 0.0265040 0.0161746
19 0.3095094 0.5591630 0.0265040 0.0161746
24 0.5119033 0.7338481 0.0265040 0.0161745
3 0.4444387 0.6756197 0.0265039 0.0161745
10 0.5119033 0.7920764 0.0265040 0.0161745
10 0.5119033 0.5009347 0.0265040 0.0161746
11 0.4444387 0.7338481 0.0265039 0.0161745
1 0.3095094 0.7338481 0.0265040 0.0161745
15 0.3095094 0.6756197 0.0265040 0.0161745
26 0.5793680 0.7920764 0.0265040 0.0161745
