19 0.4802727 0.5735092 0.0279281 0.0162104
9 0.6935419 0.3984363 0.0279282 0.0162105
32 0.5532666 0.4032994 0.5141310 0.4149876
30 0.4091830 0.2817210 0.0279281 0.0162105
15 0.4802727 0.2817210 0.0279281 0.0162105
20 0.7646316 0.2817210 0.0279280 0.0162105
12 0.3380933 0.3400787 0.0279281 0.0162104
19 0.6224521 0.3400787 0.0279281 0.0162104
5 0.4091830 0.3984363 0.0279281 0.0162105
2 0.5500930 0.3984363 0.0279281 0.0162105
34 0.7646316 0.3978959 0.0660118 0.0583577
31 0.7646316 0.3984363 0.0279280 0.0162105
14 0.4091830 0.4567939 0.0279281 0.0162105
8 0.4802727 0.4567939 0.0279281 0.0162105
21 0.5500930 0.4567939 0.0279281 0.0162105
25 0.7646316 0.4567939 0.0279280 0.0162105
16 0.4091830 0.5151515 0.0279281 0.0162105
3 0.6935419 0.5151515 0.0279282 0.0162105
23 0.5500930 0.5735092 0.0279281 0.0162104
31 0.6224521 0.5735092 0.0279281 0.0162104
26 0.6935419 0.5735092 0.0279282 0.0162104
17 0.7646316 0.5735092 0.0279280 0.0162104
18 0.7646316 0.3400787 0.0279280 0.0162104
1 0.4802727 0.3984363 0.0279281 0.0162105
1 0.6224521 0.2817210 0.0279281 0.0162105
28 0.6224521 0.3984363 0.0279281 0.0162105
1 0.5500930 0.5151515 0.0279281 0.0162105
20 0.4802727 0.5151515 0.0279281 0.0162105
13 0.3380933 0.2817210 0.0279281 0.0162105
31 0.6224521 0.5151515 0.0279281 0.0162105
24 0.5500930 0.2817210 0.0279281 0.0162105
16 0.4091830 0.3400787 0.0279281 0.0162104
21 0.5500930 0.3400787 0.0279281 0.0162104
21 0.7646316 0.5151515 0.0279280 0.0162105
28 0.6224521 0.4567939 0.0279281 0.0162105
29 0.3380933 0.3984363 0.0279281 0.0162105
19 0.4802727 0.3400787 0.0279281 0.0162104
4 0.6935419 0.4567939 0.0279282 0.0162105
18 0.6935419 0.2817210 0.0279282 0.0162105
27 0.3380933 0.5735092 0.0279281 0.0162104
31 0.3380933 0.5151515 0.0279281 0.0162105
4 0.3380933 0.4567939 0.0279281 0.0162105
7 0.4091830 0.5735092 0.0279281 0.0162104
2 0.6935419 0.3400787 0.0279282 0.0162104
