4 0.5242886 0.4394510 0.0275033 0.0167755
26 0.1742464 0.5602347 0.0275033 0.0167755
32 0.3861469 0.5652674 0.5063109 0.4294535
19 0.3142633 0.4394510 0.0275033 0.0167755
29 0.3830215 0.4394510 0.0275033 0.0167755
27 0.1742464 0.4998428 0.0275033 0.0167755
15 0.3830215 0.4998428 0.0275033 0.0167755
25 0.4542801 0.4998428 0.0275033 0.0167755
14 0.5942970 0.4998428 0.0275033 0.0167755
34 0.2436298 0.5596755 0.0637577 0.0603919
20 0.2442549 0.5602347 0.0275033 0.0167755
11 0.3142633 0.5602347 0.0275033 0.0167755
31 0.5242886 0.5602347 0.0275033 0.0167755
4 0.2442549 0.6206266 0.0275033 0.0167755
10 0.3830215 0.6206266 0.0275033 0.0167755
5 0.4542801 0.6206266 0.0275033 0.0167755
13 0.1742464 0.6810185 0.0275033 0.0167756
8 0.2442549 0.6810185 0.0275033 0.0167756
30 0.3830215 0.6810185 0.0275033 0.0167756
2 0.3142633 0.7414105 0.0275033 0.0167756
22 0.3830215 0.7414105 0.0275033 0.0167756
18 0.4542801 0.7414105 0.0275033 0.0167756
17 0.2442549 0.4998428 0.0275033 0.0167755
20 0.1742464 0.7414105 0.0275033 0.0167756
6 0.5242886 0.7414105 0.0275033 0.0167756
25 0.4542801 0.6810185 0.0275033 0.0167756
17 0.5242886 0.6810185 0.0275033 0.0167756
1 0.4542801 0.4394510 0.0275033 0.0167755
11 0.3830215 0.5602347 0.0275033 0.0167755
28 0.5942970 0.4394510 0.0275033 0.0167755
30 0.5942970 0.5602347 0.0275033 0.0167755
7 0.5942970 0.7414105 0.0275033 0.0167756
4 0.4542801 0.5602347 0.0275033 0.0167755
15 0.1742464 0.4394510 0.0275033 0.0167755
26 0.5942970 0.6206266 0.0275033 0.0167755
4 0.2442549 0.4394510 0.0275033 0.0167755
28 0.5242886 0.4998428 0.0275033 0.0167755
3 0.3142633 0.4998428 0.0275033 0.0167755
27 0.5242886 0.6206266 0.0275033 0.0167755
2 0.2442549 0.7414105 0.0275033 0.0167756
24 0.3142633 0.6206266 0.0275033 0.0167755
3 0.5942970 0.6810185 0.0275033 0.0167756
15 0.3142633 0.6810185 0.0275033 0.0167756
30 0.1742464 0.6206266 0.0275033 0.0167755
