8 0.3524035 0.4898138 0.0277251 0.0171781
2 0.4217161 0.6134962 0.0277251 0.0171781
32 0.4248667 0.5568084 0.5103932 0.4397599
18 0.2818306 0.4279725 0.0277250 0.0171781
5 0.3524035 0.4279725 0.0277251 0.0171781
9 0.4217161 0.4279725 0.0277251 0.0171781
22 0.4935492 0.4279725 0.0277251 0.0171781
12 0.6346951 0.4279725 0.0277251 0.0171781
1 0.2112577 0.4898138 0.0277251 0.0171781
6 0.2818306 0.4898138 0.0277250 0.0171781
33 0.5634920 0.4892412 0.0642717 0.0618413
15 0.5641221 0.4898138 0.0277251 0.0171781
13 0.6346951 0.4898138 0.0277251 0.0171781
17 0.2818306 0.5516550 0.0277250 0.0171781
3 0.6346951 0.5516550 0.0277251 0.0171781
26 0.2112577 0.6134962 0.0277251 0.0171781
10 0.2818306 0.6134962 0.0277250 0.0171781
29 0.3524035 0.6134962 0.0277251 0.0171781
11 0.5641221 0.6134962 0.0277251 0.0171781
25 0.3524035 0.6753375 0.0277251 0.0171781
27 0.2112577 0.7371787 0.0277251 0.0171781
23 0.6346951 0.7371787 0.0277251 0.0171781
12 0.5641221 0.4279725 0.0277251 0.0171781
21 0.4217161 0.7371787 0.0277251 0.0171781
27 0.3524035 0.7371787 0.0277251 0.0171781
31 0.4935492 0.7371787 0.0277251 0.0171781
20 0.6346951 0.6753375 0.0277251 0.0171781
19 0.4935492 0.4898138 0.0277251 0.0171781
28 0.4217161 0.6753375 0.0277251 0.0171781
1 0.2818306 0.6753375 0.0277250 0.0171781
9 0.5641221 0.5516550 0.0277251 0.0171781
22 0.4935492 0.6134962 0.0277251 0.0171781
10 0.5641221 0.6753375 0.0277251 0.0171781
7 0.2818306 0.7371787 0.0277250 0.0171781
8 0.2112577 0.5516550 0.0277251 0.0171781
18 0.2112577 0.4279725 0.0277251 0.0171781
26 0.4935492 0.6753375 0.0277251 0.0171781
17 0.3524035 0.5516550 0.0277251 0.0171781
6 0.4935492 0.5516550 0.0277251 0.0171781
29 0.4217161 0.5516550 0.0277251 0.0171781
4 0.5641221 0.7371787 0.0277251 0.0171781
25 0.2112577 0.6753375 0.0277251 0.0171781
7 0.6346951 0.6134962 0.0277251 0.0171781
8 0.4217161 0.4898138 0.0277251 0.0171781
