28 0.3577557 0.3563988 0.0270277 0.0170690
6 0.2877295 0.3563988 0.0270277 0.0170690
32 0.2908008 0.4229682 0.4975549 0.4369682
10 0.1513626 0.2949502 0.0270277 0.0170691
26 0.2877295 0.2949502 0.0270277 0.0170691
3 0.4953512 0.2949502 0.0270277 0.0170691
13 0.0825649 0.3563988 0.0270277 0.0170690
33 0.4953512 0.3558298 0.0638836 0.0614486
22 0.4953512 0.3563988 0.0270277 0.0170690
7 0.0825649 0.4178475 0.0270277 0.0170691
23 0.1513626 0.4178475 0.0270277 0.0170691
6 0.2201603 0.4178475 0.0270277 0.0170691
30 0.2877295 0.4178475 0.0270277 0.0170691
9 0.3577557 0.4178475 0.0270277 0.0170691
12 0.0825649 0.4792961 0.0270277 0.0170691
25 0.4953512 0.4792961 0.0270277 0.0170691
5 0.0825649 0.5407448 0.0270277 0.0170691
4 0.1513626 0.5407448 0.0270277 0.0170691
18 0.2877295 0.5407448 0.0270277 0.0170691
8 0.4265535 0.5407448 0.0270277 0.0170691
22 0.4953512 0.5407448 0.0270277 0.0170691
17 0.3577557 0.6021935 0.0270277 0.0170691
12 0.3577557 0.4792961 0.0270277 0.0170691
11 0.3577557 0.5407448 0.0270277 0.0170691
1 0.4265535 0.3563988 0.0270277 0.0170690
16 0.3577557 0.2949502 0.0270277 0.0170691
24 0.0825649 0.2949502 0.0270277 0.0170691
10 0.4953512 0.6021935 0.0270277 0.0170691
25 0.4265535 0.4178475 0.0270277 0.0170691
7 0.0825649 0.6021935 0.0270277 0.0170691
6 0.4265535 0.6021935 0.0270277 0.0170691
17 0.2877295 0.4792961 0.0270277 0.0170691
29 0.2201603 0.5407448 0.0270277 0.0170691
8 0.4265535 0.4792961 0.0270277 0.0170691
19 0.2201603 0.4792961 0.0270277 0.0170691
21 0.4265535 0.2949502 0.0270277 0.0170691
16 0.2877295 0.6021935 0.0270277 0.0170691
11 0.1513626 0.4792961 0.0270277 0.0170691
1 0.2201603 0.2949502 0.0270277 0.0170691
10 0.1513626 0.3563988 0.0270277 0.0170690
17 0.4953512 0.4178475 0.0270277 0.0170691
11 0.1513626 0.6021935 0.0270277 0.0170691
12 0.2201603 0.3563988 0.0270277 0.0170690
16 0.2201603 0.6021935 0.0270277 0.0170691
