20 0.1604839 0.3609590 0.0285396 0.0166275
31 0.1604839 0.2412404 0.0285396 0.0166276
32 0.3803688 0.3659472 0.5253889 0.4256660
24 0.3771257 0.2412404 0.0285396 0.0166276
30 0.4510693 0.2412404 0.0285397 0.0166276
10 0.5237157 0.2412404 0.0285396 0.0166276
5 0.5963621 0.2412404 0.0285396 0.0166276
1 0.1604839 0.3010997 0.0285396 0.0166276
8 0.3057766 0.3010997 0.0285396 0.0166276
7 0.3771257 0.3010997 0.0285396 0.0166276
27 0.3057766 0.3609590 0.0285396 0.0166275
9 0.5963621 0.3609590 0.0285396 0.0166275
14 0.1604839 0.4208182 0.0285396 0.0166275
6 0.3057766 0.4208182 0.0285396 0.0166275
31 0.3771257 0.4208182 0.0285396 0.0166275
25 0.4510693 0.4208182 0.0285397 0.0166275
34 0.5963621 0.4202640 0.0674573 0.0598593
7 0.5963621 0.4208182 0.0285396 0.0166275
23 0.2331302 0.4806775 0.0285396 0.0166275
16 0.4510693 0.4806775 0.0285397 0.0166275
18 0.3771257 0.5405368 0.0285396 0.0166275
4 0.5237157 0.5405368 0.0285396 0.0166275
5 0.5237157 0.3609590 0.0285396 0.0166275
19 0.4510693 0.3609590 0.0285397 0.0166275
7 0.4510693 0.5405368 0.0285397 0.0166275
19 0.1604839 0.4806775 0.0285396 0.0166275
8 0.5963621 0.3010997 0.0285396 0.0166276
16 0.5237157 0.4208182 0.0285396 0.0166275
10 0.3057766 0.5405368 0.0285396 0.0166275
15 0.3771257 0.3609590 0.0285396 0.0166275
10 0.2331302 0.4208182 0.0285396 0.0166275
30 0.4510693 0.3010997 0.0285397 0.0166276
31 0.5237157 0.4806775 0.0285396 0.0166275
14 0.3057766 0.4806775 0.0285396 0.0166275
17 0.2331302 0.3010997 0.0285396 0.0166276
14 0.2331302 0.2412404 0.0285396 0.0166276
9 0.3771257 0.4806775 0.0285396 0.0166275
5 0.2331302 0.3609590 0.0285396 0.0166275
30 0.5237157 0.3010997 0.0285396 0.0166276
15 0.2331302 0.5405368 0.0285396 0.0166275
12 0.3057766 0.2412404 0.0285396 0.0166276
16 0.1604839 0.5405368 0.0285396 0.0166275
18 0.5963621 0.4806775 0.0285396 0.0166275
18 0.5963621 0.5405368 0.0285396 0.0166275
