20 0.4047080 0.5385027 0.0273736 0.0163722
2 0.6124982 0.5974428 0.0273736 0.0163723
32 0.6156088 0.6023544 0.5039224 0.4191294
25 0.4743861 0.4795626 0.0273735 0.0163722
21 0.6834206 0.4795626 0.0273736 0.0163722
11 0.8227769 0.4795626 0.0273736 0.0163722
12 0.5440643 0.5385027 0.0273736 0.0163722
24 0.6124982 0.5385027 0.0273736 0.0163722
13 0.6834206 0.5385027 0.0273736 0.0163722
1 0.7530988 0.5385027 0.0273736 0.0163722
7 0.8227769 0.5385027 0.0273736 0.0163722
10 0.4047080 0.5974428 0.0273736 0.0163723
31 0.5440643 0.5974428 0.0273736 0.0163723
18 0.8227769 0.5974428 0.0273736 0.0163723
19 0.4743861 0.6563828 0.0273735 0.0163722
33 0.6124982 0.6558370 0.0647012 0.0589401
6 0.6124982 0.6563828 0.0273736 0.0163722
4 0.6834206 0.6563828 0.0273736 0.0163722
26 0.8227769 0.6563828 0.0273736 0.0163722
17 0.4743861 0.7153228 0.0273735 0.0163723
29 0.5440643 0.7153228 0.0273736 0.0163723
3 0.7530988 0.7153228 0.0273736 0.0163723
17 0.4743861 0.5385027 0.0273735 0.0163722
2 0.4743861 0.7742629 0.0273735 0.0163722
26 0.6124982 0.7742629 0.0273736 0.0163722
24 0.8227769 0.7153228 0.0273736 0.0163723
4 0.7530988 0.7742629 0.0273736 0.0163722
30 0.7530988 0.6563828 0.0273736 0.0163722
19 0.4047080 0.4795626 0.0273736 0.0163722
21 0.6124982 0.4795626 0.0273736 0.0163722
16 0.4047080 0.7742629 0.0273736 0.0163722
13 0.5440643 0.4795626 0.0273736 0.0163722
24 0.7530988 0.4795626 0.0273736 0.0163722
4 0.5440643 0.6563828 0.0273736 0.0163722
22 0.6834206 0.7153228 0.0273736 0.0163723
10 0.6124982 0.7153228 0.0273736 0.0163723
24 0.6834206 0.7742629 0.0273736 0.0163722
13 0.5440643 0.7742629 0.0273736 0.0163722
18 0.4743861 0.5974428 0.0273735 0.0163723
24 0.6834206 0.5974428 0.0273736 0.0163723
29 0.4047080 0.7153228 0.0273736 0.0163723
16 0.8227769 0.7742629 0.0273736 0.0163722
12 0.7530988 0.5974428 0.0273736 0.0163723
28 0.4047080 0.6563828 0.0273736 0.0163722
