15 0.5195858 0.2856632 0.0269671 0.0174883
25 0.5882293 0.6004519 0.0269671 0.0174883
32 0.4527811 0.4168252 0.4964394 0.4476994
1 0.3822989 0.2856632 0.0269671 0.0174883
34 0.4497166 0.2850803 0.0637403 0.0629578
23 0.4497166 0.2856632 0.0269671 0.0174883
11 0.5882293 0.2856632 0.0269671 0.0174883
31 0.5195858 0.3486210 0.0269671 0.0174883
22 0.5882293 0.3486210 0.0269671 0.0174883
14 0.6568727 0.3486210 0.0269671 0.0174883
21 0.4497166 0.4115787 0.0269671 0.0174883
17 0.5882293 0.4115787 0.0269671 0.0174883
15 0.3136555 0.4745364 0.0269671 0.0174883
19 0.3822989 0.4745364 0.0269671 0.0174883
27 0.5195858 0.4745364 0.0269671 0.0174883
29 0.5882293 0.4745364 0.0269671 0.0174883
26 0.6568727 0.4745364 0.0269671 0.0174883
23 0.2450120 0.6004519 0.0269671 0.0174883
30 0.3136555 0.6004519 0.0269671 0.0174883
25 0.3822989 0.6004519 0.0269671 0.0174883
6 0.4497166 0.6004519 0.0269671 0.0174883
12 0.5195858 0.6004519 0.0269671 0.0174883
26 0.3136555 0.5374942 0.0269671 0.0174883
5 0.2450120 0.4745364 0.0269671 0.0174883
19 0.2450120 0.2856632 0.0269671 0.0174883
5 0.2450120 0.4115787 0.0269671 0.0174883
1 0.3136555 0.2856632 0.0269671 0.0174883
2 0.3136555 0.3486210 0.0269671 0.0174883
29 0.6568727 0.5374942 0.0269671 0.0174883
5 0.5195858 0.5374942 0.0269671 0.0174883
21 0.3136555 0.4115787 0.0269671 0.0174883
17 0.5882293 0.5374942 0.0269671 0.0174883
27 0.2450120 0.5374942 0.0269671 0.0174883
19 0.3822989 0.3486210 0.0269671 0.0174883
28 0.3822989 0.4115787 0.0269671 0.0174883
17 0.4497166 0.3486210 0.0269671 0.0174883
19 0.3822989 0.5374942 0.0269671 0.0174883
1 0.5195858 0.4115787 0.0269671 0.0174883
16 0.4497166 0.4745364 0.0269671 0.0174883
18 0.6568727 0.4115787 0.0269671 0.0174883
25 0.6568727 0.2856632 0.0269671 0.0174883
12 0.2450120 0.3486210 0.0269671 0.0174883
25 0.6568727 0.6004519 0.0269671 0.0174883
28 0.4497166 0.5374942 0.0269671 0.0174883
