8 0.4891538 0.3977329 0.0281491 0.0164701
26 0.7041104 0.3977329 0.0281491 0.0164701
32 0.6343774 0.3433815 0.5181989 0.4216351
30 0.4175016 0.2198556 0.0281491 0.0164701
6 0.5608060 0.2198556 0.0281491 0.0164701
8 0.7041104 0.2198556 0.0281491 0.0164701
19 0.4891538 0.2791480 0.0281491 0.0164701
23 0.5608060 0.2791480 0.0281491 0.0164701
7 0.8474149 0.2791480 0.0281490 0.0164701
1 0.4891538 0.3384405 0.0281491 0.0164701
29 0.7041104 0.3384405 0.0281491 0.0164701
34 0.7751228 0.3378915 0.0652547 0.0592925
2 0.7757626 0.3384405 0.0281490 0.0164701
12 0.4175016 0.3977329 0.0281491 0.0164701
11 0.6311787 0.3977329 0.0281491 0.0164701
27 0.8474149 0.3977329 0.0281490 0.0164701
22 0.6311787 0.4570253 0.0281491 0.0164701
25 0.7041104 0.4570253 0.0281491 0.0164701
17 0.7757626 0.4570253 0.0281490 0.0164701
21 0.8474149 0.4570253 0.0281490 0.0164701
26 0.4891538 0.5163177 0.0281491 0.0164701
9 0.8474149 0.5163177 0.0281490 0.0164701
13 0.7757626 0.2791480 0.0281490 0.0164701
19 0.6311787 0.5163177 0.0281491 0.0164701
7 0.4175016 0.2791480 0.0281491 0.0164701
7 0.4891538 0.4570253 0.0281491 0.0164701
15 0.4891538 0.2198556 0.0281491 0.0164701
13 0.7757626 0.2198556 0.0281490 0.0164701
14 0.5608060 0.3384405 0.0281491 0.0164701
15 0.8474149 0.3384405 0.0281490 0.0164701
15 0.6311787 0.3384405 0.0281491 0.0164701
24 0.5608060 0.4570253 0.0281491 0.0164701
27 0.7757626 0.5163177 0.0281490 0.0164701
1 0.7041104 0.2791480 0.0281491 0.0164701
26 0.7757626 0.3977329 0.0281490 0.0164701
2 0.7041104 0.5163177 0.0281491 0.0164701
3 0.5608060 0.5163177 0.0281491 0.0164701
17 0.4175016 0.3384405 0.0281491 0.0164701
28 0.6311787 0.2791480 0.0281491 0.0164701
18 0.4175016 0.4570253 0.0281491 0.0164701
17 0.6311787 0.2198556 0.0281491 0.0164701
31 0.8474149 0.2198556 0.0281490 0.0164701
5 0.4175016 0.5163177 0.0281491 0.0164701
15 0.5608060 0.3977329 0.0281491 0.0164701
