21 0.5850846 0.7663580 0.0263241 0.0172353
22 0.1830439 0.6422635 0.0263241 0.0172353
32 0.3858591 0.5853869 0.4846027 0.4412247
2 0.1830439 0.4561218 0.0263241 0.0172353
10 0.2500506 0.4561218 0.0263241 0.0172353
34 0.5174796 0.4555473 0.0610241 0.0620472
31 0.5180778 0.4561218 0.0263241 0.0172353
12 0.3170574 0.5181690 0.0263241 0.0172353
6 0.4510710 0.5181690 0.0263241 0.0172353
7 0.5180778 0.5181690 0.0263241 0.0172353
16 0.1830439 0.5802163 0.0263241 0.0172354
14 0.2500506 0.5802163 0.0263241 0.0172354
13 0.3828677 0.5802163 0.0263241 0.0172354
9 0.4510710 0.5802163 0.0263241 0.0172354
15 0.5180778 0.5802163 0.0263241 0.0172354
30 0.2500506 0.6422635 0.0263241 0.0172353
29 0.5850846 0.6422635 0.0263241 0.0172353
20 0.2500506 0.7043107 0.0263241 0.0172354
11 0.3170574 0.7043107 0.0263241 0.0172354
17 0.4510710 0.7043107 0.0263241 0.0172354
27 0.5850846 0.7043107 0.0263241 0.0172354
31 0.3828677 0.7663580 0.0263241 0.0172353
29 0.3828677 0.5181690 0.0263241 0.0172353
14 0.3170574 0.4561218 0.0263241 0.0172353
7 0.4510710 0.4561218 0.0263241 0.0172353
6 0.2500506 0.5181690 0.0263241 0.0172353
26 0.5180778 0.6422635 0.0263241 0.0172353
4 0.4510710 0.7663580 0.0263241 0.0172353
12 0.3170574 0.7663580 0.0263241 0.0172353
17 0.5850846 0.5802163 0.0263241 0.0172354
3 0.3828677 0.7043107 0.0263241 0.0172354
1 0.1830439 0.7043107 0.0263241 0.0172354
26 0.3828677 0.6422635 0.0263241 0.0172353
30 0.5850846 0.5181690 0.0263241 0.0172353
2 0.2500506 0.7663580 0.0263241 0.0172353
22 0.1830439 0.5181690 0.0263241 0.0172353
18 0.5850846 0.4561218 0.0263241 0.0172353
31 0.3828677 0.4561218 0.0263241 0.0172353
14 0.5180778 0.7663580 0.0263241 0.0172353
16 0.3170574 0.5802163 0.0263241 0.0172354
31 0.1830439 0.7663580 0.0263241 0.0172353
15 0.4510710 0.6422635 0.0263241 0.0172353
25 0.5180778 0.7043107 0.0263241 0.0172354
31 0.3170574 0.6422635 0.0263241 0.0172353
