1 0.2654931 0.3901854 0.0286580 0.0162964
24 0.1925456 0.6248539 0.0286580 0.0162965
32 0.4133421 0.5124086 0.5275669 0.4171886
25 0.3384406 0.3901854 0.0286580 0.0162964
29 0.4843356 0.3901854 0.0286580 0.0162964
6 0.5572832 0.3901854 0.0286580 0.0162964
24 0.6302307 0.3901854 0.0286579 0.0162964
2 0.1925456 0.4488525 0.0286580 0.0162964
31 0.3384406 0.4488525 0.0286580 0.0162964
8 0.5572832 0.4488525 0.0286580 0.0162964
33 0.6302307 0.4483093 0.0677370 0.0586671
9 0.6302307 0.4488525 0.0286579 0.0162964
1 0.1925456 0.5075197 0.0286580 0.0162965
7 0.2654931 0.5075197 0.0286580 0.0162965
14 0.4100855 0.5075197 0.0286580 0.0162965
23 0.3384406 0.5661868 0.0286580 0.0162965
12 0.4100855 0.5661868 0.0286580 0.0162965
10 0.6302307 0.5661868 0.0286579 0.0162965
9 0.3384406 0.6248539 0.0286580 0.0162965
27 0.6302307 0.6248539 0.0286579 0.0162965
19 0.2654931 0.6835211 0.0286580 0.0162964
20 0.4843356 0.6835211 0.0286580 0.0162964
13 0.2654931 0.6248539 0.0286580 0.0162965
29 0.3384406 0.5075197 0.0286580 0.0162965
30 0.4100855 0.6835211 0.0286580 0.0162964
3 0.2654931 0.4488525 0.0286580 0.0162964
3 0.4100855 0.3901854 0.0286580 0.0162964
11 0.6302307 0.6835211 0.0286579 0.0162964
27 0.1925456 0.5661868 0.0286580 0.0162965
10 0.4843356 0.4488525 0.0286580 0.0162964
21 0.3384406 0.6835211 0.0286580 0.0162964
11 0.4843356 0.5075197 0.0286580 0.0162965
30 0.4843356 0.5661868 0.0286580 0.0162965
20 0.4843356 0.6248539 0.0286580 0.0162965
5 0.2654931 0.5661868 0.0286580 0.0162965
20 0.5572832 0.6248539 0.0286580 0.0162965
7 0.5572832 0.5075197 0.0286580 0.0162965
26 0.5572832 0.5661868 0.0286580 0.0162965
5 0.4100855 0.6248539 0.0286580 0.0162965
30 0.1925456 0.6835211 0.0286580 0.0162964
6 0.6302307 0.5075197 0.0286579 0.0162965
8 0.1925456 0.3901854 0.0286580 0.0162964
15 0.5572832 0.6835211 0.0286580 0.0162964
17 0.4100855 0.4488525 0.0286580 0.0162964
