5 0.3996917 0.5540737 0.0287328 0.0172721
4 0.6191060 0.5540737 0.0287328 0.0172721
32 0.5479270 0.3727169 0.5289452 0.4421650
22 0.3996917 0.2431764 0.0287328 0.0172721
23 0.4728299 0.2431764 0.0287328 0.0172721
25 0.5446619 0.2431764 0.0287328 0.0172721
21 0.6191060 0.2431764 0.0287328 0.0172721
31 0.3996917 0.3053558 0.0287328 0.0172721
34 0.4728298 0.3047801 0.0679140 0.0621795
26 0.4728299 0.3053558 0.0287328 0.0172721
15 0.7653822 0.3675353 0.0287328 0.0172721
26 0.3265536 0.4297147 0.0287328 0.0172721
11 0.4728299 0.4297147 0.0287328 0.0172721
13 0.6191060 0.4297147 0.0287328 0.0172721
18 0.7653822 0.4297147 0.0287328 0.0172721
7 0.3996917 0.4918942 0.0287328 0.0172721
1 0.5446619 0.4918942 0.0287328 0.0172721
29 0.6191060 0.4918942 0.0287328 0.0172721
24 0.6922441 0.4918942 0.0287328 0.0172721
10 0.7653822 0.4918942 0.0287328 0.0172721
3 0.4728299 0.5540737 0.0287328 0.0172721
17 0.7653822 0.5540737 0.0287328 0.0172721
20 0.6922441 0.4297147 0.0287328 0.0172721
2 0.3265536 0.2431764 0.0287328 0.0172721
2 0.4728299 0.4918942 0.0287328 0.0172721
9 0.6922441 0.2431764 0.0287328 0.0172721
6 0.3265536 0.5540737 0.0287328 0.0172721
10 0.3265536 0.3675353 0.0287328 0.0172721
24 0.3996917 0.3675353 0.0287328 0.0172721
27 0.6922441 0.3675353 0.0287328 0.0172721
7 0.3996917 0.4297147 0.0287328 0.0172721
7 0.7653822 0.3053558 0.0287328 0.0172721
6 0.6922441 0.5540737 0.0287328 0.0172721
19 0.6922441 0.3053558 0.0287328 0.0172721
8 0.4728299 0.3675353 0.0287328 0.0172721
1 0.5446619 0.4297147 0.0287328 0.0172721
11 0.3265536 0.3053558 0.0287328 0.0172721
11 0.5446619 0.3053558 0.0287328 0.0172721
16 0.6191060 0.3675353 0.0287328 0.0172721
11 0.5446619 0.5540737 0.0287328 0.0172721
22 0.7653822 0.2431764 0.0287328 0.0172721
27 0.3265536 0.4918942 0.0287328 0.0172721
3 0.5446619 0.3675353 0.0287328 0.0172721
3 0.6191060 0.3053558 0.0287328 0.0172721
