10 0.6007364 0.6463892 0.0280711 0.0169927
26 0.4578288 0.5240418 0.0280711 0.0169927
32 0.3882890 0.5903132 0.5167638 0.4350126
12 0.2434676 0.4628682 0.0280711 0.0169927
31 0.3149213 0.4628682 0.0280711 0.0169927
22 0.4578288 0.4628682 0.0280711 0.0169927
6 0.5292826 0.4628682 0.0280711 0.0169927
2 0.1720138 0.5240418 0.0280711 0.0169927
15 0.2434676 0.5240418 0.0280711 0.0169927
23 0.3850991 0.5240418 0.0280711 0.0169927
34 0.5286446 0.5234754 0.0650740 0.0611737
1 0.5292826 0.5240418 0.0280711 0.0169927
3 0.2434676 0.5852155 0.0280711 0.0169927
8 0.3149213 0.5852155 0.0280711 0.0169927
5 0.3850991 0.5852155 0.0280711 0.0169927
29 0.5292826 0.5852155 0.0280711 0.0169927
1 0.1720138 0.7075628 0.0280711 0.0169927
24 0.3149213 0.7075628 0.0280711 0.0169927
25 0.4578288 0.7075628 0.0280711 0.0169927
19 0.1720138 0.7687364 0.0280711 0.0169927
11 0.2434676 0.7687364 0.0280711 0.0169927
13 0.4578288 0.7687364 0.0280711 0.0169927
29 0.3850991 0.7687364 0.0280711 0.0169927
29 0.1720138 0.4628682 0.0280711 0.0169927
13 0.3149213 0.6463892 0.0280711 0.0169927
2 0.6007364 0.5852155 0.0280711 0.0169927
12 0.1720138 0.5852155 0.0280711 0.0169927
27 0.3149213 0.5240418 0.0280711 0.0169927
2 0.5292826 0.6463892 0.0280711 0.0169927
24 0.3850991 0.6463892 0.0280711 0.0169927
24 0.1720138 0.6463892 0.0280711 0.0169927
17 0.6007364 0.5240418 0.0280711 0.0169927
19 0.4578288 0.6463892 0.0280711 0.0169927
5 0.3850991 0.7075628 0.0280711 0.0169927
18 0.2434676 0.7075628 0.0280711 0.0169927
26 0.3850991 0.4628682 0.0280711 0.0169927
4 0.6007364 0.4628682 0.0280711 0.0169927
2 0.3149213 0.7687364 0.0280711 0.0169927
4 0.6007364 0.7075628 0.0280711 0.0169927
14 0.2434676 0.6463892 0.0280711 0.0169927
10 0.5292826 0.7075628 0.0280711 0.0169927
31 0.5292826 0.7687364 0.0280711 0.0169927
21 0.6007364 0.7687364 0.0280711 0.0169927
13 0.4578288 0.5852155 0.0280711 0.0169927
