18 0.6667637 0.5757015 0.0285004 0.0163310
10 0.7393100 0.5757015 0.0285004 0.0163310
32 0.5961606 0.4042252 0.5246652 0.4180756
33 0.6661160 0.2811978 0.0686599 0.0587919
12 0.6667637 0.2817422 0.0285004 0.0163311
19 0.8118562 0.2817422 0.0285003 0.0163311
21 0.3765784 0.3405341 0.0285003 0.0163311
12 0.4491248 0.3405341 0.0285003 0.0163311
25 0.5216711 0.3405341 0.0285003 0.0163311
3 0.5929219 0.3405341 0.0285004 0.0163311
15 0.7393100 0.3405341 0.0285004 0.0163311
13 0.8118562 0.3405341 0.0285003 0.0163311
30 0.4491248 0.3993259 0.0285003 0.0163311
8 0.8118562 0.3993259 0.0285003 0.0163311
29 0.3765784 0.4581178 0.0285003 0.0163310
18 0.4491248 0.4581178 0.0285003 0.0163310
26 0.5216711 0.4581178 0.0285003 0.0163310
23 0.4491248 0.5169097 0.0285003 0.0163311
24 0.5929219 0.5169097 0.0285004 0.0163311
16 0.8118562 0.5169097 0.0285003 0.0163311
9 0.4491248 0.5757015 0.0285003 0.0163310
22 0.5216711 0.5757015 0.0285003 0.0163310
1 0.3765784 0.3993259 0.0285003 0.0163311
19 0.7393100 0.5169097 0.0285004 0.0163311
25 0.5216711 0.3993259 0.0285003 0.0163311
21 0.7393100 0.2817422 0.0285004 0.0163311
28 0.4491248 0.2817422 0.0285003 0.0163311
21 0.5216711 0.5169097 0.0285003 0.0163311
4 0.8118562 0.5757015 0.0285003 0.0163310
21 0.6667637 0.3405341 0.0285004 0.0163311
3 0.5929219 0.4581178 0.0285004 0.0163310
28 0.6667637 0.5169097 0.0285004 0.0163311
25 0.7393100 0.3993259 0.0285004 0.0163311
24 0.5929219 0.2817422 0.0285004 0.0163311
25 0.5929219 0.5757015 0.0285004 0.0163310
19 0.3765784 0.5169097 0.0285003 0.0163311
13 0.6667637 0.4581178 0.0285004 0.0163310
28 0.5216711 0.2817422 0.0285003 0.0163311
31 0.6667637 0.3993259 0.0285004 0.0163311
12 0.3765784 0.5757015 0.0285003 0.0163310
9 0.7393100 0.4581178 0.0285004 0.0163310
26 0.5929219 0.3993259 0.0285004 0.0163311
26 0.3765784 0.2817422 0.0285003 0.0163311
17 0.8118562 0.4581178 0.0285003 0.0163310
