10 0.4560727 0.4953789 0.0263465 0.0166198
25 0.5902005 0.4953789 0.0263465 0.0166198
32 0.5249329 0.6200274 0.4850154 0.4254669
10 0.5219390 0.4953789 0.0263465 0.0166198
21 0.7243282 0.4953789 0.0263464 0.0166198
15 0.3890089 0.5552102 0.0263465 0.0166198
7 0.6572643 0.5552102 0.0263465 0.0166198
24 0.4560727 0.6150414 0.0263465 0.0166197
14 0.6572643 0.6150414 0.0263465 0.0166197
9 0.7243282 0.6150414 0.0263464 0.0166197
26 0.3219450 0.6748728 0.0263465 0.0166198
13 0.5902005 0.6748728 0.0263465 0.0166198
25 0.6572643 0.6748728 0.0263465 0.0166198
12 0.7243282 0.6748728 0.0263464 0.0166198
3 0.3219450 0.7347040 0.0263465 0.0166198
2 0.3890089 0.7347040 0.0263465 0.0166198
5 0.5902005 0.7347040 0.0263465 0.0166198
6 0.7243282 0.7347040 0.0263464 0.0166198
4 0.3219450 0.7945353 0.0263465 0.0166198
33 0.4560728 0.7939813 0.0622736 0.0598313
16 0.4560727 0.7945353 0.0263465 0.0166198
20 0.6572643 0.7945353 0.0263465 0.0166198
14 0.5219390 0.5552102 0.0263465 0.0166198
22 0.3219450 0.5552102 0.0263465 0.0166198
31 0.7243282 0.7945353 0.0263464 0.0166198
6 0.3890089 0.6748728 0.0263465 0.0166198
18 0.3219450 0.6150414 0.0263465 0.0166197
14 0.7243282 0.5552102 0.0263464 0.0166198
13 0.6572643 0.4953789 0.0263465 0.0166198
4 0.4560727 0.7347040 0.0263465 0.0166198
10 0.3890089 0.7945353 0.0263465 0.0166198
16 0.5902005 0.7945353 0.0263465 0.0166198
31 0.3890089 0.6150414 0.0263465 0.0166197
4 0.5902005 0.6150414 0.0263465 0.0166197
4 0.5219390 0.7945353 0.0263465 0.0166198
5 0.5902005 0.5552102 0.0263465 0.0166198
24 0.4560727 0.6748728 0.0263465 0.0166198
20 0.5219390 0.6748728 0.0263465 0.0166198
21 0.6572643 0.7347040 0.0263465 0.0166198
20 0.4560727 0.5552102 0.0263465 0.0166198
15 0.3219450 0.4953789 0.0263465 0.0166198
22 0.3890089 0.4953789 0.0263465 0.0166198
8 0.5219390 0.6150414 0.0263465 0.0166197
16 0.5219390 0.7347040 0.0263465 0.0166198
