12 0.7673538 0.6367852 0.0277480 0.0172752
31 0.6260916 0.5745945 0.0277480 0.0172752
32 0.5573524 0.5797770 0.5108143 0.4422450
1 0.3435672 0.4502131 0.0277479 0.0172752
12 0.5541992 0.4502131 0.0277480 0.0172752
19 0.6260916 0.4502131 0.0277480 0.0172752
7 0.5541992 0.5124038 0.0277480 0.0172752
30 0.6260916 0.5124038 0.0277480 0.0172752
26 0.7673538 0.5124038 0.0277480 0.0172752
24 0.7673538 0.5745945 0.0277480 0.0172752
16 0.3435672 0.6367852 0.0277479 0.0172752
17 0.4848294 0.6367852 0.0277480 0.0172752
6 0.5541992 0.6367852 0.0277480 0.0172752
18 0.6260916 0.6367852 0.0277480 0.0172752
5 0.3435672 0.6989758 0.0277479 0.0172752
27 0.4141983 0.6989758 0.0277480 0.0172752
3 0.5541992 0.6989758 0.0277480 0.0172752
14 0.6260916 0.6989758 0.0277480 0.0172752
15 0.4141983 0.7611666 0.0277480 0.0172753
22 0.4848294 0.7611666 0.0277480 0.0172753
33 0.6960921 0.7605908 0.0643248 0.0621908
1 0.6967227 0.7611666 0.0277480 0.0172753
3 0.7673538 0.6989758 0.0277480 0.0172752
17 0.3435672 0.5124038 0.0277479 0.0172752
2 0.4141983 0.6367852 0.0277480 0.0172752
21 0.5541992 0.5745945 0.0277480 0.0172752
11 0.6967227 0.6367852 0.0277480 0.0172752
29 0.6260916 0.7611666 0.0277480 0.0172753
21 0.4848294 0.4502131 0.0277480 0.0172752
22 0.6967227 0.4502131 0.0277480 0.0172752
8 0.6967227 0.6989758 0.0277480 0.0172752
4 0.3435672 0.7611666 0.0277479 0.0172753
28 0.7673538 0.7611666 0.0277480 0.0172753
13 0.7673538 0.4502131 0.0277480 0.0172752
31 0.4141983 0.5124038 0.0277480 0.0172752
7 0.4141983 0.5745945 0.0277480 0.0172752
4 0.4848294 0.5124038 0.0277480 0.0172752
12 0.3435672 0.5745945 0.0277479 0.0172752
13 0.6967227 0.5745945 0.0277480 0.0172752
16 0.4848294 0.6989758 0.0277480 0.0172752
30 0.4141983 0.4502131 0.0277480 0.0172752
7 0.5541992 0.7611666 0.0277480 0.0172753
16 0.6967227 0.5124038 0.0277480 0.0172752
22 0.4848294 0.5745945 0.0277480 0.0172752
