5 0.5667992 0.5926103 0.0282135 0.0167234
6 0.7822481 0.5324061 0.0282135 0.0167234
32 0.6405391 0.5374231 0.5193856 0.4281188
26 0.4231666 0.4119976 0.0282135 0.0167234
1 0.4949829 0.4119976 0.0282135 0.0167234
5 0.5667992 0.4119976 0.0282135 0.0167234
4 0.6373330 0.4119976 0.0282136 0.0167234
29 0.7822481 0.4119976 0.0282135 0.0167234
22 0.4949829 0.4722019 0.0282135 0.0167234
23 0.5667992 0.4722019 0.0282135 0.0167234
11 0.6373330 0.4722019 0.0282136 0.0167234
19 0.8540643 0.4722019 0.0282135 0.0167234
9 0.4949829 0.5324061 0.0282135 0.0167234
2 0.7104318 0.5324061 0.0282136 0.0167234
31 0.6373330 0.5926103 0.0282136 0.0167234
33 0.7097905 0.5920528 0.0679690 0.0602042
4 0.7104318 0.5926103 0.0282136 0.0167234
20 0.7822481 0.5926103 0.0282135 0.0167234
18 0.5667992 0.6528145 0.0282135 0.0167234
12 0.6373330 0.6528145 0.0282136 0.0167234
21 0.7822481 0.6528145 0.0282135 0.0167234
7 0.4949829 0.7130187 0.0282135 0.0167234
7 0.8540643 0.7130187 0.0282135 0.0167234
8 0.8540643 0.5926103 0.0282135 0.0167234
31 0.7104318 0.7130187 0.0282136 0.0167234
25 0.5667992 0.7130187 0.0282135 0.0167234
31 0.4949829 0.6528145 0.0282135 0.0167234
29 0.7822481 0.4722019 0.0282135 0.0167234
16 0.8540643 0.6528145 0.0282135 0.0167234
28 0.6373330 0.7130187 0.0282136 0.0167234
24 0.4231666 0.5926103 0.0282135 0.0167234
9 0.4231666 0.7130187 0.0282135 0.0167234
12 0.7104318 0.4119976 0.0282136 0.0167234
27 0.4231666 0.4722019 0.0282135 0.0167234
6 0.7822481 0.7130187 0.0282135 0.0167234
15 0.8540643 0.5324061 0.0282135 0.0167234
18 0.4231666 0.6528145 0.0282135 0.0167234
15 0.7104318 0.6528145 0.0282136 0.0167234
18 0.4231666 0.5324061 0.0282135 0.0167234
7 0.5667992 0.5324061 0.0282135 0.0167234
28 0.6373330 0.5324061 0.0282136 0.0167234
15 0.4949829 0.5926103 0.0282135 0.0167234
12 0.8540643 0.4119976 0.0282135 0.0167234
26 0.7104318 0.4722019 0.0282136 0.0167234
