21 0.8023062 0.2408374 0.0267783 0.0173937
21 0.4614911 0.4286895 0.0267783 0.0173937
32 0.5996429 0.3712903 0.4929648 0.4452791
22 0.4614911 0.2408374 0.0267783 0.0173937
27 0.5296541 0.2408374 0.0267783 0.0173937
10 0.5965999 0.2408374 0.0267783 0.0173937
23 0.6659801 0.2408374 0.0267784 0.0173937
19 0.5965999 0.3034548 0.0267783 0.0173937
21 0.6659801 0.3034548 0.0267784 0.0173937
4 0.8023062 0.3660722 0.0267783 0.0173937
34 0.5965999 0.4281097 0.0632943 0.0626173
12 0.5965999 0.4286895 0.0267783 0.0173937
31 0.6659801 0.4286895 0.0267784 0.0173937
2 0.4614911 0.4913069 0.0267783 0.0173937
16 0.5965999 0.4913069 0.0267783 0.0173937
3 0.6659801 0.4913069 0.0267784 0.0173937
5 0.7341432 0.4913069 0.0267783 0.0173937
8 0.4614911 0.5539243 0.0267783 0.0173937
29 0.5296541 0.5539243 0.0267783 0.0173937
30 0.5965999 0.5539243 0.0267783 0.0173937
9 0.6659801 0.5539243 0.0267784 0.0173937
14 0.7341432 0.5539243 0.0267783 0.0173937
1 0.3933280 0.4286895 0.0267783 0.0173937
26 0.7341432 0.2408374 0.0267783 0.0173937
18 0.3933280 0.3660722 0.0267783 0.0173937
11 0.8023062 0.3034548 0.0267783 0.0173937
11 0.3933280 0.4913069 0.0267783 0.0173937
4 0.3933280 0.5539243 0.0267783 0.0173937
7 0.4614911 0.3660722 0.0267783 0.0173937
11 0.7341432 0.3034548 0.0267783 0.0173937
13 0.5296541 0.4913069 0.0267783 0.0173937
10 0.4614911 0.3034548 0.0267783 0.0173937
10 0.7341432 0.3660722 0.0267783 0.0173937
12 0.6659801 0.3660722 0.0267784 0.0173937
17 0.7341432 0.4286895 0.0267783 0.0173937
28 0.3933280 0.3034548 0.0267783 0.0173937
24 0.8023062 0.5539243 0.0267783 0.0173937
12 0.5296541 0.4286895 0.0267783 0.0173937
21 0.5965999 0.3660722 0.0267783 0.0173937
15 0.5296541 0.3034548 0.0267783 0.0173937
20 0.5296541 0.3660722 0.0267783 0.0173937
31 0.8023062 0.4286895 0.0267783 0.0173937
6 0.8023062 0.4913069 0.0267783 0.0173937
8 0.3933280 0.2408374 0.0267783 0.0173937
