27 0.6341940 0.5946399 0.0262748 0.0174314
11 0.5004316 0.4691342 0.0262748 0.0174313
32 0.5691042 0.5998692 0.4836943 0.4462425
5 0.3666692 0.4691342 0.0262748 0.0174313
29 0.4335504 0.4691342 0.0262748 0.0174313
27 0.5661185 0.4691342 0.0262748 0.0174313
12 0.6341940 0.4691342 0.0262748 0.0174313
24 0.7010751 0.4691342 0.0262747 0.0174313
1 0.3666692 0.5318870 0.0262748 0.0174313
30 0.5661185 0.5318870 0.0262748 0.0174313
17 0.7010751 0.5318870 0.0262747 0.0174313
15 0.4335504 0.5946399 0.0262748 0.0174314
8 0.5004316 0.5946399 0.0262748 0.0174314
22 0.5661185 0.5946399 0.0262748 0.0174314
23 0.5661185 0.6573927 0.0262748 0.0174313
11 0.6341940 0.6573927 0.0262748 0.0174313
9 0.4335504 0.7201456 0.0262748 0.0174314
4 0.5004316 0.7201456 0.0262748 0.0174314
34 0.6335968 0.7195645 0.0632983 0.0627528
22 0.6341940 0.7201456 0.0262748 0.0174314
2 0.3666692 0.7828984 0.0262748 0.0174314
25 0.5661185 0.7828984 0.0262748 0.0174314
24 0.5661185 0.7201456 0.0262748 0.0174314
13 0.7679564 0.7201456 0.0262748 0.0174314
4 0.3666692 0.7201456 0.0262748 0.0174314
5 0.4335504 0.7828984 0.0262748 0.0174314
7 0.7679564 0.7828984 0.0262748 0.0174314
25 0.5004316 0.5318870 0.0262748 0.0174313
4 0.7010751 0.7828984 0.0262747 0.0174314
27 0.7679564 0.6573927 0.0262748 0.0174313
9 0.4335504 0.5318870 0.0262748 0.0174313
30 0.4335504 0.6573927 0.0262748 0.0174313
31 0.6341940 0.7828984 0.0262748 0.0174314
28 0.5004316 0.6573927 0.0262748 0.0174313
11 0.5004316 0.7828984 0.0262748 0.0174314
3 0.3666692 0.5946399 0.0262748 0.0174314
3 0.7679564 0.4691342 0.0262748 0.0174313
2 0.7010751 0.7201456 0.0262747 0.0174314
15 0.6341940 0.5318870 0.0262748 0.0174313
20 0.7010751 0.6573927 0.0262747 0.0174313
9 0.3666692 0.6573927 0.0262748 0.0174313
28 0.7679564 0.5318870 0.0262748 0.0174313
14 0.7010751 0.5946399 0.0262747 0.0174314
27 0.7679564 0.5946399 0.0262748 0.0174314
