22 0.2395145 0.3584242 0.0264319 0.0169312
20 0.1722333 0.3584242 0.0264319 0.0169312
32 0.3085979 0.3635036 0.4865872 0.4334397
27 0.1049521 0.2365194 0.0264319 0.0169313
13 0.1722333 0.2365194 0.0264319 0.0169313
31 0.2395145 0.2365194 0.0264319 0.0169313
21 0.3055942 0.2365194 0.0264319 0.0169313
4 0.4413581 0.2365194 0.0264319 0.0169313
1 0.1049521 0.2974718 0.0264319 0.0169312
29 0.2395145 0.2974718 0.0264319 0.0169312
25 0.3055942 0.2974718 0.0264319 0.0169312
7 0.3740768 0.2974718 0.0264319 0.0169312
5 0.3055942 0.3584242 0.0264319 0.0169312
14 0.3740768 0.3584242 0.0264319 0.0169312
6 0.2395145 0.4193767 0.0264319 0.0169313
33 0.3055942 0.4188123 0.0624754 0.0609524
30 0.3055942 0.4193767 0.0264319 0.0169313
19 0.1722333 0.4803291 0.0264319 0.0169312
20 0.3055942 0.4803291 0.0264319 0.0169312
10 0.1049521 0.5412816 0.0264319 0.0169312
8 0.1722333 0.5412816 0.0264319 0.0169312
2 0.2395145 0.5412816 0.0264319 0.0169312
31 0.4413581 0.2974718 0.0264319 0.0169312
13 0.1722333 0.2974718 0.0264319 0.0169312
14 0.5086393 0.2974718 0.0264319 0.0169312
11 0.1722333 0.4193767 0.0264319 0.0169313
8 0.4413581 0.5412816 0.0264319 0.0169312
30 0.5086393 0.4803291 0.0264319 0.0169312
26 0.5086393 0.5412816 0.0264319 0.0169312
3 0.5086393 0.2365194 0.0264319 0.0169313
1 0.5086393 0.4193767 0.0264319 0.0169313
3 0.1049521 0.4193767 0.0264319 0.0169313
8 0.3740768 0.2365194 0.0264319 0.0169313
8 0.2395145 0.4803291 0.0264319 0.0169312
9 0.3740768 0.4193767 0.0264319 0.0169313
22 0.4413581 0.4803291 0.0264319 0.0169312
28 0.3055942 0.5412816 0.0264319 0.0169312
11 0.4413581 0.3584242 0.0264319 0.0169312
22 0.1049521 0.3584242 0.0264319 0.0169312
22 0.4413581 0.4193767 0.0264319 0.0169313
9 0.3740768 0.4803291 0.0264319 0.0169312
9 0.1049521 0.4803291 0.0264319 0.0169312
11 0.3740768 0.5412816 0.0264319 0.0169312
11 0.5086393 0.3584242 0.0264319 0.0169312
