5 0.3926038 0.4088608 0.0265047 0.0166974
4 0.1902043 0.2285289 0.0265047 0.0166974
32 0.3269445 0.3537594 0.4879274 0.4274534
12 0.2576708 0.2285289 0.0265047 0.0166974
25 0.3239326 0.2285289 0.0265047 0.0166974
10 0.5275368 0.2285289 0.0265047 0.0166974
14 0.1902043 0.2886395 0.0265047 0.0166974
5 0.3239326 0.2886395 0.0265047 0.0166974
29 0.4600703 0.2886395 0.0265047 0.0166974
16 0.3926038 0.3487502 0.0265047 0.0166974
24 0.5275368 0.3487502 0.0265047 0.0166974
30 0.1227378 0.4088608 0.0265047 0.0166974
34 0.2576708 0.4083042 0.0626475 0.0601106
18 0.2576708 0.4088608 0.0265047 0.0166974
9 0.3239326 0.4088608 0.0265047 0.0166974
22 0.4600703 0.4088608 0.0265047 0.0166974
26 0.1902043 0.4689715 0.0265047 0.0166974
3 0.2576708 0.4689715 0.0265047 0.0166974
1 0.4600703 0.4689715 0.0265047 0.0166974
27 0.1227378 0.5290821 0.0265047 0.0166974
19 0.3239326 0.5290821 0.0265047 0.0166974
2 0.4600703 0.5290821 0.0265047 0.0166974
26 0.3239326 0.4689715 0.0265047 0.0166974
2 0.5275368 0.2886395 0.0265047 0.0166974
27 0.2576708 0.3487502 0.0265047 0.0166974
24 0.3926038 0.2285289 0.0265047 0.0166974
5 0.4600703 0.3487502 0.0265047 0.0166974
17 0.3926038 0.4689715 0.0265047 0.0166974
13 0.1902043 0.5290821 0.0265047 0.0166974
13 0.3926038 0.2886395 0.0265047 0.0166974
29 0.1227378 0.3487502 0.0265047 0.0166974
30 0.1227378 0.2886395 0.0265047 0.0166974
9 0.3239326 0.3487502 0.0265047 0.0166974
17 0.1227378 0.4689715 0.0265047 0.0166974
25 0.5275368 0.4689715 0.0265047 0.0166974
28 0.3926038 0.5290821 0.0265047 0.0166974
22 0.2576708 0.2886395 0.0265047 0.0166974
1 0.4600703 0.2285289 0.0265047 0.0166974
12 0.1902043 0.4088608 0.0265047 0.0166974
2 0.2576708 0.5290821 0.0265047 0.0166974
3 0.5275368 0.5290821 0.0265047 0.0166974
13 0.5275368 0.4088608 0.0265047 0.0166974
22 0.1227378 0.2285289 0.0265047 0.0166974
2 0.1902043 0.3487502 0.0265047 0.0166974
