29 0.2347860 0.7465627 0.0286902 0.0169769
15 0.5999342 0.6243296 0.0286902 0.0169769
32 0.4558311 0.6294227 0.5281607 0.4346063
11 0.3078156 0.5020966 0.0286902 0.0169768
3 0.3808453 0.5020966 0.0286902 0.0169768
25 0.5269045 0.5020966 0.0286902 0.0169768
12 0.5999342 0.5020966 0.0286902 0.0169768
10 0.5269045 0.5632132 0.0286902 0.0169768
15 0.6729639 0.5632132 0.0286903 0.0169768
29 0.5269045 0.6243296 0.0286902 0.0169769
8 0.6729639 0.6243296 0.0286903 0.0169769
4 0.3078156 0.6854462 0.0286902 0.0169769
6 0.4525708 0.6854462 0.0286902 0.0169769
2 0.3078156 0.7465627 0.0286902 0.0169769
33 0.3808453 0.7459968 0.0678133 0.0611165
7 0.3808453 0.7465627 0.0286902 0.0169769
21 0.5269045 0.7465627 0.0286902 0.0169769
13 0.5999342 0.7465627 0.0286902 0.0169769
30 0.2347860 0.8076792 0.0286902 0.0169767
1 0.3078156 0.8076792 0.0286902 0.0169767
9 0.5269045 0.8076792 0.0286902 0.0169767
26 0.5999342 0.8076792 0.0286902 0.0169767
25 0.5999342 0.5632132 0.0286902 0.0169768
18 0.3078156 0.6243296 0.0286902 0.0169769
26 0.3808453 0.5632132 0.0286902 0.0169768
17 0.6729639 0.5020966 0.0286903 0.0169768
25 0.3808453 0.6243296 0.0286902 0.0169769
15 0.4525708 0.7465627 0.0286902 0.0169769
14 0.2347860 0.6243296 0.0286902 0.0169769
19 0.6729639 0.7465627 0.0286903 0.0169769
13 0.4525708 0.5632132 0.0286902 0.0169768
5 0.2347860 0.5632132 0.0286902 0.0169768
22 0.3078156 0.5632132 0.0286902 0.0169768
25 0.6729639 0.6854462 0.0286903 0.0169769
15 0.2347860 0.6854462 0.0286902 0.0169769
26 0.4525708 0.8076792 0.0286902 0.0169767
20 0.2347860 0.5020966 0.0286902 0.0169768
5 0.6729639 0.8076792 0.0286903 0.0169767
14 0.3808453 0.6854462 0.0286902 0.0169769
2 0.4525708 0.5020966 0.0286902 0.0169768
24 0.3808453 0.8076792 0.0286902 0.0169767
31 0.5999342 0.6854462 0.0286902 0.0169769
25 0.5269045 0.6854462 0.0286902 0.0169769
26 0.4525708 0.6243296 0.0286902 0.0169769
