13 0.2224683 0.3970640 0.0266920 0.0163286
6 0.2224683 0.5146298 0.0266920 0.0163286
32 0.3601749 0.4019626 0.4913757 0.4180119
17 0.1545250 0.2794981 0.0266920 0.0163286
16 0.2224683 0.2794981 0.0266920 0.0163286
22 0.2904116 0.2794981 0.0266920 0.0163286
31 0.3571416 0.2794981 0.0266920 0.0163286
12 0.4262982 0.2794981 0.0266920 0.0163286
21 0.4942416 0.2794981 0.0266920 0.0163286
29 0.5621848 0.2794981 0.0266920 0.0163286
4 0.2904116 0.3382810 0.0266920 0.0163286
1 0.4262982 0.3382810 0.0266920 0.0163286
14 0.4942416 0.3382810 0.0266920 0.0163286
15 0.2904116 0.3970640 0.0266920 0.0163286
6 0.2904116 0.4558469 0.0266920 0.0163286
34 0.3571416 0.4553026 0.0630902 0.0587830
13 0.3571416 0.4558469 0.0266920 0.0163286
13 0.4262982 0.4558469 0.0266920 0.0163286
5 0.4942416 0.4558469 0.0266920 0.0163286
8 0.3571416 0.5146298 0.0266920 0.0163286
26 0.4262982 0.5734127 0.0266920 0.0163286
2 0.4942416 0.5734127 0.0266920 0.0163286
28 0.2224683 0.3382810 0.0266920 0.0163286
21 0.1545250 0.5146298 0.0266920 0.0163286
14 0.5621848 0.5146298 0.0266920 0.0163286
21 0.4942416 0.5146298 0.0266920 0.0163286
9 0.3571416 0.5734127 0.0266920 0.0163286
17 0.3571416 0.3970640 0.0266920 0.0163286
25 0.1545250 0.5734127 0.0266920 0.0163286
5 0.2904116 0.5146298 0.0266920 0.0163286
15 0.5621848 0.5734127 0.0266920 0.0163286
12 0.1545250 0.3970640 0.0266920 0.0163286
20 0.2904116 0.5734127 0.0266920 0.0163286
3 0.4262982 0.5146298 0.0266920 0.0163286
14 0.4262982 0.3970640 0.0266920 0.0163286
29 0.3571416 0.3382810 0.0266920 0.0163286
19 0.4942416 0.3970640 0.0266920 0.0163286
12 0.1545250 0.3382810 0.0266920 0.0163286
29 0.2224683 0.5734127 0.0266920 0.0163286
2 0.1545250 0.4558469 0.0266920 0.0163286
28 0.2224683 0.4558469 0.0266920 0.0163286
24 0.5621848 0.4558469 0.0266920 0.0163286
20 0.5621848 0.3382810 0.0266920 0.0163286
15 0.5621848 0.3970640 0.0266920 0.0163286
