13 0.1370503 0.5142012 0.0270362 0.0173155
28 0.1370503 0.5765369 0.0270362 0.0173155
32 0.2765328 0.5193958 0.4977128 0.4432767
5 0.0682308 0.3895296 0.0270363 0.0173155
14 0.1370503 0.3895296 0.0270362 0.0173155
30 0.2058699 0.3895296 0.0270363 0.0173155
19 0.4811481 0.3895296 0.0270362 0.0173155
17 0.0682308 0.4518653 0.0270363 0.0173155
29 0.1370503 0.4518653 0.0270362 0.0173155
8 0.2058699 0.4518653 0.0270363 0.0173155
27 0.2734605 0.5142012 0.0270363 0.0173155
21 0.2734605 0.5765369 0.0270363 0.0173155
34 0.4811481 0.5759597 0.0639038 0.0623357
29 0.4811481 0.5765369 0.0270362 0.0173155
7 0.0682308 0.6388727 0.0270363 0.0173155
12 0.1370503 0.6388727 0.0270362 0.0173155
20 0.2058699 0.6388727 0.0270363 0.0173155
3 0.4123286 0.6388727 0.0270362 0.0173155
10 0.4811481 0.6388727 0.0270362 0.0173155
25 0.3435090 0.7012085 0.0270362 0.0173155
4 0.4123286 0.7012085 0.0270362 0.0173155
15 0.4811481 0.7012085 0.0270362 0.0173155
8 0.0682308 0.7012085 0.0270363 0.0173155
30 0.0682308 0.5765369 0.0270363 0.0173155
27 0.3435090 0.5142012 0.0270362 0.0173155
14 0.4123286 0.3895296 0.0270362 0.0173155
4 0.0682308 0.5142012 0.0270363 0.0173155
17 0.4123286 0.5142012 0.0270362 0.0173155
14 0.1370503 0.7012085 0.0270362 0.0173155
8 0.4811481 0.4518653 0.0270362 0.0173155
12 0.2734605 0.3895296 0.0270363 0.0173155
14 0.2058699 0.5142012 0.0270363 0.0173155
26 0.2734605 0.4518653 0.0270363 0.0173155
27 0.3435090 0.6388727 0.0270362 0.0173155
24 0.3435090 0.3895296 0.0270362 0.0173155
15 0.4123286 0.4518653 0.0270362 0.0173155
2 0.2058699 0.7012085 0.0270363 0.0173155
13 0.2058699 0.5765369 0.0270363 0.0173155
30 0.4123286 0.5765369 0.0270362 0.0173155
16 0.3435090 0.4518653 0.0270362 0.0173155
11 0.3435090 0.5765369 0.0270362 0.0173155
20 0.2734605 0.7012085 0.0270363 0.0173155
11 0.4811481 0.5142012 0.0270362 0.0173155
11 0.2734605 0.6388727 0.0270363 0.0173155
