14 0.4732664 0.5524458 0.0282352 0.0171330
19 0.4732664 0.6758039 0.0282352 0.0171330
32 0.5470628 0.4959066 0.5197834 0.4386067
22 0.4013951 0.3674086 0.0282352 0.0171331
2 0.5438542 0.3674086 0.0282352 0.0171331
4 0.6888802 0.3674086 0.0282351 0.0171331
25 0.7607515 0.3674086 0.0282352 0.0171331
24 0.3295238 0.4290876 0.0282351 0.0171330
10 0.4013951 0.4290876 0.0282352 0.0171330
16 0.4732664 0.4290876 0.0282352 0.0171330
27 0.6888802 0.4290876 0.0282351 0.0171330
18 0.4732664 0.4907667 0.0282352 0.0171330
12 0.5438542 0.4907667 0.0282352 0.0171330
14 0.6170089 0.4907667 0.0282352 0.0171330
23 0.3295238 0.5524458 0.0282351 0.0171330
21 0.6170089 0.5524458 0.0282352 0.0171330
33 0.6882385 0.5518747 0.0654542 0.0616791
10 0.6888802 0.5524458 0.0282351 0.0171330
15 0.7607515 0.5524458 0.0282352 0.0171330
31 0.6170089 0.6141249 0.0282352 0.0171330
3 0.3295238 0.6758039 0.0282351 0.0171330
26 0.7607515 0.6758039 0.0282352 0.0171330
15 0.6888802 0.6141249 0.0282351 0.0171330
9 0.5438542 0.6758039 0.0282352 0.0171330
2 0.4013951 0.6141249 0.0282352 0.0171330
17 0.6888802 0.6758039 0.0282351 0.0171330
7 0.4013951 0.6758039 0.0282352 0.0171330
8 0.4013951 0.5524458 0.0282352 0.0171330
22 0.5438542 0.4290876 0.0282352 0.0171330
8 0.5438542 0.5524458 0.0282352 0.0171330
4 0.3295238 0.4907667 0.0282351 0.0171330
16 0.4732664 0.3674086 0.0282352 0.0171331
16 0.3295238 0.3674086 0.0282351 0.0171331
15 0.6170089 0.4290876 0.0282352 0.0171330
25 0.3295238 0.6141249 0.0282351 0.0171330
4 0.7607515 0.6141249 0.0282352 0.0171330
4 0.6170089 0.6758039 0.0282352 0.0171330
17 0.4013951 0.4907667 0.0282352 0.0171330
3 0.7607515 0.4907667 0.0282352 0.0171330
22 0.6888802 0.4907667 0.0282351 0.0171330
2 0.4732664 0.6141249 0.0282352 0.0171330
7 0.5438542 0.6141249 0.0282352 0.0171330
24 0.6170089 0.3674086 0.0282352 0.0171331
12 0.7607515 0.4290876 0.0282352 0.0171330
