8 0.4393983 0.6079896 0.0266852 0.0161011
24 0.3714724 0.4340982 0.0266852 0.0161011
32 0.5770695 0.4389285 0.4912498 0.4121871
11 0.5073241 0.3181706 0.0266852 0.0161011
17 0.6431760 0.3181706 0.0266852 0.0161011
26 0.7111018 0.3181706 0.0266852 0.0161011
13 0.3714724 0.3761344 0.0266852 0.0161011
12 0.5073241 0.3761344 0.0266852 0.0161011
15 0.6431760 0.3761344 0.0266852 0.0161011
2 0.7790277 0.3761344 0.0266852 0.0161011
21 0.4393983 0.4340982 0.0266852 0.0161011
27 0.7111018 0.4340982 0.0266852 0.0161011
19 0.4393983 0.4920620 0.0266852 0.0161011
29 0.5740371 0.4920620 0.0266852 0.0161011
9 0.6431760 0.4920620 0.0266852 0.0161011
16 0.4393983 0.5500258 0.0266852 0.0161011
25 0.5740371 0.5500258 0.0266852 0.0161011
33 0.7104954 0.5494891 0.0618611 0.0579638
8 0.7111018 0.5500258 0.0266852 0.0161011
3 0.7790277 0.5500258 0.0266852 0.0161011
24 0.7111018 0.6079896 0.0266852 0.0161011
8 0.7790277 0.6079896 0.0266852 0.0161011
26 0.5073241 0.4920620 0.0266852 0.0161011
28 0.5740371 0.4340982 0.0266852 0.0161011
14 0.5740371 0.6079896 0.0266852 0.0161011
17 0.6431760 0.4340982 0.0266852 0.0161011
28 0.4393983 0.3181706 0.0266852 0.0161011
30 0.3714724 0.3181706 0.0266852 0.0161011
21 0.7790277 0.4920620 0.0266852 0.0161011
29 0.5073241 0.5500258 0.0266852 0.0161011
24 0.7790277 0.4340982 0.0266852 0.0161011
10 0.7111018 0.3761344 0.0266852 0.0161011
27 0.3714724 0.6079896 0.0266852 0.0161011
26 0.6431760 0.6079896 0.0266852 0.0161011
6 0.3714724 0.5500258 0.0266852 0.0161011
4 0.5073241 0.6079896 0.0266852 0.0161011
14 0.5740371 0.3181706 0.0266852 0.0161011
18 0.5073241 0.4340982 0.0266852 0.0161011
5 0.6431760 0.5500258 0.0266852 0.0161011
2 0.5740371 0.3761344 0.0266852 0.0161011
28 0.4393983 0.3761344 0.0266852 0.0161011
13 0.3714724 0.4920620 0.0266852 0.0161011
20 0.7790277 0.3181706 0.0266852 0.0161011
2 0.7111018 0.4920620 0.0266852 0.0161011
