8 0.6277117 0.7530118 0.0269862 0.0171022
13 0.6277117 0.5067403 0.0269862 0.0171022
32 0.4234747 0.5734389 0.4967926 0.4378159
8 0.2155578 0.4451725 0.0269863 0.0171022
2 0.4204081 0.4451725 0.0269863 0.0171022
27 0.4903271 0.4451725 0.0269863 0.0171022
9 0.5590194 0.4451725 0.0269863 0.0171022
21 0.6277117 0.4451725 0.0269862 0.0171022
14 0.2842501 0.5067403 0.0269863 0.0171022
31 0.4204081 0.5067403 0.0269863 0.0171022
12 0.4903271 0.5067403 0.0269863 0.0171022
34 0.2836368 0.5677381 0.0625591 0.0615679
8 0.2842501 0.5683082 0.0269863 0.0171022
23 0.4204081 0.5683082 0.0269863 0.0171022
5 0.2842501 0.6298761 0.0269863 0.0171022
1 0.3529424 0.6298761 0.0269863 0.0171022
10 0.4903271 0.6298761 0.0269863 0.0171022
22 0.5590194 0.6298761 0.0269863 0.0171022
30 0.6277117 0.6914440 0.0269862 0.0171022
11 0.2155578 0.7530118 0.0269863 0.0171022
25 0.4204081 0.7530118 0.0269863 0.0171022
20 0.4903271 0.7530118 0.0269863 0.0171022
18 0.4903271 0.6914440 0.0269863 0.0171022
15 0.6277117 0.6298761 0.0269862 0.0171022
15 0.2842501 0.4451725 0.0269863 0.0171022
29 0.4204081 0.6298761 0.0269863 0.0171022
30 0.2155578 0.6914440 0.0269863 0.0171022
18 0.4903271 0.5683082 0.0269863 0.0171022
9 0.5590194 0.6914440 0.0269863 0.0171022
10 0.5590194 0.7530118 0.0269863 0.0171022
4 0.2842501 0.7530118 0.0269863 0.0171022
15 0.5590194 0.5067403 0.0269863 0.0171022
11 0.3529424 0.5067403 0.0269863 0.0171022
5 0.3529424 0.6914440 0.0269863 0.0171022
13 0.5590194 0.5683082 0.0269863 0.0171022
22 0.2155578 0.6298761 0.0269863 0.0171022
12 0.3529424 0.4451725 0.0269863 0.0171022
17 0.6277117 0.5683082 0.0269862 0.0171022
22 0.3529424 0.5683082 0.0269863 0.0171022
3 0.4204081 0.6914440 0.0269863 0.0171022
13 0.2842501 0.6914440 0.0269863 0.0171022
28 0.2155578 0.5067403 0.0269863 0.0171022
4 0.3529424 0.7530118 0.0269863 0.0171022
30 0.2155578 0.5683082 0.0269863 0.0171022
