28 0.5843612 0.5473864 0.0277192 0.0165361
31 0.3714273 0.3092661 0.0277192 0.0165361
32 0.3745772 0.3737570 0.5102855 0.4233249
22 0.1610133 0.2497361 0.0277192 0.0165361
15 0.2315713 0.2497361 0.0277192 0.0165361
5 0.5138033 0.2497361 0.0277192 0.0165361
27 0.5843612 0.2497361 0.0277192 0.0165361
19 0.2315713 0.3092661 0.0277192 0.0165361
16 0.4432452 0.3092661 0.0277192 0.0165361
29 0.5843612 0.3092661 0.0277192 0.0165361
13 0.3021292 0.3687962 0.0277192 0.0165362
34 0.3714273 0.3682450 0.0655182 0.0595300
7 0.3714273 0.3687962 0.0277192 0.0165362
18 0.4432452 0.3687962 0.0277192 0.0165362
23 0.1610133 0.4283262 0.0277192 0.0165361
30 0.3714273 0.4283262 0.0277192 0.0165361
14 0.5138033 0.4283262 0.0277192 0.0165361
7 0.3021292 0.4878563 0.0277192 0.0165362
17 0.3714273 0.4878563 0.0277192 0.0165362
2 0.5843612 0.4878563 0.0277192 0.0165362
21 0.4432452 0.5473864 0.0277192 0.0165361
26 0.5138033 0.5473864 0.0277192 0.0165361
25 0.1610133 0.3687962 0.0277192 0.0165362
31 0.3021292 0.3092661 0.0277192 0.0165361
21 0.2315713 0.5473864 0.0277192 0.0165361
22 0.5138033 0.3687962 0.0277192 0.0165362
10 0.5843612 0.3687962 0.0277192 0.0165362
8 0.5843612 0.4283262 0.0277192 0.0165361
14 0.1610133 0.5473864 0.0277192 0.0165361
30 0.4432452 0.4283262 0.0277192 0.0165361
8 0.3021292 0.4283262 0.0277192 0.0165361
10 0.3021292 0.2497361 0.0277192 0.0165361
14 0.4432452 0.2497361 0.0277192 0.0165361
27 0.2315713 0.4283262 0.0277192 0.0165361
21 0.5138033 0.4878563 0.0277192 0.0165362
31 0.3714273 0.5473864 0.0277192 0.0165361
11 0.5138033 0.3092661 0.0277192 0.0165361
9 0.2315713 0.3687962 0.0277192 0.0165362
12 0.4432452 0.4878563 0.0277192 0.0165362
14 0.1610133 0.4878563 0.0277192 0.0165362
26 0.3714273 0.2497361 0.0277192 0.0165361
19 0.1610133 0.3092661 0.0277192 0.0165361
6 0.3021292 0.5473864 0.0277192 0.0165361
22 0.2315713 0.4878563 0.0277192 0.0165362
