12 0.6064626 0.7403882 0.0287541 0.0169143
12 0.3855789 0.8012797 0.0287541 0.0169143
32 0.3888465 0.6236793 0.5293365 0.4330065
16 0.3855789 0.4968220 0.0287541 0.0169143
29 0.2405016 0.5577135 0.0287541 0.0169143
31 0.5332703 0.5577135 0.0287541 0.0169143
21 0.6064626 0.5577135 0.0287541 0.0169143
14 0.1673094 0.6186051 0.0287541 0.0169142
12 0.2405016 0.6186051 0.0287541 0.0169142
7 0.3136938 0.6186051 0.0287541 0.0169142
11 0.3855789 0.6186051 0.0287541 0.0169142
23 0.2405016 0.6794967 0.0287541 0.0169143
27 0.3136938 0.6794967 0.0287541 0.0169143
34 0.3855789 0.6789328 0.0679642 0.0608915
5 0.3855789 0.6794967 0.0287541 0.0169143
10 0.4600781 0.6794967 0.0287541 0.0169143
26 0.6064626 0.6794967 0.0287541 0.0169143
18 0.2405016 0.7403882 0.0287541 0.0169143
19 0.3855789 0.7403882 0.0287541 0.0169143
30 0.5332703 0.7403882 0.0287541 0.0169143
17 0.1673094 0.8012797 0.0287541 0.0169143
25 0.6064626 0.8012797 0.0287541 0.0169143
7 0.5332703 0.6794967 0.0287541 0.0169143
27 0.3855789 0.5577135 0.0287541 0.0169143
29 0.4600781 0.7403882 0.0287541 0.0169143
19 0.1673094 0.4968220 0.0287541 0.0169143
7 0.3136938 0.7403882 0.0287541 0.0169143
11 0.5332703 0.4968220 0.0287541 0.0169143
3 0.5332703 0.6186051 0.0287541 0.0169142
2 0.1673094 0.6794967 0.0287541 0.0169143
19 0.6064626 0.4968220 0.0287541 0.0169143
8 0.3136938 0.4968220 0.0287541 0.0169143
30 0.2405016 0.4968220 0.0287541 0.0169143
10 0.1673094 0.5577135 0.0287541 0.0169143
2 0.3136938 0.8012797 0.0287541 0.0169143
10 0.4600781 0.5577135 0.0287541 0.0169143
16 0.4600781 0.6186051 0.0287541 0.0169142
25 0.5332703 0.8012797 0.0287541 0.0169143
25 0.6064626 0.6186051 0.0287541 0.0169142
19 0.1673094 0.7403882 0.0287541 0.0169143
2 0.4600781 0.8012797 0.0287541 0.0169143
10 0.3136938 0.5577135 0.0287541 0.0169143
24 0.2405016 0.8012797 0.0287541 0.0169143
7 0.4600781 0.4968220 0.0287541 0.0169143
