21 0.1280328 0.3411801 0.0274516 0.0174455
18 0.4075401 0.4667876 0.0274516 0.0174455
32 0.2696582 0.4092175 0.5053593 0.4466041
33 0.1274089 0.2777950 0.0636378 0.0628037
11 0.1280328 0.2783765 0.0274516 0.0174455
17 0.1979096 0.2783765 0.0274516 0.0174455
4 0.0581560 0.3411801 0.0274516 0.0174455
3 0.4075401 0.3411801 0.0274516 0.0174455
14 0.4774170 0.3411801 0.0274516 0.0174455
2 0.3376633 0.4039839 0.0274516 0.0174455
31 0.4075401 0.4039839 0.0274516 0.0174455
26 0.1979096 0.4667876 0.0274516 0.0174455
12 0.3376633 0.4667876 0.0274516 0.0174455
16 0.4774170 0.4667876 0.0274516 0.0174455
15 0.0581560 0.5295913 0.0274516 0.0174455
27 0.1280328 0.5295913 0.0274516 0.0174455
10 0.3376633 0.5295913 0.0274516 0.0174455
22 0.4774170 0.5295913 0.0274516 0.0174455
7 0.0581560 0.5923950 0.0274516 0.0174454
24 0.1280328 0.5923950 0.0274516 0.0174454
30 0.3376633 0.5923950 0.0274516 0.0174454
11 0.4774170 0.5923950 0.0274516 0.0174454
17 0.0581560 0.4667876 0.0274516 0.0174455
10 0.1979096 0.5923950 0.0274516 0.0174454
1 0.0581560 0.2783765 0.0274516 0.0174455
16 0.2665387 0.2783765 0.0274516 0.0174455
10 0.0581560 0.4039839 0.0274516 0.0174455
6 0.2665387 0.5295913 0.0274516 0.0174455
29 0.2665387 0.5923950 0.0274516 0.0174454
20 0.3376633 0.3411801 0.0274516 0.0174455
14 0.1280328 0.4039839 0.0274516 0.0174455
16 0.4075401 0.2783765 0.0274516 0.0174455
6 0.1979096 0.5295913 0.0274516 0.0174455
1 0.1979096 0.3411801 0.0274516 0.0174455
8 0.1280328 0.4667876 0.0274516 0.0174455
26 0.4774170 0.4039839 0.0274516 0.0174455
12 0.4075401 0.5923950 0.0274516 0.0174454
25 0.1979096 0.4039839 0.0274516 0.0174455
16 0.4075401 0.5295913 0.0274516 0.0174455
17 0.2665387 0.4667876 0.0274516 0.0174455
18 0.3376633 0.2783765 0.0274516 0.0174455
3 0.2665387 0.3411801 0.0274516 0.0174455
3 0.4774170 0.2783765 0.0274516 0.0174455
17 0.2665387 0.4039839 0.0274516 0.0174455
