7 0.5060912 0.3377996 0.0279440 0.0164495
1 0.5060912 0.6338907 0.0279440 0.0164495
32 0.2946062 0.4611709 0.5144230 0.4211073
7 0.0793106 0.3377996 0.0279440 0.0164495
18 0.2215708 0.3377996 0.0279440 0.0164495
2 0.2914307 0.3377996 0.0279440 0.0164495
10 0.3638310 0.3377996 0.0279440 0.0164495
24 0.2215708 0.3970178 0.0279440 0.0164495
30 0.0793106 0.4562360 0.0279440 0.0164495
19 0.1504407 0.4562360 0.0279440 0.0164495
5 0.2215708 0.4562360 0.0279440 0.0164495
6 0.2914307 0.4562360 0.0279440 0.0164495
11 0.3638310 0.4562360 0.0279440 0.0164495
27 0.5060912 0.4562360 0.0279440 0.0164495
1 0.0793106 0.5154542 0.0279440 0.0164495
29 0.3638310 0.5154542 0.0279440 0.0164495
14 0.4349611 0.5154542 0.0279440 0.0164495
34 0.2914307 0.5741241 0.0660494 0.0592182
13 0.2914307 0.5746724 0.0279440 0.0164495
17 0.5060912 0.5746724 0.0279440 0.0164495
4 0.1504407 0.6338907 0.0279440 0.0164495
15 0.4349611 0.6338907 0.0279440 0.0164495
13 0.4349611 0.4562360 0.0279440 0.0164495
3 0.3638310 0.3970178 0.0279440 0.0164495
6 0.1504407 0.5154542 0.0279440 0.0164495
11 0.1504407 0.3970178 0.0279440 0.0164495
17 0.5060912 0.3970178 0.0279440 0.0164495
11 0.1504407 0.5746724 0.0279440 0.0164495
31 0.2914307 0.5154542 0.0279440 0.0164495
14 0.3638310 0.6338907 0.0279440 0.0164495
14 0.0793106 0.3970178 0.0279440 0.0164495
16 0.4349611 0.5746724 0.0279440 0.0164495
22 0.2215708 0.6338907 0.0279440 0.0164495
25 0.5060912 0.5154542 0.0279440 0.0164495
4 0.3638310 0.5746724 0.0279440 0.0164495
17 0.1504407 0.3377996 0.0279440 0.0164495
18 0.2215708 0.5746724 0.0279440 0.0164495
29 0.0793106 0.5746724 0.0279440 0.0164495
11 0.2215708 0.5154542 0.0279440 0.0164495
16 0.4349611 0.3377996 0.0279440 0.0164495
24 0.4349611 0.3970178 0.0279440 0.0164495
18 0.2914307 0.3970178 0.0279440 0.0164495
16 0.0793106 0.6338907 0.0279440 0.0164495
9 0.2914307 0.6338907 0.0279440 0.0164495
