25 0.3948402 0.2343751 0.0281607 0.0164256
27 0.2514766 0.2935075 0.0281607 0.0164256
32 0.3250784 0.3575675 0.5184129 0.4204968
19 0.1797948 0.2343751 0.0281607 0.0164256
2 0.2514766 0.2343751 0.0281607 0.0164256
7 0.3218784 0.2343751 0.0281607 0.0164256
23 0.3218784 0.2935075 0.0281607 0.0164256
11 0.3948402 0.2935075 0.0281607 0.0164256
29 0.5382037 0.2935075 0.0281607 0.0164256
4 0.2514766 0.3526398 0.0281607 0.0164256
14 0.3218784 0.3526398 0.0281607 0.0164256
26 0.3948402 0.3526398 0.0281607 0.0164256
16 0.5382037 0.3526398 0.0281607 0.0164256
17 0.1797948 0.4117722 0.0281607 0.0164257
5 0.3218784 0.4709046 0.0281607 0.0164256
27 0.4665219 0.4709046 0.0281607 0.0164256
1 0.5382037 0.4709046 0.0281607 0.0164256
3 0.1081130 0.5300370 0.0281607 0.0164256
10 0.2514766 0.5300370 0.0281607 0.0164256
24 0.3218784 0.5300370 0.0281607 0.0164256
34 0.4658820 0.5294894 0.0652816 0.0591324
28 0.4665219 0.5300370 0.0281607 0.0164256
9 0.1081130 0.2343751 0.0281607 0.0164256
21 0.1797948 0.2935075 0.0281607 0.0164256
22 0.1797948 0.3526398 0.0281607 0.0164256
12 0.1797948 0.4709046 0.0281607 0.0164256
1 0.2514766 0.4709046 0.0281607 0.0164256
28 0.3948402 0.4117722 0.0281607 0.0164257
9 0.4665219 0.3526398 0.0281607 0.0164256
2 0.4665219 0.4117722 0.0281607 0.0164257
6 0.3218784 0.4117722 0.0281607 0.0164257
8 0.1081130 0.3526398 0.0281607 0.0164256
10 0.1081130 0.2935075 0.0281607 0.0164256
10 0.5382037 0.5300370 0.0281607 0.0164256
28 0.1797948 0.5300370 0.0281607 0.0164256
1 0.4665219 0.2343751 0.0281607 0.0164256
12 0.5382037 0.2343751 0.0281607 0.0164256
13 0.4665219 0.2935075 0.0281607 0.0164256
4 0.1081130 0.4709046 0.0281607 0.0164256
16 0.5382037 0.4117722 0.0281607 0.0164257
13 0.3948402 0.4709046 0.0281607 0.0164256
12 0.1081130 0.4117722 0.0281607 0.0164257
8 0.2514766 0.4117722 0.0281607 0.0164257
14 0.3948402 0.5300370 0.0281607 0.0164256
