12 0.5345837 0.4673514 0.0275581 0.0165641
29 0.6748793 0.5269823 0.0275581 0.0165641
32 0.4663149 0.5319515 0.5073188 0.4240416
25 0.2539926 0.4077206 0.0275581 0.0165641
18 0.3942881 0.4077206 0.0275581 0.0165641
17 0.5345837 0.4077206 0.0275581 0.0165641
24 0.3241404 0.4673514 0.0275581 0.0165641
26 0.4631833 0.4673514 0.0275581 0.0165641
34 0.6041052 0.4667993 0.0638846 0.0596308
17 0.6047315 0.4673514 0.0275581 0.0165641
15 0.6748793 0.4673514 0.0275581 0.0165641
27 0.2539926 0.5269823 0.0275581 0.0165641
2 0.3241404 0.5269823 0.0275581 0.0165641
9 0.6047315 0.5269823 0.0275581 0.0165641
12 0.2539926 0.5866132 0.0275581 0.0165641
11 0.6748793 0.5866132 0.0275581 0.0165641
7 0.3942881 0.6462440 0.0275581 0.0165641
6 0.4631833 0.6462440 0.0275581 0.0165641
1 0.6047315 0.6462440 0.0275581 0.0165641
21 0.6748793 0.6462440 0.0275581 0.0165641
29 0.3241404 0.7058748 0.0275581 0.0165641
14 0.5345837 0.7058748 0.0275581 0.0165641
21 0.3241404 0.6462440 0.0275581 0.0165641
14 0.6748793 0.4077206 0.0275581 0.0165641
1 0.2539926 0.7058748 0.0275581 0.0165641
6 0.2539926 0.4673514 0.0275581 0.0165641
7 0.4631833 0.5269823 0.0275581 0.0165641
9 0.3241404 0.4077206 0.0275581 0.0165641
7 0.4631833 0.7058748 0.0275581 0.0165641
14 0.4631833 0.4077206 0.0275581 0.0165641
1 0.6748793 0.7058748 0.0275581 0.0165641
10 0.3942881 0.4673514 0.0275581 0.0165641
20 0.2539926 0.6462440 0.0275581 0.0165641
24 0.5345837 0.5269823 0.0275581 0.0165641
27 0.6047315 0.5866132 0.0275581 0.0165641
2 0.6047315 0.4077206 0.0275581 0.0165641
20 0.3942881 0.7058748 0.0275581 0.0165641
13 0.5345837 0.5866132 0.0275581 0.0165641
12 0.5345837 0.6462440 0.0275581 0.0165641
21 0.6047315 0.7058748 0.0275581 0.0165641
22 0.4631833 0.5866132 0.0275581 0.0165641
16 0.3942881 0.5866132 0.0275581 0.0165641
21 0.3241404 0.5866132 0.0275581 0.0165641
7 0.3942881 0.5269823 0.0275581 0.0165641
