21 0.6700798 0.2620668 0.0263779 0.0158465
31 0.6029358 0.5473044 0.0263779 0.0158465
32 0.5375903 0.3809158 0.4855951 0.4056713
22 0.3343597 0.2620668 0.0263780 0.0158465
13 0.4686478 0.2620668 0.0263780 0.0158465
3 0.5345927 0.2620668 0.0263780 0.0158465
29 0.5345927 0.3191143 0.0263780 0.0158465
33 0.6023362 0.3185861 0.0635470 0.0570475
14 0.6029358 0.3191143 0.0263779 0.0158465
6 0.5345927 0.3761618 0.0263780 0.0158465
24 0.6029358 0.3761618 0.0263779 0.0158465
9 0.4015038 0.4332094 0.0263780 0.0158465
5 0.4686478 0.4332094 0.0263780 0.0158465
2 0.5345927 0.4332094 0.0263780 0.0158465
1 0.7372237 0.4332094 0.0263780 0.0158465
4 0.4015038 0.4902569 0.0263780 0.0158465
18 0.6700798 0.4902569 0.0263779 0.0158465
26 0.3343597 0.5473044 0.0263780 0.0158465
25 0.4015038 0.5473044 0.0263780 0.0158465
7 0.4686478 0.5473044 0.0263780 0.0158465
14 0.5345927 0.5473044 0.0263780 0.0158465
20 0.7372237 0.5473044 0.0263780 0.0158465
7 0.4686478 0.4902569 0.0263780 0.0158465
11 0.6700798 0.3191143 0.0263779 0.0158465
6 0.3343597 0.3191143 0.0263780 0.0158465
22 0.3343597 0.4902569 0.0263780 0.0158465
25 0.4686478 0.3191143 0.0263780 0.0158465
29 0.3343597 0.3761618 0.0263780 0.0158465
20 0.4015038 0.3191143 0.0263780 0.0158465
4 0.7372237 0.3191143 0.0263780 0.0158465
10 0.6700798 0.5473044 0.0263779 0.0158465
8 0.6029358 0.4902569 0.0263779 0.0158465
31 0.7372237 0.4902569 0.0263780 0.0158465
6 0.4686478 0.3761618 0.0263780 0.0158465
6 0.4015038 0.2620668 0.0263780 0.0158465
6 0.4015038 0.3761618 0.0263780 0.0158465
1 0.7372237 0.3761618 0.0263780 0.0158465
8 0.7372237 0.2620668 0.0263780 0.0158465
9 0.6700798 0.3761618 0.0263779 0.0158465
22 0.6029358 0.2620668 0.0263779 0.0158465
1 0.5345927 0.4902569 0.0263780 0.0158465
19 0.6700798 0.4332094 0.0263779 0.0158465
8 0.6029358 0.4332094 0.0263779 0.0158465
22 0.3343597 0.4332094 0.0263780 0.0158465
