9 0.3695342 0.4079284 0.0275959 0.0161306
17 0.2992902 0.3498583 0.0275959 0.0161306
32 0.4416598 0.4127676 0.5080149 0.4129426
29 0.3695342 0.2917883 0.0275959 0.0161306
11 0.5100223 0.2917883 0.0275959 0.0161306
2 0.6505104 0.2917883 0.0275959 0.0161306
8 0.5100223 0.3498583 0.0275959 0.0161306
7 0.5802663 0.3498583 0.0275959 0.0161306
34 0.2290462 0.4073907 0.0652266 0.0580701
25 0.2290462 0.4079284 0.0275959 0.0161306
30 0.4385239 0.4079284 0.0275959 0.0161306
6 0.5100223 0.4079284 0.0275959 0.0161306
1 0.5802663 0.4079284 0.0275959 0.0161306
10 0.2992902 0.4659984 0.0275959 0.0161306
26 0.5100223 0.4659984 0.0275959 0.0161306
14 0.2992902 0.5240685 0.0275959 0.0161306
18 0.5100223 0.5240685 0.0275959 0.0161306
12 0.2992902 0.5821385 0.0275959 0.0161306
5 0.4385239 0.5821385 0.0275959 0.0161306
15 0.5100223 0.5821385 0.0275959 0.0161306
22 0.6505104 0.5821385 0.0275959 0.0161306
6 0.2290462 0.4659984 0.0275959 0.0161306
31 0.4385239 0.4659984 0.0275959 0.0161306
2 0.6505104 0.4079284 0.0275959 0.0161306
28 0.4385239 0.2917883 0.0275959 0.0161306
5 0.3695342 0.5821385 0.0275959 0.0161306
3 0.3695342 0.3498583 0.0275959 0.0161306
26 0.5802663 0.4659984 0.0275959 0.0161306
14 0.4385239 0.5240685 0.0275959 0.0161306
5 0.5802663 0.5821385 0.0275959 0.0161306
24 0.2290462 0.5821385 0.0275959 0.0161306
3 0.3695342 0.5240685 0.0275959 0.0161306
6 0.6505104 0.4659984 0.0275959 0.0161306
7 0.3695342 0.4659984 0.0275959 0.0161306
19 0.2290462 0.3498583 0.0275959 0.0161306
5 0.2992902 0.4079284 0.0275959 0.0161306
11 0.5802663 0.2917883 0.0275959 0.0161306
12 0.2290462 0.5240685 0.0275959 0.0161306
29 0.4385239 0.3498583 0.0275959 0.0161306
9 0.2290462 0.2917883 0.0275959 0.0161306
19 0.6505104 0.3498583 0.0275959 0.0161306
10 0.2992902 0.2917883 0.0275959 0.0161306
13 0.6505104 0.5240685 0.0275959 0.0161306
31 0.5802663 0.5240685 0.0275959 0.0161306
