16 0.7940405 0.7371708 0.0269847 0.0162193
2 0.4505989 0.6787813 0.0269847 0.0162192
32 0.5898154 0.5668681 0.4967638 0.4152142
13 0.3819106 0.4452233 0.0269847 0.0162193
34 0.5867490 0.4446827 0.0637820 0.0583895
30 0.5867490 0.4452233 0.0269847 0.0162193
3 0.3819106 0.5036128 0.0269847 0.0162193
18 0.7253522 0.5036128 0.0269847 0.0162193
15 0.7940405 0.5036128 0.0269847 0.0162193
14 0.3819106 0.5620023 0.0269847 0.0162192
24 0.4505989 0.5620023 0.0269847 0.0162192
12 0.5192873 0.5620023 0.0269847 0.0162192
31 0.5867490 0.5620023 0.0269847 0.0162192
19 0.7253522 0.6203918 0.0269847 0.0162192
9 0.7940405 0.6203918 0.0269847 0.0162192
11 0.5192873 0.6787813 0.0269847 0.0162192
23 0.7253522 0.6787813 0.0269847 0.0162192
29 0.3819106 0.7371708 0.0269847 0.0162193
10 0.5192873 0.7371708 0.0269847 0.0162193
16 0.5867490 0.7371708 0.0269847 0.0162193
26 0.6566639 0.7371708 0.0269847 0.0162193
18 0.5192873 0.4452233 0.0269847 0.0162193
9 0.7940405 0.4452233 0.0269847 0.0162193
17 0.6566639 0.5620023 0.0269847 0.0162192
11 0.3819106 0.6787813 0.0269847 0.0162192
8 0.7253522 0.7371708 0.0269847 0.0162193
24 0.4505989 0.5036128 0.0269847 0.0162193
13 0.5867490 0.6787813 0.0269847 0.0162192
18 0.5192873 0.6203918 0.0269847 0.0162192
9 0.6566639 0.6203918 0.0269847 0.0162192
21 0.6566639 0.4452233 0.0269847 0.0162193
22 0.7253522 0.4452233 0.0269847 0.0162193
3 0.6566639 0.6787813 0.0269847 0.0162192
1 0.4505989 0.4452233 0.0269847 0.0162193
7 0.7940405 0.5620023 0.0269847 0.0162192
16 0.3819106 0.6203918 0.0269847 0.0162192
30 0.4505989 0.6203918 0.0269847 0.0162192
22 0.5192873 0.5036128 0.0269847 0.0162193
15 0.6566639 0.5036128 0.0269847 0.0162193
5 0.7253522 0.5620023 0.0269847 0.0162192
19 0.5867490 0.5036128 0.0269847 0.0162193
20 0.4505989 0.7371708 0.0269847 0.0162193
2 0.5867490 0.6203918 0.0269847 0.0162192
13 0.7940405 0.6787813 0.0269847 0.0162192
