16 0.3994572 0.4816888 0.0286569 0.0168445
18 0.1819250 0.5423290 0.0286569 0.0168445
32 0.4027136 0.5473823 0.5275482 0.4312188
2 0.2548699 0.4210487 0.0286570 0.0168445
18 0.3278149 0.4210487 0.0286570 0.0168445
12 0.4737047 0.4210487 0.0286570 0.0168445
5 0.5466496 0.4210487 0.0286570 0.0168445
19 0.6195946 0.4210487 0.0286569 0.0168445
16 0.2548699 0.4816888 0.0286570 0.0168445
20 0.4737047 0.4816888 0.0286570 0.0168445
22 0.2548699 0.5423290 0.0286570 0.0168445
7 0.3278149 0.5423290 0.0286570 0.0168445
4 0.4737047 0.5423290 0.0286570 0.0168445
17 0.4737047 0.6029691 0.0286570 0.0168445
9 0.5466496 0.6029691 0.0286570 0.0168445
8 0.6195946 0.6029691 0.0286569 0.0168445
33 0.1819250 0.6630478 0.0677346 0.0606402
21 0.1819250 0.6636092 0.0286569 0.0168445
27 0.4737047 0.6636092 0.0286570 0.0168445
24 0.1819250 0.7242494 0.0286569 0.0168445
31 0.3278149 0.7242494 0.0286570 0.0168445
1 0.3994572 0.5423290 0.0286569 0.0168445
7 0.5466496 0.6636092 0.0286570 0.0168445
26 0.3994572 0.6029691 0.0286569 0.0168445
6 0.1819250 0.4210487 0.0286569 0.0168445
5 0.3278149 0.4816888 0.0286570 0.0168445
12 0.5466496 0.5423290 0.0286570 0.0168445
27 0.3994572 0.4210487 0.0286569 0.0168445
2 0.6195946 0.5423290 0.0286569 0.0168445
6 0.2548699 0.6029691 0.0286570 0.0168445
21 0.3278149 0.6636092 0.0286570 0.0168445
20 0.6195946 0.4816888 0.0286569 0.0168445
7 0.5466496 0.7242494 0.0286570 0.0168445
6 0.1819250 0.4816888 0.0286569 0.0168445
8 0.1819250 0.6029691 0.0286569 0.0168445
13 0.2548699 0.7242494 0.0286570 0.0168445
19 0.6195946 0.6636092 0.0286569 0.0168445
13 0.2548699 0.6636092 0.0286570 0.0168445
2 0.3994572 0.6636092 0.0286569 0.0168445
2 0.3994572 0.7242494 0.0286569 0.0168445
22 0.3278149 0.6029691 0.0286570 0.0168445
12 0.4737047 0.7242494 0.0286570 0.0168445
20 0.6195946 0.7242494 0.0286569 0.0168445
10 0.5466496 0.4816888 0.0286570 0.0168445
