26 0.0720642 0.3568514 0.0277890 0.0165797
4 0.3550069 0.4762252 0.0277890 0.0165797
32 0.2861659 0.4215122 0.5115706 0.4244401
2 0.1427999 0.2971645 0.0277890 0.0165797
24 0.3550069 0.2971645 0.0277890 0.0165797
9 0.4964783 0.2971645 0.0277890 0.0165797
8 0.2135355 0.3568514 0.0277890 0.0165797
26 0.4257426 0.3568514 0.0277890 0.0165797
6 0.1427999 0.4165383 0.0277890 0.0165797
16 0.3550069 0.4165383 0.0277890 0.0165797
5 0.4257426 0.4165383 0.0277890 0.0165797
3 0.4964783 0.4165383 0.0277890 0.0165797
33 0.0720642 0.4756725 0.0656831 0.0596869
11 0.0720642 0.4762252 0.0277890 0.0165797
17 0.2135355 0.4762252 0.0277890 0.0165797
21 0.4964783 0.4762252 0.0277890 0.0165797
15 0.0720642 0.5359121 0.0277890 0.0165797
4 0.1427999 0.5359121 0.0277890 0.0165797
1 0.0720642 0.5955990 0.0277890 0.0165797
13 0.2135355 0.5955990 0.0277890 0.0165797
7 0.4257426 0.5955990 0.0277890 0.0165797
8 0.2830081 0.4762252 0.0277890 0.0165797
29 0.2830081 0.2971645 0.0277890 0.0165797
8 0.0720642 0.4165383 0.0277890 0.0165797
17 0.2135355 0.2971645 0.0277890 0.0165797
26 0.2830081 0.3568514 0.0277890 0.0165797
31 0.4257426 0.4762252 0.0277890 0.0165797
3 0.0720642 0.2971645 0.0277890 0.0165797
26 0.2830081 0.4165383 0.0277890 0.0165797
25 0.2135355 0.5359121 0.0277890 0.0165797
14 0.1427999 0.3568514 0.0277890 0.0165797
20 0.4257426 0.5359121 0.0277890 0.0165797
17 0.4964783 0.5359121 0.0277890 0.0165797
20 0.2830081 0.5359121 0.0277890 0.0165797
27 0.4257426 0.2971645 0.0277890 0.0165797
1 0.4964783 0.3568514 0.0277890 0.0165797
19 0.1427999 0.5955990 0.0277890 0.0165797
13 0.3550069 0.5359121 0.0277890 0.0165797
25 0.2135355 0.4165383 0.0277890 0.0165797
24 0.4964783 0.5955990 0.0277890 0.0165797
15 0.3550069 0.5955990 0.0277890 0.0165797
29 0.3550069 0.3568514 0.0277890 0.0165797
12 0.2830081 0.5955990 0.0277890 0.0165797
24 0.1427999 0.4762252 0.0277890 0.0165797
