21 0.4607571 0.2868631 0.0280766 0.0174040
21 0.7466276 0.4748268 0.0280766 0.0174040
32 0.6056067 0.3547388 0.5168641 0.4455435
25 0.3892895 0.2242085 0.0280766 0.0174040
29 0.4607571 0.2242085 0.0280766 0.0174040
6 0.6024161 0.2242085 0.0280766 0.0174040
17 0.6751599 0.2242085 0.0280766 0.0174040
27 0.8180952 0.2242085 0.0280766 0.0174040
30 0.6024161 0.2868631 0.0280766 0.0174040
22 0.6751599 0.2868631 0.0280766 0.0174040
9 0.7466276 0.2868631 0.0280766 0.0174040
19 0.8180952 0.2868631 0.0280766 0.0174040
2 0.3892895 0.3495177 0.0280766 0.0174040
33 0.5322247 0.4115920 0.0663628 0.0626546
31 0.5322247 0.4121722 0.0280766 0.0174040
23 0.6751599 0.4121722 0.0280766 0.0174040
11 0.7466276 0.4121722 0.0280766 0.0174040
31 0.8180952 0.4121722 0.0280766 0.0174040
5 0.4607571 0.5374813 0.0280766 0.0174040
4 0.5322247 0.5374813 0.0280766 0.0174040
18 0.6024161 0.5374813 0.0280766 0.0174040
11 0.8180952 0.5374813 0.0280766 0.0174040
19 0.6751599 0.4748268 0.0280766 0.0174040
1 0.6751599 0.5374813 0.0280766 0.0174040
6 0.6751599 0.3495177 0.0280766 0.0174040
2 0.7466276 0.3495177 0.0280766 0.0174040
12 0.3892895 0.4121722 0.0280766 0.0174040
7 0.6024161 0.4748268 0.0280766 0.0174040
27 0.4607571 0.3495177 0.0280766 0.0174040
16 0.6024161 0.4121722 0.0280766 0.0174040
4 0.7466276 0.5374813 0.0280766 0.0174040
25 0.5322247 0.3495177 0.0280766 0.0174040
20 0.4607571 0.4748268 0.0280766 0.0174040
13 0.4607571 0.4121722 0.0280766 0.0174040
15 0.5322247 0.2868631 0.0280766 0.0174040
16 0.6024161 0.3495177 0.0280766 0.0174040
6 0.3892895 0.4748268 0.0280766 0.0174040
19 0.7466276 0.2242085 0.0280766 0.0174040
15 0.8180952 0.4748268 0.0280766 0.0174040
19 0.5322247 0.4748268 0.0280766 0.0174040
30 0.3892895 0.5374813 0.0280766 0.0174040
31 0.5322247 0.2242085 0.0280766 0.0174040
12 0.3892895 0.2868631 0.0280766 0.0174040
13 0.8180952 0.3495177 0.0280766 0.0174040
