16 0.6244740 0.6291246 0.0277985 0.0168429
27 0.4829546 0.5684903 0.0277985 0.0168429
32 0.5556097 0.6341774 0.5117443 0.4311773
20 0.3414352 0.5078560 0.0277985 0.0168429
15 0.6244740 0.5078560 0.0277985 0.0168429
16 0.4121949 0.5684903 0.0277985 0.0168429
3 0.6244740 0.5684903 0.0277985 0.0168429
18 0.3414352 0.6291246 0.0277985 0.0168429
9 0.4121949 0.6291246 0.0277985 0.0168429
12 0.4829546 0.6291246 0.0277985 0.0168429
26 0.6952338 0.6291246 0.0277985 0.0168429
25 0.3414352 0.6897589 0.0277985 0.0168429
24 0.4121949 0.6897589 0.0277985 0.0168429
11 0.7659935 0.6897589 0.0277985 0.0168429
17 0.5524508 0.7503932 0.0277985 0.0168429
33 0.6238423 0.7498318 0.0669691 0.0606343
1 0.6244740 0.7503932 0.0277985 0.0168429
10 0.7659935 0.7503932 0.0277985 0.0168429
29 0.4121949 0.8110276 0.0277985 0.0168429
13 0.6952338 0.8110276 0.0277985 0.0168429
14 0.7659935 0.8110276 0.0277985 0.0168429
31 0.5524508 0.6897589 0.0277985 0.0168429
12 0.7659935 0.6291246 0.0277985 0.0168429
15 0.5524508 0.8110276 0.0277985 0.0168429
16 0.6244740 0.8110276 0.0277985 0.0168429
22 0.3414352 0.8110276 0.0277985 0.0168429
20 0.7659935 0.5684903 0.0277985 0.0168429
19 0.4121949 0.7503932 0.0277985 0.0168429
9 0.6952338 0.6897589 0.0277985 0.0168429
19 0.4829546 0.6897589 0.0277985 0.0168429
5 0.4121949 0.5078560 0.0277985 0.0168429
20 0.6952338 0.5078560 0.0277985 0.0168429
12 0.3414352 0.5684903 0.0277985 0.0168429
18 0.4829546 0.7503932 0.0277985 0.0168429
10 0.7659935 0.5078560 0.0277985 0.0168429
1 0.6952338 0.7503932 0.0277985 0.0168429
6 0.6952338 0.5684903 0.0277985 0.0168429
8 0.6244740 0.6897589 0.0277985 0.0168429
17 0.3414352 0.7503932 0.0277985 0.0168429
17 0.5524508 0.5078560 0.0277985 0.0168429
10 0.5524508 0.5684903 0.0277985 0.0168429
13 0.4829546 0.8110276 0.0277985 0.0168429
24 0.4829546 0.5078560 0.0277985 0.0168429
21 0.5524508 0.6291246 0.0277985 0.0168429
