30 0.3676906 0.2731788 0.0277081 0.0165709
6 0.4382202 0.5714557 0.0277081 0.0165709
32 0.5106389 0.3974608 0.5100799 0.4242160
25 0.5074903 0.2731788 0.0277080 0.0165709
16 0.6498089 0.2731788 0.0277080 0.0165709
13 0.7203384 0.2731788 0.0277081 0.0165709
5 0.3676906 0.3328342 0.0277081 0.0165710
4 0.5792793 0.3328342 0.0277081 0.0165710
18 0.3676906 0.3924895 0.0277081 0.0165710
27 0.4382202 0.3924895 0.0277081 0.0165710
29 0.5074903 0.3924895 0.0277080 0.0165710
26 0.7203384 0.3924895 0.0277081 0.0165710
20 0.2971611 0.4521449 0.0277080 0.0165709
11 0.5792793 0.4521449 0.0277081 0.0165709
7 0.7203384 0.4521449 0.0277081 0.0165709
23 0.4382202 0.5118003 0.0277081 0.0165710
24 0.5792793 0.5118003 0.0277081 0.0165710
8 0.2971611 0.5714557 0.0277080 0.0165709
33 0.3670609 0.5709033 0.0642323 0.0596554
7 0.3676906 0.5714557 0.0277081 0.0165709
22 0.6498089 0.5714557 0.0277080 0.0165709
21 0.2971611 0.3924895 0.0277080 0.0165710
9 0.5792793 0.3924895 0.0277081 0.0165710
13 0.6498089 0.3328342 0.0277080 0.0165710
19 0.2971611 0.2731788 0.0277080 0.0165709
25 0.4382202 0.3328342 0.0277081 0.0165710
10 0.3676906 0.4521449 0.0277081 0.0165709
1 0.5074903 0.5714557 0.0277080 0.0165709
4 0.6498089 0.3924895 0.0277080 0.0165710
30 0.3676906 0.5118003 0.0277081 0.0165710
6 0.6498089 0.4521449 0.0277080 0.0165709
11 0.4382202 0.2731788 0.0277081 0.0165709
31 0.7203384 0.5118003 0.0277081 0.0165710
8 0.5074903 0.5118003 0.0277080 0.0165710
10 0.7203384 0.3328342 0.0277081 0.0165710
7 0.2971611 0.3328342 0.0277080 0.0165710
29 0.7203384 0.5714557 0.0277081 0.0165709
27 0.5074903 0.3328342 0.0277080 0.0165710
5 0.5792793 0.5714557 0.0277081 0.0165709
20 0.2971611 0.5118003 0.0277080 0.0165710
15 0.4382202 0.4521449 0.0277081 0.0165709
18 0.5074903 0.4521449 0.0277080 0.0165709
7 0.5792793 0.2731788 0.0277081 0.0165709
15 0.6498089 0.5118003 0.0277080 0.0165710
