14 0.7705897 0.3977214 0.0288216 0.0174139
16 0.4037697 0.3350314 0.0288216 0.0174139
32 0.5524628 0.4029455 0.5305789 0.4457954
9 0.4037697 0.2723414 0.0288216 0.0174139
24 0.5491876 0.2723414 0.0288216 0.0174139
22 0.6972257 0.2723414 0.0288216 0.0174139
16 0.7705897 0.2723414 0.0288216 0.0174139
18 0.4771337 0.3350314 0.0288216 0.0174139
31 0.6238617 0.3977214 0.0288216 0.0174139
30 0.6972257 0.3977214 0.0288216 0.0174139
8 0.3304057 0.4604114 0.0288216 0.0174139
14 0.4037697 0.4604114 0.0288216 0.0174139
3 0.5491876 0.4604114 0.0288216 0.0174139
6 0.7705897 0.4604114 0.0288216 0.0174139
34 0.6232067 0.5225209 0.0694338 0.0626900
20 0.6238617 0.5231013 0.0288216 0.0174139
19 0.6972257 0.5231013 0.0288216 0.0174139
27 0.7705897 0.5231013 0.0288216 0.0174139
29 0.3304057 0.5857913 0.0288216 0.0174139
20 0.4771337 0.5857913 0.0288216 0.0174139
10 0.7705897 0.5857913 0.0288216 0.0174139
1 0.3304057 0.3350314 0.0288216 0.0174139
31 0.4037697 0.5857913 0.0288216 0.0174139
8 0.6238617 0.4604114 0.0288216 0.0174139
11 0.6238617 0.3350314 0.0288216 0.0174139
7 0.5491876 0.5231013 0.0288216 0.0174139
11 0.4771337 0.4604114 0.0288216 0.0174139
29 0.6238617 0.2723414 0.0288216 0.0174139
5 0.4771337 0.3977214 0.0288216 0.0174139
8 0.3304057 0.3977214 0.0288216 0.0174139
3 0.5491876 0.3977214 0.0288216 0.0174139
10 0.5491876 0.5857913 0.0288216 0.0174139
31 0.5491876 0.3350314 0.0288216 0.0174139
3 0.6972257 0.4604114 0.0288216 0.0174139
1 0.4771337 0.5231013 0.0288216 0.0174139
17 0.6972257 0.5857913 0.0288216 0.0174139
8 0.4037697 0.3977214 0.0288216 0.0174139
18 0.6972257 0.3350314 0.0288216 0.0174139
26 0.4771337 0.2723414 0.0288216 0.0174139
26 0.3304057 0.2723414 0.0288216 0.0174139
5 0.3304057 0.5231013 0.0288216 0.0174139
8 0.4037697 0.5231013 0.0288216 0.0174139
10 0.7705897 0.3350314 0.0288216 0.0174139
21 0.6238617 0.5857913 0.0288216 0.0174139
