29 0.6083276 0.4605242 0.0274616 0.0171495
16 0.3998693 0.5840006 0.0274616 0.0171495
32 0.6114482 0.4039307 0.5055425 0.4390275
24 0.4697715 0.2753094 0.0274615 0.0171495
16 0.5396737 0.2753094 0.0274615 0.0171495
5 0.6083276 0.2753094 0.0274616 0.0171495
2 0.6794780 0.2753094 0.0274615 0.0171495
3 0.7493802 0.2753094 0.0274615 0.0171495
27 0.6794780 0.3370477 0.0274615 0.0171495
30 0.8192824 0.3987859 0.0274615 0.0171495
13 0.3998693 0.4605242 0.0274616 0.0171495
22 0.5396737 0.4605242 0.0274615 0.0171495
6 0.6794780 0.4605242 0.0274615 0.0171495
17 0.7493802 0.4605242 0.0274615 0.0171495
34 0.3998693 0.5216907 0.0649092 0.0617382
16 0.3998693 0.5222624 0.0274616 0.0171495
19 0.5396737 0.5222624 0.0274615 0.0171495
7 0.6083276 0.5222624 0.0274616 0.0171495
20 0.7493802 0.5222624 0.0274615 0.0171495
14 0.5396737 0.5840006 0.0274615 0.0171495
18 0.6794780 0.5840006 0.0274615 0.0171495
7 0.8192824 0.5222624 0.0274615 0.0171495
30 0.4697715 0.4605242 0.0274615 0.0171495
10 0.5396737 0.3370477 0.0274615 0.0171495
6 0.7493802 0.3987859 0.0274615 0.0171495
26 0.8192824 0.2753094 0.0274615 0.0171495
6 0.3998693 0.3987859 0.0274616 0.0171495
19 0.8192824 0.5840006 0.0274615 0.0171495
2 0.6794780 0.3987859 0.0274615 0.0171495
15 0.6083276 0.5840006 0.0274616 0.0171495
18 0.4697715 0.3370477 0.0274615 0.0171495
20 0.4697715 0.5840006 0.0274615 0.0171495
27 0.7493802 0.3370477 0.0274615 0.0171495
14 0.6794780 0.5222624 0.0274615 0.0171495
30 0.8192824 0.3370477 0.0274615 0.0171495
24 0.3998693 0.2753094 0.0274616 0.0171495
18 0.7493802 0.5840006 0.0274615 0.0171495
25 0.3998693 0.3370477 0.0274616 0.0171495
9 0.6083276 0.3370477 0.0274616 0.0171495
12 0.5396737 0.3987859 0.0274615 0.0171495
19 0.8192824 0.4605242 0.0274615 0.0171495
9 0.4697715 0.5222624 0.0274615 0.0171495
21 0.4697715 0.3987859 0.0274615 0.0171495
25 0.6083276 0.3987859 0.0274616 0.0171495
