6 0.4308433 0.3946472 0.0278294 0.0173119
11 0.5016817 0.5816151 0.0278294 0.0173119
32 0.6452560 0.3998408 0.5123134 0.4431832
1 0.5016817 0.2700019 0.0278294 0.0173118
23 0.5725201 0.2700019 0.0278294 0.0173118
30 0.7850353 0.2700019 0.0278294 0.0173118
18 0.8558737 0.2700019 0.0278293 0.0173118
25 0.4308433 0.3323246 0.0278294 0.0173118
20 0.5725201 0.3323246 0.0278294 0.0173118
12 0.6420935 0.3323246 0.0278294 0.0173118
27 0.8558737 0.3323246 0.0278293 0.0173118
33 0.5010492 0.3940702 0.0645135 0.0623226
1 0.5016817 0.3946472 0.0278294 0.0173119
15 0.6420935 0.3946472 0.0278294 0.0173119
29 0.7141969 0.3946472 0.0278294 0.0173119
6 0.5725201 0.4569698 0.0278294 0.0173118
31 0.8558737 0.4569698 0.0278293 0.0173118
2 0.6420935 0.5192925 0.0278294 0.0173118
16 0.4308433 0.5816151 0.0278294 0.0173119
19 0.5725201 0.5816151 0.0278294 0.0173119
24 0.7850353 0.5816151 0.0278294 0.0173119
30 0.7141969 0.5192925 0.0278294 0.0173118
31 0.7850353 0.3323246 0.0278294 0.0173118
24 0.7141969 0.5816151 0.0278294 0.0173119
6 0.4308433 0.5192925 0.0278294 0.0173118
3 0.6420935 0.5816151 0.0278294 0.0173119
13 0.7850353 0.5192925 0.0278294 0.0173118
15 0.4308433 0.2700019 0.0278294 0.0173118
26 0.6420935 0.2700019 0.0278294 0.0173118
15 0.5016817 0.4569698 0.0278294 0.0173118
7 0.7850353 0.4569698 0.0278294 0.0173118
19 0.5016817 0.3323246 0.0278294 0.0173118
10 0.8558737 0.5192925 0.0278293 0.0173118
13 0.4308433 0.4569698 0.0278294 0.0173118
22 0.5725201 0.3946472 0.0278294 0.0173119
7 0.8558737 0.5816151 0.0278293 0.0173119
10 0.6420935 0.4569698 0.0278294 0.0173118
11 0.7141969 0.4569698 0.0278294 0.0173118
2 0.7850353 0.3946472 0.0278294 0.0173119
15 0.7141969 0.2700019 0.0278294 0.0173118
12 0.5016817 0.5192925 0.0278294 0.0173118
13 0.7141969 0.3323246 0.0278294 0.0173118
1 0.8558737 0.3946472 0.0278293 0.0173119
30 0.5725201 0.5192925 0.0278294 0.0173118
