9 0.6834016 0.3390986 0.0265616 0.0160051
19 0.7510129 0.5695719 0.0265616 0.0160051
32 0.6176015 0.4591368 0.4889740 0.4097305
10 0.4129568 0.3390986 0.0265615 0.0160051
14 0.4805680 0.3390986 0.0265616 0.0160051
6 0.5481792 0.3967170 0.0265615 0.0160051
24 0.7510129 0.3967170 0.0265616 0.0160051
25 0.8186241 0.3967170 0.0265616 0.0160051
34 0.4799643 0.4538018 0.0615745 0.0576183
16 0.4805680 0.4543353 0.0265616 0.0160051
15 0.5481792 0.4543353 0.0265615 0.0160051
18 0.6145831 0.4543353 0.0265615 0.0160051
3 0.8186241 0.4543353 0.0265616 0.0160051
1 0.4805680 0.5119536 0.0265616 0.0160051
27 0.7510129 0.5119536 0.0265616 0.0160051
5 0.4805680 0.5695719 0.0265616 0.0160051
2 0.6834016 0.5695719 0.0265616 0.0160051
26 0.4129568 0.6271903 0.0265615 0.0160050
8 0.6145831 0.6271903 0.0265615 0.0160050
21 0.6834016 0.6271903 0.0265616 0.0160050
20 0.7510129 0.6271903 0.0265616 0.0160050
21 0.4805680 0.6271903 0.0265616 0.0160050
1 0.8186241 0.5695719 0.0265616 0.0160051
7 0.8186241 0.6271903 0.0265616 0.0160050
20 0.6834016 0.3967170 0.0265616 0.0160051
20 0.5481792 0.5695719 0.0265615 0.0160051
6 0.7510129 0.4543353 0.0265616 0.0160051
31 0.6145831 0.5695719 0.0265615 0.0160051
27 0.4805680 0.3967170 0.0265616 0.0160051
14 0.8186241 0.3390986 0.0265616 0.0160051
16 0.5481792 0.6271903 0.0265615 0.0160050
19 0.6834016 0.4543353 0.0265616 0.0160051
17 0.6834016 0.5119536 0.0265616 0.0160051
3 0.6145831 0.5119536 0.0265615 0.0160051
22 0.4129568 0.4543353 0.0265615 0.0160051
22 0.7510129 0.3390986 0.0265616 0.0160051
24 0.8186241 0.5119536 0.0265616 0.0160051
20 0.6145831 0.3967170 0.0265615 0.0160051
30 0.4129568 0.3967170 0.0265615 0.0160051
3 0.6145831 0.3390986 0.0265615 0.0160051
14 0.5481792 0.3390986 0.0265615 0.0160051
9 0.4129568 0.5119536 0.0265615 0.0160051
9 0.4129568 0.5695719 0.0265615 0.0160051
13 0.5481792 0.5119536 0.0265615 0.0160051
