15 0.3175051 0.5069619 0.0287289 0.0171058
21 0.3906330 0.6917046 0.0287289 0.0171058
32 0.5388478 0.6352555 0.5288720 0.4379087
14 0.3906330 0.5069619 0.0287289 0.0171058
18 0.7562729 0.5069619 0.0287289 0.0171058
5 0.3175051 0.5685429 0.0287289 0.0171058
4 0.4637610 0.5685429 0.0287289 0.0171058
26 0.5355832 0.5685429 0.0287289 0.0171058
11 0.6100170 0.5685429 0.0287289 0.0171058
22 0.7562729 0.5685429 0.0287289 0.0171058
24 0.5355832 0.6301238 0.0287289 0.0171058
25 0.6100170 0.6301238 0.0287289 0.0171058
21 0.7562729 0.6301238 0.0287289 0.0171058
33 0.3175051 0.6911345 0.0679045 0.0615809
10 0.3175051 0.6917046 0.0287289 0.0171058
7 0.5355832 0.6917046 0.0287289 0.0171058
9 0.3906330 0.7532856 0.0287289 0.0171058
15 0.5355832 0.7532856 0.0287289 0.0171058
1 0.6831450 0.7532856 0.0287289 0.0171058
17 0.3906330 0.8148665 0.0287289 0.0171058
2 0.7562729 0.8148665 0.0287289 0.0171058
26 0.3175051 0.7532856 0.0287289 0.0171058
16 0.6831450 0.5069619 0.0287289 0.0171058
29 0.7562729 0.7532856 0.0287289 0.0171058
20 0.3175051 0.8148665 0.0287289 0.0171058
9 0.6831450 0.5685429 0.0287289 0.0171058
28 0.5355832 0.5069619 0.0287289 0.0171058
18 0.6831450 0.6917046 0.0287289 0.0171058
4 0.4637610 0.7532856 0.0287289 0.0171058
10 0.4637610 0.6301238 0.0287289 0.0171058
17 0.6100170 0.7532856 0.0287289 0.0171058
5 0.6831450 0.8148665 0.0287289 0.0171058
17 0.3906330 0.6301238 0.0287289 0.0171058
12 0.3175051 0.6301238 0.0287289 0.0171058
10 0.6100170 0.8148665 0.0287289 0.0171058
20 0.3906330 0.5685429 0.0287289 0.0171058
28 0.5355832 0.8148665 0.0287289 0.0171058
6 0.4637610 0.5069619 0.0287289 0.0171058
22 0.4637610 0.8148665 0.0287289 0.0171058
13 0.6831450 0.6301238 0.0287289 0.0171058
10 0.7562729 0.6917046 0.0287289 0.0171058
3 0.6100170 0.6917046 0.0287289 0.0171058
29 0.4637610 0.6917046 0.0287289 0.0171058
27 0.6100170 0.5069619 0.0287289 0.0171058
