18 0.4486308 0.5040647 0.0268680 0.0165284
14 0.2446780 0.6230694 0.0268680 0.0165285
32 0.4516839 0.4495209 0.4946159 0.4231278
8 0.3130694 0.3255577 0.0268680 0.0165284
25 0.4486308 0.3255577 0.0268680 0.0165284
34 0.5176328 0.3250067 0.0647275 0.0595023
17 0.5182434 0.3255577 0.0268681 0.0165284
5 0.4486308 0.3850600 0.0268680 0.0165284
14 0.6550261 0.3850600 0.0268681 0.0165284
2 0.3130694 0.4445623 0.0268680 0.0165284
22 0.3814607 0.4445623 0.0268680 0.0165284
1 0.2446780 0.5040647 0.0268680 0.0165284
19 0.3130694 0.5040647 0.0268680 0.0165284
26 0.6550261 0.5040647 0.0268681 0.0165284
27 0.3130694 0.5635670 0.0268680 0.0165285
24 0.3814607 0.5635670 0.0268680 0.0165285
23 0.4486308 0.5635670 0.0268680 0.0165285
6 0.5866347 0.5635670 0.0268680 0.0165285
12 0.4486308 0.6230694 0.0268680 0.0165285
18 0.5182434 0.6230694 0.0268681 0.0165285
3 0.6550261 0.6230694 0.0268681 0.0165285
25 0.5182434 0.5635670 0.0268681 0.0165285
20 0.3814607 0.5040647 0.0268680 0.0165284
29 0.4486308 0.4445623 0.0268680 0.0165284
17 0.5182434 0.5040647 0.0268681 0.0165284
5 0.5866347 0.3850600 0.0268680 0.0165284
4 0.2446780 0.3850600 0.0268680 0.0165284
30 0.3814607 0.6230694 0.0268680 0.0165285
20 0.6550261 0.4445623 0.0268681 0.0165284
10 0.3130694 0.3850600 0.0268680 0.0165284
30 0.3814607 0.3255577 0.0268680 0.0165284
17 0.6550261 0.3255577 0.0268681 0.0165284
16 0.5866347 0.4445623 0.0268680 0.0165284
30 0.3130694 0.6230694 0.0268680 0.0165285
25 0.5182434 0.3850600 0.0268681 0.0165284
18 0.5866347 0.5040647 0.0268680 0.0165284
30 0.2446780 0.5635670 0.0268680 0.0165285
31 0.5866347 0.3255577 0.0268680 0.0165284
17 0.6550261 0.5635670 0.0268681 0.0165285
10 0.2446780 0.4445623 0.0268680 0.0165284
1 0.5182434 0.4445623 0.0268681 0.0165284
22 0.3814607 0.3850600 0.0268680 0.0165284
31 0.2446780 0.3255577 0.0268680 0.0165284
1 0.5866347 0.6230694 0.0268680 0.0165285
