20 0.5725652 0.3416442 0.0261476 0.0170895
10 0.5048193 0.6492554 0.0261476 0.0170895
32 0.5077906 0.4698155 0.4813528 0.4374915
5 0.3063355 0.3416442 0.0261476 0.0170895
22 0.3728930 0.3416442 0.0261475 0.0170895
10 0.5048193 0.3416442 0.0261476 0.0170895
6 0.6391226 0.3416442 0.0261476 0.0170895
23 0.3728930 0.4031664 0.0261475 0.0170895
15 0.5725652 0.4031664 0.0261476 0.0170895
19 0.3728930 0.4646887 0.0261475 0.0170896
24 0.4394504 0.4646887 0.0261476 0.0170896
30 0.5048193 0.4646887 0.0261476 0.0170896
27 0.7056801 0.4646887 0.0261475 0.0170896
14 0.3063355 0.5262109 0.0261476 0.0170895
2 0.4394504 0.5262109 0.0261476 0.0170895
8 0.5725652 0.5262109 0.0261476 0.0170895
34 0.6385284 0.5256412 0.0606148 0.0615223
28 0.6391226 0.5262109 0.0261476 0.0170895
3 0.3728930 0.5877332 0.0261475 0.0170896
17 0.4394504 0.5877332 0.0261476 0.0170896
1 0.7056801 0.5877332 0.0261475 0.0170896
6 0.5725652 0.4646887 0.0261476 0.0170896
27 0.7056801 0.4031664 0.0261475 0.0170895
2 0.3063355 0.4646887 0.0261476 0.0170896
11 0.7056801 0.3416442 0.0261475 0.0170895
4 0.3063355 0.4031664 0.0261476 0.0170895
10 0.4394504 0.6492554 0.0261476 0.0170895
11 0.6391226 0.4031664 0.0261476 0.0170895
3 0.7056801 0.6492554 0.0261475 0.0170895
4 0.3728930 0.5262109 0.0261475 0.0170895
30 0.5725652 0.6492554 0.0261476 0.0170895
9 0.7056801 0.5262109 0.0261475 0.0170895
30 0.3063355 0.5877332 0.0261476 0.0170896
8 0.5048193 0.5262109 0.0261476 0.0170895
3 0.3728930 0.6492554 0.0261475 0.0170895
5 0.4394504 0.3416442 0.0261476 0.0170895
24 0.5048193 0.4031664 0.0261476 0.0170895
18 0.6391226 0.4646887 0.0261476 0.0170896
25 0.5048193 0.5877332 0.0261476 0.0170896
25 0.5725652 0.5877332 0.0261476 0.0170896
26 0.6391226 0.5877332 0.0261476 0.0170896
20 0.6391226 0.6492554 0.0261476 0.0170895
16 0.3063355 0.6492554 0.0261476 0.0170895
20 0.4394504 0.4031664 0.0261476 0.0170895
