14 0.2509022 0.5770411 0.0269388 0.0165351
1 0.4566165 0.4579883 0.0269388 0.0165351
32 0.3898817 0.5224752 0.4959184 0.4232986
1 0.1823307 0.3984620 0.0269388 0.0165351
6 0.2509022 0.3984620 0.0269388 0.0165351
18 0.5251879 0.3984620 0.0269388 0.0165351
14 0.3194736 0.4579883 0.0269387 0.0165351
19 0.3868205 0.4579883 0.0269388 0.0165351
9 0.1823307 0.5175147 0.0269388 0.0165351
4 0.3194736 0.5175147 0.0269387 0.0165351
25 0.5251879 0.5175147 0.0269388 0.0165351
23 0.5251879 0.5770411 0.0269388 0.0165351
17 0.1823307 0.6365675 0.0269388 0.0165351
11 0.2509022 0.6365675 0.0269388 0.0165351
31 0.3868205 0.6365675 0.0269388 0.0165351
5 0.5937593 0.6365675 0.0269388 0.0165351
13 0.1823307 0.6960938 0.0269388 0.0165351
8 0.2509022 0.6960938 0.0269388 0.0165351
22 0.3194736 0.6960938 0.0269387 0.0165351
33 0.5937593 0.6955427 0.0636735 0.0595264
8 0.5937593 0.6960938 0.0269388 0.0165351
16 0.4566165 0.6960938 0.0269388 0.0165351
21 0.5937593 0.3984620 0.0269388 0.0165351
15 0.2509022 0.5175147 0.0269388 0.0165351
13 0.5251879 0.4579883 0.0269388 0.0165351
18 0.3868205 0.5175147 0.0269388 0.0165351
3 0.5937593 0.4579883 0.0269388 0.0165351
15 0.3868205 0.6960938 0.0269388 0.0165351
26 0.4566165 0.3984620 0.0269388 0.0165351
17 0.3194736 0.3984620 0.0269387 0.0165351
12 0.3194736 0.5770411 0.0269387 0.0165351
24 0.2509022 0.4579883 0.0269388 0.0165351
31 0.3194736 0.6365675 0.0269387 0.0165351
25 0.5937593 0.5175147 0.0269388 0.0165351
14 0.1823307 0.5770411 0.0269388 0.0165351
15 0.5251879 0.6365675 0.0269388 0.0165351
15 0.5937593 0.5770411 0.0269388 0.0165351
2 0.4566165 0.5770411 0.0269388 0.0165351
10 0.1823307 0.4579883 0.0269388 0.0165351
27 0.4566165 0.5175147 0.0269388 0.0165351
14 0.3868205 0.3984620 0.0269388 0.0165351
6 0.4566165 0.6365675 0.0269388 0.0165351
12 0.5251879 0.6960938 0.0269388 0.0165351
7 0.3868205 0.5770411 0.0269388 0.0165351
