24 0.4845721 0.4492886 0.0265474 0.0158465
19 0.6197228 0.6204310 0.0265475 0.0158466
32 0.5539575 0.5681375 0.4887145 0.4056710
16 0.4169967 0.4492886 0.0265475 0.0158465
7 0.5509407 0.4492886 0.0265474 0.0158465
11 0.6872981 0.4492886 0.0265475 0.0158465
24 0.3494214 0.5063361 0.0265475 0.0158465
29 0.6872981 0.5063361 0.0265475 0.0158465
30 0.7548735 0.5063361 0.0265475 0.0158465
34 0.3494214 0.5628554 0.0627485 0.0570475
22 0.3494214 0.5633836 0.0265475 0.0158465
22 0.4169967 0.5633836 0.0265475 0.0158465
21 0.4845721 0.5633836 0.0265474 0.0158465
3 0.3494214 0.6204310 0.0265475 0.0158466
13 0.5509407 0.6204310 0.0265474 0.0158466
18 0.7548735 0.6204310 0.0265475 0.0158466
20 0.3494214 0.6774786 0.0265475 0.0158466
1 0.5509407 0.6774786 0.0265474 0.0158466
15 0.6197228 0.6774786 0.0265475 0.0158466
23 0.4169967 0.7345260 0.0265475 0.0158465
31 0.6872981 0.7345260 0.0265475 0.0158465
16 0.6197228 0.5063361 0.0265475 0.0158465
8 0.6197228 0.5633836 0.0265475 0.0158465
29 0.6872981 0.6204310 0.0265475 0.0158466
10 0.4845721 0.5063361 0.0265474 0.0158465
8 0.3494214 0.7345260 0.0265475 0.0158465
4 0.7548735 0.5633836 0.0265475 0.0158465
6 0.5509407 0.7345260 0.0265474 0.0158465
26 0.3494214 0.4492886 0.0265475 0.0158465
14 0.7548735 0.7345260 0.0265475 0.0158465
5 0.5509407 0.5633836 0.0265474 0.0158465
15 0.4845721 0.7345260 0.0265474 0.0158465
24 0.5509407 0.5063361 0.0265474 0.0158465
19 0.6872981 0.5633836 0.0265475 0.0158465
4 0.6197228 0.4492886 0.0265475 0.0158465
7 0.4169967 0.6774786 0.0265475 0.0158466
31 0.4169967 0.5063361 0.0265475 0.0158465
27 0.4169967 0.6204310 0.0265475 0.0158466
21 0.6872981 0.6774786 0.0265475 0.0158466
25 0.4845721 0.6774786 0.0265474 0.0158466
17 0.7548735 0.4492886 0.0265475 0.0158465
21 0.6197228 0.7345260 0.0265475 0.0158465
24 0.4845721 0.6204310 0.0265474 0.0158466
14 0.7548735 0.6774786 0.0265475 0.0158466
