14 0.2555206 0.6055773 0.0283144 0.0158389
13 0.4730271 0.5485574 0.0283145 0.0158388
32 0.2603049 0.4962891 0.5181099 0.4054747
24 0.0405882 0.3774977 0.0283145 0.0158389
31 0.1126614 0.3774977 0.0283145 0.0158389
26 0.3288808 0.3774977 0.0283145 0.0158389
16 0.0405882 0.4345176 0.0283145 0.0158389
25 0.0405882 0.4915375 0.0283145 0.0158388
23 0.1126614 0.4915375 0.0283145 0.0158388
1 0.1847345 0.4915375 0.0283144 0.0158388
18 0.2555206 0.4915375 0.0283144 0.0158388
14 0.3288808 0.4915375 0.0283145 0.0158388
15 0.4730271 0.4915375 0.0283145 0.0158388
30 0.0405882 0.5485574 0.0283145 0.0158388
20 0.0405882 0.6055773 0.0283145 0.0158389
3 0.1126614 0.6055773 0.0283145 0.0158389
21 0.4009540 0.6055773 0.0283144 0.0158389
34 0.1120179 0.6620692 0.0656381 0.0570199
25 0.1126614 0.6625971 0.0283145 0.0158388
2 0.2555206 0.6625971 0.0283144 0.0158388
8 0.4730271 0.6625971 0.0283145 0.0158388
19 0.1847345 0.5485574 0.0283144 0.0158388
2 0.1126614 0.4345176 0.0283145 0.0158389
31 0.3288808 0.5485574 0.0283145 0.0158388
20 0.3288808 0.4345176 0.0283145 0.0158389
4 0.0405882 0.6625971 0.0283145 0.0158388
12 0.1847345 0.4345176 0.0283144 0.0158389
30 0.1847345 0.6625971 0.0283144 0.0158388
8 0.2555206 0.5485574 0.0283144 0.0158388
10 0.1126614 0.5485574 0.0283145 0.0158388
25 0.4009540 0.4915375 0.0283144 0.0158388
5 0.4009540 0.6625971 0.0283144 0.0158388
1 0.4009540 0.5485574 0.0283144 0.0158388
16 0.2555206 0.4345176 0.0283144 0.0158389
11 0.4730271 0.4345176 0.0283145 0.0158389
24 0.4009540 0.3774977 0.0283144 0.0158389
2 0.2555206 0.3774977 0.0283144 0.0158389
13 0.4730271 0.6055773 0.0283145 0.0158389
8 0.3288808 0.6625971 0.0283145 0.0158388
19 0.4730271 0.3774977 0.0283145 0.0158389
14 0.4009540 0.4345176 0.0283144 0.0158389
24 0.1847345 0.6055773 0.0283144 0.0158389
16 0.1847345 0.3774977 0.0283144 0.0158389
3 0.3288808 0.6055773 0.0283145 0.0158389
