24 0.4881339 0.7961377 0.0266583 0.0174324
4 0.7595639 0.7961377 0.0266583 0.0174324
32 0.5578090 0.6130973 0.4907550 0.4462699
27 0.6238489 0.4823541 0.0266583 0.0174324
23 0.4202765 0.5451108 0.0266583 0.0174325
2 0.4881339 0.5451108 0.0266583 0.0174325
17 0.5547797 0.5451108 0.0266583 0.0174325
11 0.6238489 0.5451108 0.0266583 0.0174325
9 0.6917064 0.5451108 0.0266583 0.0174325
21 0.7595639 0.5451108 0.0266583 0.0174325
19 0.5547797 0.6078676 0.0266583 0.0174324
29 0.6238489 0.6078676 0.0266583 0.0174324
3 0.6917064 0.6078676 0.0266583 0.0174324
15 0.3524190 0.6706243 0.0266583 0.0174325
13 0.5547797 0.7333809 0.0266583 0.0174325
31 0.6238489 0.7333809 0.0266583 0.0174325
34 0.6911005 0.7327999 0.0617988 0.0627567
13 0.6917064 0.7333809 0.0266583 0.0174325
4 0.7595639 0.7333809 0.0266583 0.0174325
12 0.3524190 0.7961377 0.0266583 0.0174324
8 0.5547797 0.7961377 0.0266583 0.0174324
4 0.3524190 0.5451108 0.0266583 0.0174325
7 0.4881339 0.6078676 0.0266583 0.0174324
21 0.6917064 0.4823541 0.0266583 0.0174324
30 0.6917064 0.7961377 0.0266583 0.0174324
2 0.7595639 0.4823541 0.0266583 0.0174324
28 0.6238489 0.6706243 0.0266583 0.0174325
11 0.4881339 0.4823541 0.0266583 0.0174324
26 0.6917064 0.6706243 0.0266583 0.0174325
2 0.3524190 0.7333809 0.0266583 0.0174325
16 0.4202765 0.7333809 0.0266583 0.0174325
13 0.4881339 0.7333809 0.0266583 0.0174325
2 0.4881339 0.6706243 0.0266583 0.0174325
6 0.3524190 0.6078676 0.0266583 0.0174324
28 0.4202765 0.7961377 0.0266583 0.0174324
10 0.7595639 0.6078676 0.0266583 0.0174324
25 0.5547797 0.4823541 0.0266583 0.0174324
1 0.7595639 0.6706243 0.0266583 0.0174325
2 0.5547797 0.6706243 0.0266583 0.0174325
2 0.4202765 0.6706243 0.0266583 0.0174325
13 0.6238489 0.7961377 0.0266583 0.0174324
22 0.4202765 0.6078676 0.0266583 0.0174324
12 0.4202765 0.4823541 0.0266583 0.0174324
17 0.3524190 0.4823541 0.0266583 0.0174324
