1 0.6572511 0.4509042 0.0279976 0.0162539
5 0.7285178 0.2168486 0.0279976 0.0162538
32 0.5166268 0.3387525 0.5154105 0.4160988
33 0.3009180 0.2163068 0.0661761 0.0585139
9 0.3009180 0.2168486 0.0279976 0.0162538
9 0.5134453 0.2168486 0.0279976 0.0162538
2 0.4434512 0.2753625 0.0279976 0.0162539
26 0.6572511 0.2753625 0.0279976 0.0162539
3 0.3009180 0.3338764 0.0279976 0.0162539
20 0.3721846 0.3338764 0.0279976 0.0162539
5 0.7285178 0.3338764 0.0279976 0.0162539
23 0.4434512 0.3923903 0.0279976 0.0162539
13 0.5134453 0.3923903 0.0279976 0.0162539
29 0.6572511 0.3923903 0.0279976 0.0162539
6 0.7285178 0.3923903 0.0279976 0.0162539
1 0.5134453 0.4509042 0.0279976 0.0162539
31 0.7285178 0.4509042 0.0279976 0.0162539
21 0.3009180 0.5094181 0.0279976 0.0162539
22 0.4434512 0.5094181 0.0279976 0.0162539
24 0.5859845 0.5094181 0.0279976 0.0162539
10 0.6572511 0.5094181 0.0279976 0.0162539
21 0.5859845 0.3338764 0.0279976 0.0162539
8 0.3721846 0.3923903 0.0279976 0.0162539
22 0.5859845 0.2168486 0.0279976 0.0162538
24 0.3009180 0.3923903 0.0279976 0.0162539
19 0.5134453 0.3338764 0.0279976 0.0162539
30 0.4434512 0.2168486 0.0279976 0.0162538
22 0.3009180 0.4509042 0.0279976 0.0162539
22 0.3721846 0.5094181 0.0279976 0.0162539
22 0.3721846 0.4509042 0.0279976 0.0162539
31 0.3721846 0.2168486 0.0279976 0.0162538
17 0.5859845 0.4509042 0.0279976 0.0162539
18 0.6572511 0.3338764 0.0279976 0.0162539
10 0.5134453 0.5094181 0.0279976 0.0162539
11 0.5134453 0.2753625 0.0279976 0.0162539
19 0.4434512 0.3338764 0.0279976 0.0162539
9 0.6572511 0.2168486 0.0279976 0.0162538
8 0.3721846 0.2753625 0.0279976 0.0162539
12 0.5859845 0.2753625 0.0279976 0.0162539
21 0.4434512 0.4509042 0.0279976 0.0162539
28 0.7285178 0.5094181 0.0279976 0.0162539
10 0.5859845 0.3923903 0.0279976 0.0162539
26 0.7285178 0.2753625 0.0279976 0.0162539
1 0.3009180 0.2753625 0.0279976 0.0162539
