27 0.6216793 0.5577518 0.0275119 0.0168438
29 0.4128389 0.5577518 0.0275119 0.0168438
32 0.6248057 0.5628050 0.5064694 0.4312013
25 0.4128389 0.4364764 0.0275119 0.0168438
18 0.6216793 0.4364764 0.0275119 0.0168438
10 0.7629906 0.4364764 0.0275119 0.0168438
29 0.8330209 0.4364764 0.0275120 0.0168438
27 0.4828692 0.4971141 0.0275119 0.0168438
24 0.5528996 0.4971141 0.0275119 0.0168438
13 0.6216793 0.4971141 0.0275119 0.0168438
34 0.6923349 0.4965527 0.0662787 0.0606377
9 0.6929602 0.4971141 0.0275119 0.0168438
26 0.7629906 0.5577518 0.0275119 0.0168438
5 0.5528996 0.6183896 0.0275119 0.0168438
17 0.5528996 0.6790272 0.0275119 0.0168438
23 0.6216793 0.6790272 0.0275119 0.0168438
1 0.8330209 0.6790272 0.0275120 0.0168438
6 0.4828692 0.7396649 0.0275119 0.0168438
20 0.6216793 0.7396649 0.0275119 0.0168438
19 0.7629906 0.7396649 0.0275119 0.0168438
30 0.8330209 0.7396649 0.0275120 0.0168438
7 0.6929602 0.6790272 0.0275119 0.0168438
11 0.4828692 0.4364764 0.0275119 0.0168438
12 0.6929602 0.4364764 0.0275119 0.0168438
25 0.5528996 0.4364764 0.0275119 0.0168438
13 0.4128389 0.7396649 0.0275119 0.0168438
24 0.8330209 0.4971141 0.0275120 0.0168438
15 0.6929602 0.6183896 0.0275119 0.0168438
11 0.4128389 0.6790272 0.0275119 0.0168438
18 0.4128389 0.4971141 0.0275119 0.0168438
17 0.7629906 0.4971141 0.0275119 0.0168438
9 0.8330209 0.5577518 0.0275120 0.0168438
11 0.8330209 0.6183896 0.0275120 0.0168438
8 0.4828692 0.6183896 0.0275119 0.0168438
9 0.5528996 0.7396649 0.0275119 0.0168438
3 0.6216793 0.6183896 0.0275119 0.0168438
17 0.7629906 0.6183896 0.0275119 0.0168438
13 0.6929602 0.5577518 0.0275119 0.0168438
12 0.6929602 0.7396649 0.0275119 0.0168438
17 0.4128389 0.6183896 0.0275119 0.0168438
29 0.7629906 0.6790272 0.0275119 0.0168438
20 0.4828692 0.5577518 0.0275119 0.0168438
17 0.5528996 0.5577518 0.0275119 0.0168438
16 0.4828692 0.6790272 0.0275119 0.0168438
