29 0.4329613 0.4089441 0.0265269 0.0162294
19 0.1628691 0.4089441 0.0265269 0.0162294
32 0.3672469 0.3553872 0.4883364 0.4154718
22 0.1628691 0.2336670 0.0265269 0.0162294
4 0.4329613 0.2336670 0.0265269 0.0162294
7 0.5004844 0.2336670 0.0265269 0.0162294
26 0.1628691 0.2920927 0.0265269 0.0162293
9 0.2303922 0.2920927 0.0265269 0.0162293
14 0.2979152 0.2920927 0.0265269 0.0162293
8 0.4329613 0.2920927 0.0265269 0.0162293
34 0.4998815 0.3499774 0.0614942 0.0584257
23 0.5004844 0.3505184 0.0265269 0.0162294
13 0.2979152 0.4089441 0.0265269 0.0162294
31 0.5680075 0.4089441 0.0265269 0.0162294
23 0.2979152 0.4673698 0.0265269 0.0162293
27 0.2303922 0.5257956 0.0265269 0.0162294
24 0.2979152 0.5257956 0.0265269 0.0162294
15 0.3642325 0.5257956 0.0265269 0.0162294
3 0.4329613 0.5257956 0.0265269 0.0162294
17 0.5004844 0.5257956 0.0265269 0.0162294
21 0.5680075 0.5257956 0.0265269 0.0162294
22 0.1628691 0.4673698 0.0265269 0.0162293
12 0.3642325 0.3505184 0.0265269 0.0162294
29 0.2979152 0.2336670 0.0265269 0.0162294
27 0.3642325 0.2920927 0.0265269 0.0162293
22 0.2303922 0.3505184 0.0265269 0.0162294
13 0.4329613 0.4673698 0.0265269 0.0162293
24 0.5680075 0.2920927 0.0265269 0.0162293
17 0.1628691 0.3505184 0.0265269 0.0162294
7 0.5004844 0.2920927 0.0265269 0.0162293
19 0.5680075 0.3505184 0.0265269 0.0162294
1 0.5004844 0.4089441 0.0265269 0.0162294
6 0.3642325 0.4673698 0.0265269 0.0162293
24 0.2303922 0.2336670 0.0265269 0.0162294
25 0.5680075 0.4673698 0.0265269 0.0162293
6 0.4329613 0.3505184 0.0265269 0.0162294
1 0.2303922 0.4673698 0.0265269 0.0162293
2 0.3642325 0.2336670 0.0265269 0.0162294
29 0.3642325 0.4089441 0.0265269 0.0162294
28 0.2303922 0.4089441 0.0265269 0.0162294
21 0.5004844 0.4673698 0.0265269 0.0162293
10 0.2979152 0.3505184 0.0265269 0.0162294
4 0.1628691 0.5257956 0.0265269 0.0162294
3 0.5680075 0.2336670 0.0265269 0.0162294
