13 0.5324291 0.3053982 0.0267860 0.0170258
16 0.5324291 0.4892770 0.0267860 0.0170258
32 0.5354730 0.3717989 0.4931070 0.4358609
5 0.3972813 0.2441053 0.0267860 0.0170258
21 0.3290986 0.3053982 0.0267861 0.0170258
19 0.6018294 0.3053982 0.0267860 0.0170258
18 0.6700121 0.3053982 0.0267860 0.0170258
25 0.3972813 0.3666911 0.0267860 0.0170258
10 0.5324291 0.3666911 0.0267860 0.0170258
16 0.6700121 0.3666911 0.0267860 0.0170258
20 0.3290986 0.4279841 0.0267861 0.0170258
31 0.5324291 0.4279841 0.0267860 0.0170258
22 0.3972813 0.4892770 0.0267860 0.0170258
15 0.6700121 0.4892770 0.0267860 0.0170258
1 0.7381947 0.4892770 0.0267861 0.0170258
33 0.4654640 0.5500025 0.0633125 0.0612929
11 0.4654640 0.5505700 0.0267861 0.0170258
17 0.5324291 0.5505700 0.0267860 0.0170258
9 0.6018294 0.5505700 0.0267860 0.0170258
12 0.6700121 0.5505700 0.0267860 0.0170258
4 0.7381947 0.5505700 0.0267861 0.0170258
10 0.3972813 0.4279841 0.0267860 0.0170258
14 0.6018294 0.4279841 0.0267860 0.0170258
6 0.3972813 0.5505700 0.0267860 0.0170258
2 0.7381947 0.3053982 0.0267861 0.0170258
26 0.4654640 0.3666911 0.0267861 0.0170258
22 0.3972813 0.3053982 0.0267860 0.0170258
17 0.3290986 0.2441053 0.0267861 0.0170258
31 0.4654640 0.4279841 0.0267861 0.0170258
20 0.3290986 0.4892770 0.0267861 0.0170258
6 0.4654640 0.2441053 0.0267861 0.0170258
2 0.4654640 0.3053982 0.0267861 0.0170258
14 0.6700121 0.2441053 0.0267860 0.0170258
28 0.7381947 0.4279841 0.0267861 0.0170258
2 0.4654640 0.4892770 0.0267861 0.0170258
27 0.3290986 0.3666911 0.0267861 0.0170258
31 0.7381947 0.2441053 0.0267861 0.0170258
30 0.6700121 0.4279841 0.0267860 0.0170258
10 0.7381947 0.3666911 0.0267861 0.0170258
19 0.6018294 0.2441053 0.0267860 0.0170258
11 0.6018294 0.4892770 0.0267860 0.0170258
14 0.6018294 0.3666911 0.0267860 0.0170258
17 0.3290986 0.5505700 0.0267861 0.0170258
30 0.5324291 0.2441053 0.0267860 0.0170258
