6 0.4991263 0.5381224 0.0283939 0.0173673
8 0.2100243 0.3505555 0.0283940 0.0173673
32 0.4287868 0.4808103 0.5227069 0.4446029
8 0.3545753 0.3505555 0.0283940 0.0173673
16 0.4991263 0.3505555 0.0283939 0.0173673
1 0.2100243 0.4130778 0.0283940 0.0173674
22 0.3545753 0.4130778 0.0283940 0.0173674
31 0.4991263 0.4130778 0.0283939 0.0173674
4 0.5714018 0.4756001 0.0283940 0.0173673
25 0.3545753 0.5381224 0.0283940 0.0173673
6 0.2100243 0.6006447 0.0283940 0.0173674
13 0.2822998 0.6006447 0.0283939 0.0173674
18 0.3545753 0.6006447 0.0283940 0.0173674
11 0.4255602 0.6006447 0.0283939 0.0173674
10 0.4991263 0.6006447 0.0283939 0.0173674
12 0.2100243 0.6631669 0.0283940 0.0173673
34 0.2816545 0.6625880 0.0658223 0.0625222
27 0.2822998 0.6631669 0.0283939 0.0173673
24 0.3545753 0.6631669 0.0283940 0.0173673
7 0.4255602 0.6631669 0.0283939 0.0173673
2 0.5714018 0.6631669 0.0283940 0.0173673
31 0.6436774 0.4756001 0.0283939 0.0173673
27 0.5714018 0.4130778 0.0283940 0.0173674
2 0.4991263 0.6631669 0.0283939 0.0173673
9 0.5714018 0.5381224 0.0283940 0.0173673
16 0.6436774 0.5381224 0.0283939 0.0173673
8 0.3545753 0.4756001 0.0283940 0.0173673
13 0.4255602 0.4130778 0.0283939 0.0173674
4 0.6436774 0.3505555 0.0283939 0.0173673
8 0.4255602 0.3505555 0.0283939 0.0173673
16 0.4991263 0.4756001 0.0283939 0.0173673
2 0.4255602 0.5381224 0.0283939 0.0173673
8 0.2822998 0.3505555 0.0283939 0.0173673
5 0.5714018 0.3505555 0.0283940 0.0173673
1 0.6436774 0.6631669 0.0283939 0.0173673
22 0.2822998 0.4130778 0.0283939 0.0173674
25 0.2100243 0.5381224 0.0283940 0.0173673
8 0.2100243 0.4756001 0.0283940 0.0173673
7 0.2822998 0.5381224 0.0283939 0.0173673
7 0.6436774 0.4130778 0.0283939 0.0173674
5 0.6436774 0.6006447 0.0283939 0.0173674
21 0.2822998 0.4756001 0.0283939 0.0173673
2 0.4255602 0.4756001 0.0283939 0.0173673
8 0.5714018 0.6006447 0.0283940 0.0173674
