11 0.4709077 0.3255024 0.0270102 0.0171003
10 0.3321736 0.3870634 0.0270102 0.0171003
32 0.3352430 0.4537545 0.4972329 0.4377675
31 0.1958950 0.3255024 0.0270102 0.0171003
17 0.2646482 0.3255024 0.0270102 0.0171003
19 0.2646482 0.3870634 0.0270102 0.0171003
29 0.5396609 0.3870634 0.0270102 0.0171003
8 0.1271418 0.4486245 0.0270102 0.0171003
15 0.1958950 0.4486245 0.0270102 0.0171003
9 0.2646482 0.4486245 0.0270102 0.0171003
24 0.5396609 0.4486245 0.0270102 0.0171003
27 0.3321736 0.5101855 0.0270102 0.0171003
34 0.4015407 0.5096155 0.0650700 0.0615611
5 0.4021545 0.5101855 0.0270102 0.0171003
26 0.2646482 0.5717466 0.0270102 0.0171003
20 0.3321736 0.5717466 0.0270102 0.0171003
7 0.4021545 0.5717466 0.0270102 0.0171003
16 0.4709077 0.5717466 0.0270102 0.0171003
1 0.1271418 0.6333076 0.0270102 0.0171003
22 0.1958950 0.6333076 0.0270102 0.0171003
6 0.4709077 0.6333076 0.0270102 0.0171003
11 0.1271418 0.5717466 0.0270102 0.0171003
18 0.5396609 0.3255024 0.0270102 0.0171003
3 0.4021545 0.6333076 0.0270102 0.0171003
1 0.3321736 0.4486245 0.0270102 0.0171003
13 0.1271418 0.5101855 0.0270102 0.0171003
9 0.4021545 0.3870634 0.0270102 0.0171003
16 0.2646482 0.5101855 0.0270102 0.0171003
14 0.4021545 0.3255024 0.0270102 0.0171003
22 0.1271418 0.3870634 0.0270102 0.0171003
21 0.5396609 0.5101855 0.0270102 0.0171003
28 0.1958950 0.5101855 0.0270102 0.0171003
28 0.5396609 0.5717466 0.0270102 0.0171003
21 0.2646482 0.6333076 0.0270102 0.0171003
28 0.3321736 0.3255024 0.0270102 0.0171003
9 0.4709077 0.3870634 0.0270102 0.0171003
15 0.1958950 0.3870634 0.0270102 0.0171003
31 0.1271418 0.3255024 0.0270102 0.0171003
24 0.4709077 0.4486245 0.0270102 0.0171003
29 0.5396609 0.6333076 0.0270102 0.0171003
8 0.4021545 0.4486245 0.0270102 0.0171003
16 0.4709077 0.5101855 0.0270102 0.0171003
5 0.3321736 0.6333076 0.0270102 0.0171003
2 0.1958950 0.5717466 0.0270102 0.0171003
