13 0.5910001 0.5264074 0.0283100 0.0161531
12 0.3748148 0.4101050 0.0283100 0.0161531
32 0.5208686 0.5312533 0.5211609 0.4135194
2 0.5176516 0.4101050 0.0283100 0.0161531
16 0.5910001 0.4101050 0.0283100 0.0161531
3 0.6630618 0.4101050 0.0283100 0.0161531
30 0.3027531 0.4682562 0.0283100 0.0161531
8 0.4468766 0.4682562 0.0283100 0.0161531
29 0.3748148 0.5264074 0.0283100 0.0161531
7 0.6630618 0.5264074 0.0283100 0.0161531
4 0.4468766 0.5845585 0.0283100 0.0161531
12 0.6630618 0.5845585 0.0283100 0.0161531
22 0.7351236 0.5845585 0.0283100 0.0161531
15 0.3027531 0.6427097 0.0283100 0.0161531
33 0.3741714 0.6421712 0.0656277 0.0581512
30 0.3748148 0.6427097 0.0283100 0.0161531
27 0.4468766 0.6427097 0.0283100 0.0161531
5 0.5176516 0.6427097 0.0283100 0.0161531
20 0.3027531 0.7008609 0.0283100 0.0161531
25 0.4468766 0.7008609 0.0283100 0.0161531
10 0.6630618 0.7008609 0.0283100 0.0161531
15 0.7351236 0.5264074 0.0283100 0.0161531
30 0.5176516 0.7008609 0.0283100 0.0161531
31 0.6630618 0.4682562 0.0283100 0.0161531
5 0.5910001 0.6427097 0.0283100 0.0161531
18 0.3027531 0.5845585 0.0283100 0.0161531
3 0.5176516 0.4682562 0.0283100 0.0161531
8 0.5176516 0.5264074 0.0283100 0.0161531
7 0.7351236 0.4682562 0.0283100 0.0161531
26 0.7351236 0.4101050 0.0283100 0.0161531
1 0.3748148 0.4682562 0.0283100 0.0161531
19 0.5910001 0.4682562 0.0283100 0.0161531
3 0.5910001 0.5845585 0.0283100 0.0161531
6 0.4468766 0.4101050 0.0283100 0.0161531
3 0.5176516 0.5845585 0.0283100 0.0161531
3 0.4468766 0.5264074 0.0283100 0.0161531
12 0.3748148 0.5845585 0.0283100 0.0161531
14 0.5910001 0.7008609 0.0283100 0.0161531
28 0.3748148 0.7008609 0.0283100 0.0161531
19 0.7351236 0.7008609 0.0283100 0.0161531
20 0.6630618 0.6427097 0.0283100 0.0161531
20 0.3027531 0.5264074 0.0283100 0.0161531
4 0.3027531 0.4101050 0.0283100 0.0161531
24 0.7351236 0.6427097 0.0283100 0.0161531
