17 0.3392583 0.2727991 0.0285263 0.0162886
5 0.4857796 0.5073541 0.0285263 0.0162885
32 0.3425000 0.3949632 0.5251424 0.4169867
33 0.4125190 0.2722562 0.0687223 0.0586387
3 0.4131673 0.2727991 0.0285262 0.0162886
27 0.4857796 0.2727991 0.0285263 0.0162886
30 0.5583919 0.2727991 0.0285263 0.0162886
25 0.1227182 0.3314379 0.0285263 0.0162885
24 0.3392583 0.3314379 0.0285263 0.0162885
4 0.1227182 0.3900766 0.0285263 0.0162885
23 0.1953304 0.3900766 0.0285263 0.0162885
11 0.5583919 0.3900766 0.0285263 0.0162885
8 0.1227182 0.4487154 0.0285263 0.0162886
6 0.4131673 0.4487154 0.0285262 0.0162886
5 0.4857796 0.4487154 0.0285263 0.0162886
2 0.5583919 0.4487154 0.0285263 0.0162886
18 0.1227182 0.5073541 0.0285263 0.0162885
17 0.2679427 0.5073541 0.0285262 0.0162885
1 0.4131673 0.5073541 0.0285262 0.0162885
21 0.4131673 0.5659929 0.0285262 0.0162885
19 0.4857796 0.5659929 0.0285263 0.0162885
11 0.5583919 0.5073541 0.0285263 0.0162885
29 0.3392583 0.5659929 0.0285263 0.0162885
29 0.1953304 0.3314379 0.0285263 0.0162885
14 0.4857796 0.3900766 0.0285263 0.0162885
1 0.1953304 0.5659929 0.0285263 0.0162885
17 0.1227182 0.5659929 0.0285263 0.0162885
10 0.5583919 0.5659929 0.0285263 0.0162885
19 0.5583919 0.3314379 0.0285263 0.0162885
7 0.2679427 0.5659929 0.0285262 0.0162885
19 0.4131673 0.3900766 0.0285262 0.0162885
15 0.4857796 0.3314379 0.0285263 0.0162885
24 0.2679427 0.3900766 0.0285262 0.0162885
6 0.1953304 0.2727991 0.0285263 0.0162886
7 0.2679427 0.4487154 0.0285262 0.0162886
1 0.1953304 0.5073541 0.0285263 0.0162885
22 0.2679427 0.3314379 0.0285262 0.0162885
5 0.1227182 0.2727991 0.0285263 0.0162886
15 0.1953304 0.4487154 0.0285263 0.0162886
3 0.3392583 0.5073541 0.0285263 0.0162885
24 0.4131673 0.3314379 0.0285262 0.0162885
9 0.3392583 0.4487154 0.0285263 0.0162886
20 0.2679427 0.2727991 0.0285262 0.0162886
14 0.3392583 0.3900766 0.0285263 0.0162885
