10 0.5984064 0.6863886 0.0269295 0.0169398
26 0.6681784 0.5034389 0.0269296 0.0169398
32 0.6014667 0.5085208 0.4957479 0.4336585
15 0.4625349 0.3814724 0.0269295 0.0169398
33 0.8052741 0.3809078 0.0636516 0.0609832
14 0.8052741 0.3814724 0.0269295 0.0169398
21 0.3939870 0.4424557 0.0269295 0.0169398
22 0.4625349 0.4424557 0.0269295 0.0169398
30 0.6681784 0.4424557 0.0269296 0.0169398
7 0.7367262 0.4424557 0.0269296 0.0169398
16 0.3939870 0.5034389 0.0269295 0.0169398
10 0.5984064 0.5034389 0.0269295 0.0169398
20 0.7367262 0.5034389 0.0269296 0.0169398
23 0.5984064 0.5644222 0.0269295 0.0169398
31 0.7367262 0.5644222 0.0269296 0.0169398
6 0.5310827 0.6254054 0.0269295 0.0169398
17 0.7367262 0.6254054 0.0269296 0.0169398
8 0.3939870 0.6863886 0.0269295 0.0169398
13 0.4625349 0.6863886 0.0269295 0.0169398
2 0.5310827 0.6863886 0.0269295 0.0169398
11 0.6681784 0.6863886 0.0269296 0.0169398
14 0.3939870 0.3814724 0.0269295 0.0169398
2 0.5310827 0.5034389 0.0269295 0.0169398
22 0.5310827 0.3814724 0.0269295 0.0169398
8 0.5984064 0.3814724 0.0269295 0.0169398
16 0.5984064 0.6254054 0.0269295 0.0169398
24 0.6681784 0.3814724 0.0269296 0.0169398
2 0.4625349 0.5644222 0.0269295 0.0169398
30 0.8052741 0.4424557 0.0269295 0.0169398
13 0.5984064 0.4424557 0.0269295 0.0169398
9 0.5310827 0.5644222 0.0269295 0.0169398
29 0.7367262 0.6863886 0.0269296 0.0169398
4 0.3939870 0.5644222 0.0269295 0.0169398
29 0.6681784 0.5644222 0.0269296 0.0169398
7 0.7367262 0.3814724 0.0269296 0.0169398
5 0.8052741 0.6863886 0.0269295 0.0169398
16 0.3939870 0.6254054 0.0269295 0.0169398
6 0.6681784 0.6254054 0.0269296 0.0169398
16 0.5310827 0.4424557 0.0269295 0.0169398
12 0.4625349 0.6254054 0.0269295 0.0169398
27 0.4625349 0.5034389 0.0269295 0.0169398
11 0.8052741 0.5034389 0.0269295 0.0169398
24 0.8052741 0.6254054 0.0269295 0.0169398
29 0.8052741 0.5644222 0.0269295 0.0169398
