30 0.6105345 0.5896724 0.0271475 0.0174638
18 0.3341237 0.4010635 0.0271475 0.0174638
32 0.5432827 0.4691723 0.4997606 0.4470729
17 0.3341237 0.3381939 0.0271475 0.0174638
30 0.4032264 0.3381939 0.0271475 0.0174638
2 0.6105345 0.3381939 0.0271475 0.0174638
16 0.7487399 0.3381939 0.0271474 0.0174638
5 0.4723291 0.4010635 0.0271475 0.0174638
23 0.7487399 0.4010635 0.0271474 0.0174638
4 0.3341237 0.4639332 0.0271475 0.0174638
33 0.5401978 0.4633510 0.0641668 0.0628696
18 0.5401978 0.4639332 0.0271475 0.0174638
22 0.6796371 0.4639332 0.0271475 0.0174638
8 0.7487399 0.4639332 0.0271474 0.0174638
31 0.4723291 0.5268028 0.0271475 0.0174638
26 0.5401978 0.5268028 0.0271475 0.0174638
15 0.3341237 0.5896724 0.0271475 0.0174638
1 0.4723291 0.5896724 0.0271475 0.0174638
11 0.5401978 0.5896724 0.0271475 0.0174638
20 0.3341237 0.6525420 0.0271475 0.0174637
24 0.7487399 0.6525420 0.0271474 0.0174637
18 0.4032264 0.4639332 0.0271475 0.0174638
20 0.5401978 0.4010635 0.0271475 0.0174638
29 0.6105345 0.4010635 0.0271475 0.0174638
27 0.6796371 0.6525420 0.0271475 0.0174637
15 0.6105345 0.6525420 0.0271475 0.0174637
2 0.4032264 0.6525420 0.0271475 0.0174637
5 0.3341237 0.5268028 0.0271475 0.0174638
7 0.4032264 0.5268028 0.0271475 0.0174638
10 0.5401978 0.6525420 0.0271475 0.0174637
17 0.5401978 0.3381939 0.0271475 0.0174638
24 0.7487399 0.5268028 0.0271474 0.0174638
22 0.4032264 0.5896724 0.0271475 0.0174638
26 0.6796371 0.5268028 0.0271475 0.0174638
7 0.7487399 0.5896724 0.0271474 0.0174638
4 0.4723291 0.3381939 0.0271475 0.0174638
6 0.6796371 0.5896724 0.0271475 0.0174638
24 0.6105345 0.5268028 0.0271475 0.0174638
25 0.6105345 0.4639332 0.0271475 0.0174638
6 0.6796371 0.4010635 0.0271475 0.0174638
4 0.4032264 0.4010635 0.0271475 0.0174638
20 0.6796371 0.3381939 0.0271475 0.0174638
27 0.4723291 0.4639332 0.0271475 0.0174638
3 0.4723291 0.6525420 0.0271475 0.0174637
