15 0.7679462 0.5420092 0.0286985 0.0162362
30 0.6218445 0.6004595 0.0286985 0.0162362
32 0.5507504 0.4884298 0.5283142 0.4156464
24 0.5474892 0.3666584 0.0286986 0.0162362
20 0.6218445 0.3666584 0.0286985 0.0162362
6 0.6948953 0.3666584 0.0286985 0.0162362
22 0.7679462 0.3666584 0.0286985 0.0162362
4 0.4757428 0.4251086 0.0286986 0.0162362
11 0.7679462 0.4251086 0.0286985 0.0162362
19 0.3296411 0.4835589 0.0286985 0.0162362
31 0.4757428 0.4835589 0.0286986 0.0162362
14 0.6948953 0.4835589 0.0286985 0.0162362
3 0.7679462 0.4835589 0.0286985 0.0162362
30 0.5474892 0.5420092 0.0286986 0.0162362
8 0.3296411 0.6004595 0.0286985 0.0162362
34 0.6942432 0.5999183 0.0665284 0.0584502
6 0.6948953 0.6004595 0.0286985 0.0162362
26 0.7679462 0.6004595 0.0286985 0.0162362
10 0.3296411 0.6589098 0.0286985 0.0162362
21 0.5474892 0.6589098 0.0286986 0.0162362
13 0.7679462 0.6589098 0.0286985 0.0162362
8 0.4026920 0.4835589 0.0286985 0.0162362
13 0.4026920 0.6589098 0.0286985 0.0162362
17 0.6948953 0.5420092 0.0286985 0.0162362
18 0.4757428 0.6589098 0.0286986 0.0162362
4 0.3296411 0.4251086 0.0286985 0.0162362
2 0.4026920 0.4251086 0.0286985 0.0162362
21 0.3296411 0.5420092 0.0286985 0.0162362
20 0.6218445 0.6589098 0.0286985 0.0162362
24 0.4757428 0.6004595 0.0286986 0.0162362
1 0.6218445 0.5420092 0.0286985 0.0162362
13 0.5474892 0.4251086 0.0286986 0.0162362
25 0.6948953 0.6589098 0.0286985 0.0162362
30 0.6218445 0.4251086 0.0286985 0.0162362
6 0.4757428 0.3666584 0.0286986 0.0162362
17 0.6948953 0.4251086 0.0286985 0.0162362
21 0.6218445 0.4835589 0.0286985 0.0162362
20 0.4026920 0.6004595 0.0286985 0.0162362
12 0.4757428 0.5420092 0.0286986 0.0162362
2 0.4026920 0.3666584 0.0286985 0.0162362
21 0.3296411 0.3666584 0.0286985 0.0162362
26 0.5474892 0.4835589 0.0286986 0.0162362
28 0.4026920 0.5420092 0.0286985 0.0162362
18 0.5474892 0.6004595 0.0286986 0.0162362
