19 0.6832579 0.3980794 0.0268491 0.0169460
8 0.6149147 0.3980794 0.0268491 0.0169460
32 0.5484023 0.4031632 0.4942673 0.4338177
33 0.3415422 0.2755033 0.0634615 0.0610056
20 0.3415422 0.2760681 0.0268491 0.0169460
1 0.5453512 0.2760681 0.0268491 0.0169460
11 0.6832579 0.2760681 0.0268491 0.0169460
8 0.3415422 0.3370737 0.0268491 0.0169460
13 0.4098853 0.3370737 0.0268491 0.0169460
23 0.5453512 0.3370737 0.0268491 0.0169460
6 0.6832579 0.3370737 0.0268491 0.0169460
30 0.7516010 0.3370737 0.0268491 0.0169460
17 0.3415422 0.3980794 0.0268491 0.0169460
19 0.4098853 0.3980794 0.0268491 0.0169460
31 0.4782285 0.3980794 0.0268491 0.0169460
24 0.7516010 0.3980794 0.0268491 0.0169460
21 0.5453512 0.4590850 0.0268491 0.0169460
2 0.4098853 0.5200906 0.0268491 0.0169460
26 0.5453512 0.5200906 0.0268491 0.0169460
3 0.5453512 0.5810962 0.0268491 0.0169460
15 0.6832579 0.5810962 0.0268491 0.0169460
13 0.3415422 0.5200906 0.0268491 0.0169460
26 0.3415422 0.4590850 0.0268491 0.0169460
31 0.6832579 0.4590850 0.0268491 0.0169460
1 0.4098853 0.2760681 0.0268491 0.0169460
20 0.6149147 0.5810962 0.0268491 0.0169460
12 0.6149147 0.3370737 0.0268491 0.0169460
11 0.5453512 0.3980794 0.0268491 0.0169460
21 0.4782285 0.2760681 0.0268491 0.0169460
2 0.6149147 0.2760681 0.0268491 0.0169460
2 0.4782285 0.5810962 0.0268491 0.0169460
19 0.4782285 0.4590850 0.0268491 0.0169460
1 0.6149147 0.5200906 0.0268491 0.0169460
9 0.7516010 0.2760681 0.0268491 0.0169460
11 0.7516010 0.4590850 0.0268491 0.0169460
18 0.4782285 0.5200906 0.0268491 0.0169460
24 0.7516010 0.5200906 0.0268491 0.0169460
15 0.4098853 0.5810962 0.0268491 0.0169460
2 0.4098853 0.4590850 0.0268491 0.0169460
25 0.4782285 0.3370737 0.0268491 0.0169460
19 0.6832579 0.5200906 0.0268491 0.0169460
6 0.3415422 0.5810962 0.0268491 0.0169460
13 0.6149147 0.4590850 0.0268491 0.0169460
18 0.7516010 0.5810962 0.0268491 0.0169460
