5 0.8597717 0.4688189 0.0280518 0.0158532
30 0.6442834 0.5258904 0.0280518 0.0158532
32 0.6474712 0.5877178 0.5164069 0.4058417
20 0.5741541 0.4688189 0.0280517 0.0158532
2 0.7169629 0.5258904 0.0280518 0.0158532
10 0.7883673 0.5258904 0.0280518 0.0158532
23 0.5027496 0.5829619 0.0280517 0.0158533
7 0.5741541 0.5829619 0.0280517 0.0158533
9 0.6442834 0.5829619 0.0280518 0.0158533
27 0.8597717 0.5829619 0.0280518 0.0158533
11 0.7883673 0.6400334 0.0280518 0.0158531
24 0.8597717 0.6400334 0.0280518 0.0158531
12 0.4313453 0.6971048 0.0280518 0.0158533
25 0.5741541 0.6971048 0.0280517 0.0158533
19 0.8597717 0.6971048 0.0280518 0.0158533
33 0.4313453 0.7536479 0.0663041 0.0570714
27 0.4313453 0.7541763 0.0280518 0.0158531
13 0.5027496 0.7541763 0.0280517 0.0158531
15 0.5741541 0.7541763 0.0280517 0.0158531
6 0.6442834 0.7541763 0.0280518 0.0158531
16 0.7169629 0.7541763 0.0280518 0.0158531
15 0.4313453 0.5829619 0.0280518 0.0158533
13 0.5741541 0.6400334 0.0280517 0.0158531
16 0.5027496 0.6400334 0.0280517 0.0158531
17 0.4313453 0.5258904 0.0280518 0.0158532
5 0.8597717 0.7541763 0.0280518 0.0158531
14 0.7169629 0.6400334 0.0280518 0.0158531
16 0.7169629 0.6971048 0.0280518 0.0158533
12 0.6442834 0.6400334 0.0280518 0.0158531
2 0.7169629 0.5829619 0.0280518 0.0158533
17 0.7883673 0.6971048 0.0280518 0.0158533
1 0.8597717 0.5258904 0.0280518 0.0158532
2 0.5027496 0.4688189 0.0280517 0.0158532
22 0.7883673 0.4688189 0.0280518 0.0158532
6 0.6442834 0.4688189 0.0280518 0.0158532
24 0.7883673 0.7541763 0.0280518 0.0158531
22 0.7883673 0.5829619 0.0280518 0.0158533
27 0.5027496 0.6971048 0.0280517 0.0158533
3 0.6442834 0.6971048 0.0280518 0.0158533
14 0.4313453 0.6400334 0.0280518 0.0158531
27 0.4313453 0.4688189 0.0280518 0.0158532
19 0.5027496 0.5258904 0.0280517 0.0158532
16 0.7169629 0.4688189 0.0280518 0.0158532
18 0.5741541 0.5258904 0.0280517 0.0158532
