18 0.3695702 0.6636310 0.0274722 0.0159078
29 0.4394995 0.7208988 0.0274722 0.0159077
32 0.5113020 0.5538677 0.5057387 0.4072379
5 0.4394995 0.4345597 0.0274722 0.0159077
4 0.5793581 0.4345597 0.0274722 0.0159077
10 0.6492874 0.4345597 0.0274722 0.0159077
12 0.3695702 0.4918275 0.0274722 0.0159077
18 0.5081801 0.4918275 0.0274722 0.0159077
6 0.3695702 0.5490953 0.0274722 0.0159077
27 0.6492874 0.5490953 0.0274722 0.0159077
33 0.3689459 0.6058329 0.0636856 0.0572678
4 0.3695702 0.6063632 0.0274722 0.0159078
9 0.5081801 0.6063632 0.0274722 0.0159078
17 0.7192168 0.6063632 0.0274722 0.0159078
19 0.5081801 0.6636310 0.0274722 0.0159078
13 0.7192168 0.6636310 0.0274722 0.0159078
2 0.2996410 0.7208988 0.0274722 0.0159077
3 0.3695702 0.7208988 0.0274722 0.0159077
14 0.5081801 0.7208988 0.0274722 0.0159077
29 0.7192168 0.7208988 0.0274722 0.0159077
14 0.7192168 0.4345597 0.0274722 0.0159077
10 0.5793581 0.6636310 0.0274722 0.0159078
2 0.6492874 0.4918275 0.0274722 0.0159077
21 0.5793581 0.7208988 0.0274722 0.0159077
6 0.4394995 0.6636310 0.0274722 0.0159078
8 0.6492874 0.6063632 0.0274722 0.0159078
30 0.6492874 0.7208988 0.0274722 0.0159077
25 0.2996410 0.4918275 0.0274722 0.0159077
11 0.6492874 0.6636310 0.0274722 0.0159078
16 0.2996410 0.6636310 0.0274722 0.0159078
4 0.4394995 0.5490953 0.0274722 0.0159077
24 0.4394995 0.6063632 0.0274722 0.0159078
28 0.7192168 0.4918275 0.0274722 0.0159077
9 0.4394995 0.4918275 0.0274722 0.0159077
13 0.5793581 0.6063632 0.0274722 0.0159078
20 0.2996410 0.6063632 0.0274722 0.0159078
2 0.5081801 0.4345597 0.0274722 0.0159077
27 0.5793581 0.4918275 0.0274722 0.0159077
5 0.2996410 0.4345597 0.0274722 0.0159077
3 0.7192168 0.5490953 0.0274722 0.0159077
3 0.2996410 0.5490953 0.0274722 0.0159077
21 0.3695702 0.4345597 0.0274722 0.0159077
13 0.5081801 0.5490953 0.0274722 0.0159077
26 0.5793581 0.5490953 0.0274722 0.0159077
