9 0.8177036 0.6242254 0.0269849 0.0166514
20 0.6104105 0.6242254 0.0269849 0.0166514
32 0.6134769 0.5692757 0.4967674 0.4262764
1 0.4055706 0.4443900 0.0269849 0.0166514
24 0.5429482 0.4443900 0.0269849 0.0166514
12 0.4742594 0.5043351 0.0269849 0.0166514
29 0.5429482 0.5043351 0.0269849 0.0166514
27 0.6104105 0.5043351 0.0269849 0.0166514
34 0.6797125 0.5037801 0.0650091 0.0599451
14 0.6803259 0.5043351 0.0269849 0.0166514
21 0.8177036 0.5043351 0.0269849 0.0166514
31 0.4055706 0.5642802 0.0269849 0.0166514
22 0.4742594 0.5642802 0.0269849 0.0166514
10 0.6104105 0.5642802 0.0269849 0.0166514
5 0.7490147 0.5642802 0.0269849 0.0166514
18 0.4055706 0.6841705 0.0269849 0.0166515
7 0.5429482 0.6841705 0.0269849 0.0166515
4 0.7490147 0.6841705 0.0269849 0.0166515
11 0.4055706 0.7441155 0.0269849 0.0166514
19 0.6104105 0.7441155 0.0269849 0.0166514
8 0.7490147 0.5043351 0.0269849 0.0166514
24 0.5429482 0.7441155 0.0269849 0.0166514
12 0.4055706 0.6242254 0.0269849 0.0166514
4 0.6803259 0.6242254 0.0269849 0.0166514
12 0.4742594 0.6242254 0.0269849 0.0166514
31 0.5429482 0.5642802 0.0269849 0.0166514
4 0.6104105 0.4443900 0.0269849 0.0166514
12 0.6803259 0.4443900 0.0269849 0.0166514
18 0.7490147 0.6242254 0.0269849 0.0166514
6 0.6803259 0.7441155 0.0269849 0.0166514
16 0.7490147 0.4443900 0.0269849 0.0166514
7 0.8177036 0.4443900 0.0269849 0.0166514
25 0.4742594 0.7441155 0.0269849 0.0166514
3 0.8177036 0.6841705 0.0269849 0.0166515
6 0.8177036 0.5642802 0.0269849 0.0166514
30 0.4055706 0.5043351 0.0269849 0.0166514
17 0.6803259 0.6841705 0.0269849 0.0166515
9 0.7490147 0.7441155 0.0269849 0.0166514
28 0.5429482 0.6242254 0.0269849 0.0166514
5 0.6104105 0.6841705 0.0269849 0.0166515
11 0.6803259 0.5642802 0.0269849 0.0166514
13 0.4742594 0.6841705 0.0269849 0.0166515
6 0.4742594 0.4443900 0.0269849 0.0166514
21 0.8177036 0.7441155 0.0269849 0.0166514
