9 0.5657487 0.5609113 0.0276265 0.0161252
24 0.4251047 0.5028604 0.0276265 0.0161253
32 0.6379544 0.5657489 0.5085789 0.4128065
14 0.4251047 0.4448095 0.0276265 0.0161253
11 0.4954267 0.4448095 0.0276265 0.0161253
15 0.7767149 0.4448095 0.0276265 0.0161253
18 0.4954267 0.5028604 0.0276265 0.0161253
7 0.6348151 0.5028604 0.0276265 0.0161253
6 0.7063928 0.5028604 0.0276265 0.0161253
3 0.4251047 0.5609113 0.0276265 0.0161252
31 0.7063928 0.5609113 0.0276265 0.0161252
5 0.7767149 0.5609113 0.0276265 0.0161252
22 0.8470369 0.5609113 0.0276266 0.0161252
12 0.7063928 0.6189623 0.0276265 0.0161253
16 0.6348151 0.6770132 0.0276265 0.0161253
29 0.4251047 0.7350641 0.0276265 0.0161252
30 0.6348151 0.7350641 0.0276265 0.0161252
27 0.7063928 0.7350641 0.0276265 0.0161252
33 0.8470369 0.7345266 0.0652991 0.0580509
22 0.8470369 0.7350641 0.0276266 0.0161252
6 0.5657487 0.4448095 0.0276265 0.0161253
17 0.7063928 0.4448095 0.0276265 0.0161253
8 0.4954267 0.7350641 0.0276265 0.0161252
26 0.4954267 0.5609113 0.0276265 0.0161252
19 0.8470369 0.6189623 0.0276266 0.0161253
13 0.5657487 0.6770132 0.0276265 0.0161253
16 0.5657487 0.7350641 0.0276265 0.0161252
3 0.4954267 0.6189623 0.0276265 0.0161253
30 0.7063928 0.6770132 0.0276265 0.0161253
15 0.8470369 0.5028604 0.0276266 0.0161253
27 0.7767149 0.7350641 0.0276265 0.0161252
18 0.5657487 0.5028604 0.0276265 0.0161253
14 0.6348151 0.4448095 0.0276265 0.0161253
12 0.5657487 0.6189623 0.0276265 0.0161253
22 0.4954267 0.6770132 0.0276265 0.0161253
3 0.7767149 0.6770132 0.0276265 0.0161253
12 0.4251047 0.6770132 0.0276265 0.0161253
13 0.7767149 0.5028604 0.0276265 0.0161253
25 0.4251047 0.6189623 0.0276265 0.0161253
17 0.6348151 0.5609113 0.0276265 0.0161252
8 0.6348151 0.6189623 0.0276265 0.0161253
3 0.7767149 0.6189623 0.0276265 0.0161253
3 0.8470369 0.4448095 0.0276266 0.0161253
28 0.8470369 0.6770132 0.0276266 0.0161253
