6 0.3531840 0.7781193 0.0261780 0.0159924
30 0.5530888 0.7205466 0.0261780 0.0159924
32 0.4216037 0.6101990 0.4819134 0.4094059
13 0.2199141 0.4902558 0.0261780 0.0159924
1 0.3531840 0.4902558 0.0261780 0.0159924
5 0.4186290 0.4902558 0.0261780 0.0159924
30 0.6197237 0.4902558 0.0261780 0.0159924
24 0.2199141 0.5478285 0.0261780 0.0159924
11 0.2865490 0.5478285 0.0261780 0.0159924
20 0.4864539 0.5478285 0.0261780 0.0159924
29 0.5530888 0.5478285 0.0261780 0.0159924
15 0.6197237 0.5478285 0.0261780 0.0159924
22 0.4186290 0.6054012 0.0261780 0.0159924
34 0.5524938 0.6048682 0.0606854 0.0575727
27 0.5530888 0.6054012 0.0261780 0.0159924
23 0.4186290 0.6629739 0.0261780 0.0159924
19 0.2865490 0.7205466 0.0261780 0.0159924
21 0.4186290 0.7205466 0.0261780 0.0159924
7 0.2865490 0.7781193 0.0261780 0.0159924
2 0.6197237 0.7781193 0.0261780 0.0159924
25 0.4186290 0.7781193 0.0261780 0.0159924
18 0.4864539 0.6629739 0.0261780 0.0159924
13 0.2199141 0.6629739 0.0261780 0.0159924
16 0.2199141 0.7205466 0.0261780 0.0159924
27 0.3531840 0.6629739 0.0261780 0.0159924
31 0.2865490 0.4902558 0.0261780 0.0159924
2 0.4864539 0.7205466 0.0261780 0.0159924
19 0.2199141 0.7781193 0.0261780 0.0159924
27 0.5530888 0.7781193 0.0261780 0.0159924
14 0.3531840 0.5478285 0.0261780 0.0159924
22 0.6197237 0.6054012 0.0261780 0.0159924
12 0.2199141 0.6054012 0.0261780 0.0159924
14 0.4864539 0.7781193 0.0261780 0.0159924
29 0.6197237 0.7205466 0.0261780 0.0159924
26 0.3531840 0.7205466 0.0261780 0.0159924
9 0.5530888 0.4902558 0.0261780 0.0159924
18 0.2865490 0.6054012 0.0261780 0.0159924
20 0.4186290 0.5478285 0.0261780 0.0159924
9 0.4864539 0.4902558 0.0261780 0.0159924
13 0.4864539 0.6054012 0.0261780 0.0159924
1 0.5530888 0.6629739 0.0261780 0.0159924
9 0.2865490 0.6629739 0.0261780 0.0159924
4 0.6197237 0.6629739 0.0261780 0.0159924
4 0.3531840 0.6054012 0.0261780 0.0159924
