31 0.7526283 0.6143983 0.0281313 0.0164874
8 0.4662008 0.5550436 0.0281313 0.0164874
32 0.5397257 0.5006352 0.5178712 0.4220774
3 0.3229870 0.3769797 0.0281313 0.0164874
7 0.3945939 0.3769797 0.0281313 0.0164874
8 0.6810214 0.3769797 0.0281313 0.0164874
15 0.3229870 0.4363344 0.0281313 0.0164874
23 0.3945939 0.4363344 0.0281313 0.0164874
29 0.5365289 0.4363344 0.0281313 0.0164874
30 0.7526283 0.4363344 0.0281313 0.0164874
10 0.3945939 0.5550436 0.0281313 0.0164874
5 0.6810214 0.5550436 0.0281313 0.0164874
21 0.7526283 0.5550436 0.0281313 0.0164874
9 0.3229870 0.6143983 0.0281313 0.0164874
18 0.3945939 0.6143983 0.0281313 0.0164874
33 0.6087752 0.6138487 0.0677708 0.0593547
11 0.6094145 0.6143983 0.0281313 0.0164874
20 0.6810214 0.6143983 0.0281313 0.0164874
4 0.3229870 0.6737528 0.0281313 0.0164874
11 0.5365289 0.6737528 0.0281313 0.0164874
28 0.6094145 0.4363344 0.0281313 0.0164874
27 0.5365289 0.4956890 0.0281313 0.0164874
30 0.6810214 0.6737528 0.0281313 0.0164874
12 0.4662008 0.6737528 0.0281313 0.0164874
15 0.5365289 0.5550436 0.0281313 0.0164874
16 0.3229870 0.5550436 0.0281313 0.0164874
26 0.6810214 0.4363344 0.0281313 0.0164874
14 0.7526283 0.6737528 0.0281313 0.0164874
28 0.5365289 0.3769797 0.0281313 0.0164874
11 0.4662008 0.3769797 0.0281313 0.0164874
25 0.3229870 0.4956890 0.0281313 0.0164874
20 0.6810214 0.4956890 0.0281313 0.0164874
28 0.6094145 0.4956890 0.0281313 0.0164874
15 0.6094145 0.5550436 0.0281313 0.0164874
16 0.4662008 0.4956890 0.0281313 0.0164874
11 0.4662008 0.4363344 0.0281313 0.0164874
29 0.5365289 0.6143983 0.0281313 0.0164874
13 0.6094145 0.3769797 0.0281313 0.0164874
24 0.3945939 0.4956890 0.0281313 0.0164874
19 0.7526283 0.4956890 0.0281313 0.0164874
14 0.3945939 0.6737528 0.0281313 0.0164874
20 0.7526283 0.3769797 0.0281313 0.0164874
8 0.4662008 0.6143983 0.0281313 0.0164874
3 0.6094145 0.6737528 0.0281313 0.0164874
