11 0.0520661 0.6630024 0.0277532 0.0174800
28 0.1227105 0.6000743 0.0277532 0.0174801
32 0.2658916 0.4794620 0.5109105 0.4474888
8 0.1227105 0.3483618 0.0277532 0.0174800
3 0.1933549 0.3483618 0.0277532 0.0174800
1 0.4759325 0.3483618 0.0277531 0.0174800
33 0.0520661 0.4107072 0.0655984 0.0629281
14 0.0520661 0.4112899 0.0277532 0.0174800
27 0.1933549 0.4112899 0.0277532 0.0174800
5 0.2627378 0.4112899 0.0277532 0.0174800
20 0.3346437 0.4112899 0.0277531 0.0174800
13 0.1227105 0.4742180 0.0277532 0.0174801
16 0.2627378 0.4742180 0.0277532 0.0174801
15 0.2627378 0.5371461 0.0277532 0.0174801
9 0.4759325 0.5371461 0.0277531 0.0174801
21 0.4052881 0.6000743 0.0277532 0.0174801
25 0.1227105 0.6630024 0.0277532 0.0174800
23 0.1933549 0.6630024 0.0277532 0.0174800
31 0.2627378 0.6630024 0.0277532 0.0174800
11 0.4052881 0.6630024 0.0277532 0.0174800
1 0.4052881 0.4742180 0.0277532 0.0174801
20 0.1933549 0.6000743 0.0277532 0.0174801
25 0.1933549 0.5371461 0.0277532 0.0174801
22 0.4759325 0.4112899 0.0277531 0.0174800
27 0.3346437 0.5371461 0.0277531 0.0174801
5 0.4052881 0.3483618 0.0277532 0.0174800
26 0.0520661 0.3483618 0.0277532 0.0174800
28 0.3346437 0.3483618 0.0277531 0.0174800
4 0.4759325 0.4742180 0.0277531 0.0174801
28 0.2627378 0.6000743 0.0277532 0.0174801
6 0.1227105 0.4112899 0.0277532 0.0174800
22 0.1227105 0.5371461 0.0277532 0.0174801
25 0.0520661 0.4742180 0.0277532 0.0174801
3 0.4759325 0.6000743 0.0277531 0.0174801
13 0.2627378 0.3483618 0.0277532 0.0174800
15 0.3346437 0.6000743 0.0277531 0.0174801
14 0.1933549 0.4742180 0.0277532 0.0174801
26 0.3346437 0.6630024 0.0277531 0.0174800
26 0.0520661 0.5371461 0.0277532 0.0174801
22 0.4052881 0.5371461 0.0277532 0.0174801
4 0.4759325 0.6630024 0.0277531 0.0174800
6 0.4052881 0.4112899 0.0277532 0.0174800
18 0.0520661 0.6000743 0.0277532 0.0174801
1 0.3346437 0.4742180 0.0277531 0.0174801
