31 0.3514349 0.6233592 0.0284270 0.0159691
24 0.6408740 0.4508929 0.0284270 0.0159691
32 0.5704524 0.5131724 0.5233161 0.4088089
6 0.7855935 0.4508929 0.0284270 0.0159691
9 0.3514349 0.5083817 0.0284270 0.0159691
3 0.5672221 0.5083817 0.0284270 0.0159691
11 0.7132338 0.5083817 0.0284270 0.0159691
5 0.7855935 0.5083817 0.0284270 0.0159691
10 0.7132338 0.5658704 0.0284270 0.0159691
31 0.4237947 0.6233592 0.0284270 0.0159691
1 0.5672221 0.6233592 0.0284270 0.0159691
25 0.6408740 0.6233592 0.0284270 0.0159691
2 0.7132338 0.6233592 0.0284270 0.0159691
19 0.7855935 0.6233592 0.0284270 0.0159691
15 0.3514349 0.6808480 0.0284270 0.0159691
16 0.4237947 0.6808480 0.0284270 0.0159691
30 0.4961544 0.6808480 0.0284270 0.0159691
33 0.7125877 0.6803156 0.0658991 0.0574888
31 0.7132338 0.6808480 0.0284270 0.0159691
8 0.7855935 0.6808480 0.0284270 0.0159691
14 0.6408740 0.6808480 0.0284270 0.0159691
20 0.4961544 0.6233592 0.0284270 0.0159691
21 0.4961544 0.5083817 0.0284270 0.0159691
16 0.4237947 0.5083817 0.0284270 0.0159691
31 0.6408740 0.5658704 0.0284270 0.0159691
15 0.7855935 0.3934042 0.0284270 0.0159691
12 0.7132338 0.3934042 0.0284270 0.0159691
31 0.3514349 0.4508929 0.0284270 0.0159691
19 0.6408740 0.5083817 0.0284270 0.0159691
24 0.5672221 0.5658704 0.0284270 0.0159691
16 0.4237947 0.3934042 0.0284270 0.0159691
13 0.4237947 0.5658704 0.0284270 0.0159691
18 0.3514349 0.5658704 0.0284270 0.0159691
24 0.7855935 0.5658704 0.0284270 0.0159691
6 0.4237947 0.4508929 0.0284270 0.0159691
29 0.3514349 0.3934042 0.0284270 0.0159691
21 0.4961544 0.5658704 0.0284270 0.0159691
18 0.5672221 0.3934042 0.0284270 0.0159691
4 0.4961544 0.4508929 0.0284270 0.0159691
7 0.4961544 0.3934042 0.0284270 0.0159691
21 0.6408740 0.3934042 0.0284270 0.0159691
21 0.7132338 0.4508929 0.0284270 0.0159691
15 0.5672221 0.6808480 0.0284270 0.0159691
28 0.5672221 0.4508929 0.0284270 0.0159691
