16 0.6835280 0.4184620 0.0272493 0.0166353
1 0.2673573 0.5981239 0.0272493 0.0166354
32 0.4773006 0.4234526 0.5016343 0.4258652
29 0.2673573 0.2986874 0.0272493 0.0166354
20 0.4060809 0.2986874 0.0272493 0.0166354
6 0.2673573 0.3585747 0.0272493 0.0166354
7 0.6141662 0.3585747 0.0272493 0.0166354
34 0.6835280 0.3580202 0.0644073 0.0598873
2 0.6835280 0.3585747 0.0272493 0.0166354
4 0.2673573 0.4184620 0.0272493 0.0166353
22 0.4060809 0.4184620 0.0272493 0.0166353
23 0.6141662 0.4184620 0.0272493 0.0166353
26 0.4060809 0.4783493 0.0272493 0.0166353
15 0.5448045 0.4783493 0.0272493 0.0166353
21 0.6835280 0.4783493 0.0272493 0.0166353
24 0.4060809 0.5382366 0.0272493 0.0166353
18 0.4742040 0.5382366 0.0272493 0.0166353
11 0.6141662 0.5382366 0.0272493 0.0166353
19 0.4742040 0.5981239 0.0272493 0.0166354
17 0.6835280 0.5981239 0.0272493 0.0166354
20 0.5448045 0.3585747 0.0272493 0.0166354
12 0.6835280 0.2986874 0.0272493 0.0166354
18 0.3367191 0.2986874 0.0272493 0.0166354
13 0.3367191 0.4783493 0.0272493 0.0166353
31 0.3367191 0.5981239 0.0272493 0.0166354
19 0.4742040 0.4783493 0.0272493 0.0166353
9 0.6141662 0.4783493 0.0272493 0.0166353
3 0.3367191 0.5382366 0.0272493 0.0166353
12 0.3367191 0.4184620 0.0272493 0.0166353
29 0.4060809 0.5981239 0.0272493 0.0166354
12 0.4742040 0.3585747 0.0272493 0.0166354
24 0.5448045 0.5382366 0.0272493 0.0166353
4 0.5448045 0.4184620 0.0272493 0.0166353
19 0.6141662 0.5981239 0.0272493 0.0166354
29 0.4742040 0.4184620 0.0272493 0.0166353
31 0.5448045 0.5981239 0.0272493 0.0166354
10 0.6835280 0.5382366 0.0272493 0.0166353
21 0.5448045 0.2986874 0.0272493 0.0166354
5 0.3367191 0.3585747 0.0272493 0.0166354
15 0.4742040 0.2986874 0.0272493 0.0166354
19 0.2673573 0.5382366 0.0272493 0.0166353
4 0.2673573 0.4783493 0.0272493 0.0166353
12 0.6141662 0.2986874 0.0272493 0.0166354
2 0.4060809 0.3585747 0.0272493 0.0166354
