24 0.2568538 0.5828362 0.0275563 0.0174468
18 0.6777132 0.7084534 0.0275563 0.0174468
32 0.4691624 0.5252617 0.5072859 0.4466390
11 0.3269971 0.3944105 0.0275563 0.0174468
25 0.3971404 0.3944105 0.0275563 0.0174468
23 0.4660310 0.3944105 0.0275562 0.0174468
24 0.6777132 0.3944105 0.0275563 0.0174468
15 0.2568538 0.4572190 0.0275563 0.0174468
33 0.3263708 0.4566375 0.0638805 0.0628086
20 0.3269971 0.4572190 0.0275563 0.0174468
4 0.4660310 0.4572190 0.0275562 0.0174468
1 0.6075700 0.4572190 0.0275563 0.0174468
22 0.4660310 0.5200277 0.0275562 0.0174468
9 0.3269971 0.5828362 0.0275563 0.0174468
30 0.4660310 0.5828362 0.0275562 0.0174468
2 0.5374268 0.5828362 0.0275563 0.0174468
26 0.6777132 0.5828362 0.0275563 0.0174468
6 0.4660310 0.6456449 0.0275562 0.0174468
7 0.2568538 0.7084534 0.0275563 0.0174468
21 0.4660310 0.7084534 0.0275562 0.0174468
7 0.5374268 0.4572190 0.0275563 0.0174468
1 0.6075700 0.6456449 0.0275563 0.0174468
20 0.3269971 0.5200277 0.0275563 0.0174468
2 0.6777132 0.5200277 0.0275563 0.0174468
17 0.6075700 0.7084534 0.0275563 0.0174468
31 0.5374268 0.3944105 0.0275563 0.0174468
28 0.3269971 0.7084534 0.0275563 0.0174468
19 0.2568538 0.5200277 0.0275563 0.0174468
25 0.5374268 0.6456449 0.0275563 0.0174468
28 0.5374268 0.7084534 0.0275563 0.0174468
13 0.3971404 0.5828362 0.0275563 0.0174468
27 0.6075700 0.3944105 0.0275563 0.0174468
13 0.6075700 0.5828362 0.0275563 0.0174468
3 0.3971404 0.4572190 0.0275563 0.0174468
17 0.2568538 0.6456449 0.0275563 0.0174468
24 0.2568538 0.3944105 0.0275563 0.0174468
9 0.3269971 0.6456449 0.0275563 0.0174468
22 0.5374268 0.5200277 0.0275563 0.0174468
17 0.6075700 0.5200277 0.0275563 0.0174468
19 0.3971404 0.6456449 0.0275563 0.0174468
13 0.3971404 0.7084534 0.0275563 0.0174468
25 0.6777132 0.6456449 0.0275563 0.0174468
18 0.3971404 0.5200277 0.0275563 0.0174468
26 0.6777132 0.4572190 0.0275563 0.0174468
