3 0.0609946 0.2834327 0.0277072 0.0164897
31 0.3431044 0.3427955 0.0277072 0.0164896
32 0.2744661 0.4071052 0.5100647 0.4221353
24 0.1315220 0.2834327 0.0277072 0.0164897
27 0.2020495 0.2834327 0.0277072 0.0164897
7 0.4136319 0.2834327 0.0277072 0.0164897
2 0.4841593 0.2834327 0.0277072 0.0164897
9 0.2020495 0.3427955 0.0277072 0.0164896
12 0.4136319 0.3427955 0.0277072 0.0164896
3 0.4841593 0.3427955 0.0277072 0.0164896
29 0.1315220 0.4021583 0.0277072 0.0164897
33 0.4130022 0.4016086 0.0642304 0.0593628
11 0.4136319 0.4021583 0.0277072 0.0164897
11 0.0609946 0.4615211 0.0277072 0.0164897
4 0.1315220 0.4615211 0.0277072 0.0164897
6 0.3431044 0.4615211 0.0277072 0.0164897
19 0.2713175 0.5208839 0.0277072 0.0164897
13 0.3431044 0.5208839 0.0277072 0.0164897
26 0.2713175 0.5802466 0.0277072 0.0164897
16 0.4841593 0.5802466 0.0277072 0.0164897
8 0.0609946 0.5802466 0.0277072 0.0164897
22 0.3431044 0.5802466 0.0277072 0.0164897
8 0.1315220 0.3427955 0.0277072 0.0164896
30 0.3431044 0.4021583 0.0277072 0.0164897
12 0.2020495 0.4615211 0.0277072 0.0164897
1 0.4136319 0.4615211 0.0277072 0.0164897
2 0.4841593 0.4021583 0.0277072 0.0164897
16 0.2713175 0.2834327 0.0277072 0.0164897
26 0.2713175 0.4021583 0.0277072 0.0164897
18 0.2713175 0.4615211 0.0277072 0.0164897
3 0.2713175 0.3427955 0.0277072 0.0164896
1 0.4841593 0.4615211 0.0277072 0.0164897
1 0.1315220 0.5208839 0.0277072 0.0164897
18 0.4841593 0.5208839 0.0277072 0.0164897
14 0.0609946 0.5208839 0.0277072 0.0164897
26 0.1315220 0.5802466 0.0277072 0.0164897
13 0.2020495 0.5802466 0.0277072 0.0164897
16 0.3431044 0.2834327 0.0277072 0.0164897
21 0.4136319 0.5208839 0.0277072 0.0164897
22 0.0609946 0.3427955 0.0277072 0.0164896
5 0.2020495 0.4021583 0.0277072 0.0164897
25 0.2020495 0.5208839 0.0277072 0.0164897
5 0.0609946 0.4021583 0.0277072 0.0164897
13 0.4136319 0.5802466 0.0277072 0.0164897
