10 0.6088303 0.4587613 0.0268087 0.0161778
15 0.4041097 0.4005212 0.0268087 0.0161778
32 0.4741778 0.4053745 0.4935228 0.4141518
15 0.2676293 0.2840410 0.0268086 0.0161778
4 0.3358695 0.2840410 0.0268087 0.0161778
2 0.6088303 0.2840410 0.0268087 0.0161778
6 0.2676293 0.3422811 0.0268086 0.0161778
21 0.4041097 0.3422811 0.0268087 0.0161778
7 0.4711313 0.3422811 0.0268087 0.0161778
8 0.6088303 0.3422811 0.0268087 0.0161778
1 0.4711313 0.4005212 0.0268087 0.0161778
31 0.2676293 0.4587613 0.0268086 0.0161778
33 0.3352602 0.4582220 0.0621473 0.0582401
9 0.3358695 0.4587613 0.0268087 0.0161778
10 0.2676293 0.5170014 0.0268086 0.0161778
26 0.3358695 0.5170014 0.0268087 0.0161778
18 0.4041097 0.5170014 0.0268087 0.0161778
11 0.5405901 0.5170014 0.0268087 0.0161778
3 0.4711313 0.5752414 0.0268087 0.0161778
13 0.6770705 0.5752414 0.0268086 0.0161778
11 0.4041097 0.2840410 0.0268087 0.0161778
26 0.4711313 0.2840410 0.0268087 0.0161778
10 0.5405901 0.3422811 0.0268087 0.0161778
22 0.5405901 0.4587613 0.0268087 0.0161778
16 0.2676293 0.4005212 0.0268086 0.0161778
14 0.6770705 0.2840410 0.0268086 0.0161778
3 0.3358695 0.3422811 0.0268087 0.0161778
9 0.6770705 0.5170014 0.0268086 0.0161778
7 0.3358695 0.5752414 0.0268087 0.0161778
16 0.4711313 0.4587613 0.0268087 0.0161778
3 0.5405901 0.2840410 0.0268087 0.0161778
16 0.6770705 0.3422811 0.0268086 0.0161778
24 0.6088303 0.4005212 0.0268087 0.0161778
20 0.6088303 0.5752414 0.0268087 0.0161778
2 0.5405901 0.5752414 0.0268087 0.0161778
30 0.3358695 0.4005212 0.0268087 0.0161778
7 0.4711313 0.5170014 0.0268087 0.0161778
1 0.4041097 0.4587613 0.0268087 0.0161778
7 0.6770705 0.4587613 0.0268086 0.0161778
10 0.2676293 0.5752414 0.0268086 0.0161778
22 0.6088303 0.5170014 0.0268087 0.0161778
4 0.5405901 0.4005212 0.0268087 0.0161778
29 0.4041097 0.5752414 0.0268087 0.0161778
15 0.6770705 0.4005212 0.0268086 0.0161778
