16 0.3998534 0.4294666 0.0282376 0.0163378
17 0.3279759 0.2530182 0.0282376 0.0163378
32 0.5455336 0.3755518 0.5198281 0.4182479
25 0.3998534 0.2530182 0.0282376 0.0163378
23 0.6154858 0.2530182 0.0282375 0.0163378
7 0.3998534 0.3118343 0.0282376 0.0163378
31 0.6873633 0.3118343 0.0282376 0.0163378
14 0.7592407 0.3118343 0.0282376 0.0163378
18 0.4717309 0.3706505 0.0282376 0.0163378
17 0.5423248 0.3706505 0.0282376 0.0163378
20 0.5423248 0.4294666 0.0282376 0.0163378
9 0.7592407 0.4294666 0.0282376 0.0163378
2 0.3279759 0.4882827 0.0282376 0.0163378
16 0.4717309 0.4882827 0.0282376 0.0163378
30 0.6154858 0.4882827 0.0282375 0.0163378
33 0.7592407 0.4877381 0.0667435 0.0588161
21 0.7592407 0.4882827 0.0282376 0.0163378
13 0.6154858 0.5470988 0.0282375 0.0163378
5 0.6873633 0.5470988 0.0282376 0.0163378
8 0.7592407 0.5470988 0.0282376 0.0163378
13 0.6154858 0.3706505 0.0282375 0.0163378
5 0.3998534 0.3706505 0.0282376 0.0163378
11 0.6873633 0.4882827 0.0282376 0.0163378
14 0.6873633 0.4294666 0.0282376 0.0163378
25 0.6873633 0.3706505 0.0282376 0.0163378
20 0.5423248 0.3118343 0.0282376 0.0163378
8 0.3279759 0.3706505 0.0282376 0.0163378
20 0.6873633 0.2530182 0.0282376 0.0163378
19 0.4717309 0.3118343 0.0282376 0.0163378
4 0.7592407 0.2530182 0.0282376 0.0163378
25 0.3998534 0.5470988 0.0282376 0.0163378
26 0.3279759 0.4294666 0.0282376 0.0163378
20 0.3279759 0.5470988 0.0282376 0.0163378
27 0.6154858 0.3118343 0.0282375 0.0163378
21 0.3279759 0.3118343 0.0282376 0.0163378
7 0.4717309 0.4294666 0.0282376 0.0163378
26 0.4717309 0.2530182 0.0282376 0.0163378
28 0.7592407 0.3706505 0.0282376 0.0163378
17 0.5423248 0.4882827 0.0282376 0.0163378
7 0.5423248 0.5470988 0.0282376 0.0163378
7 0.6154858 0.4294666 0.0282375 0.0163378
24 0.4717309 0.5470988 0.0282376 0.0163378
31 0.5423248 0.2530182 0.0282376 0.0163378
28 0.3998534 0.4882827 0.0282376 0.0163378
