22 0.2729675 0.2672137 0.0286584 0.0173008
9 0.1270703 0.3917795 0.0286584 0.0173008
32 0.3478700 0.3969697 0.5275745 0.4429003
8 0.4918132 0.2672137 0.0286584 0.0173008
2 0.5647617 0.2672137 0.0286584 0.0173008
5 0.1270703 0.3294966 0.0286584 0.0173008
11 0.2000189 0.3294966 0.0286584 0.0173008
19 0.2729675 0.3294966 0.0286584 0.0173008
10 0.4918132 0.3294966 0.0286584 0.0173008
34 0.5647617 0.3289199 0.0677380 0.0622828
24 0.5647617 0.3294966 0.0286584 0.0173008
15 0.4918132 0.3917795 0.0286584 0.0173008
26 0.1270703 0.4540623 0.0286584 0.0173008
27 0.2729675 0.4540623 0.0286584 0.0173008
7 0.5647617 0.4540623 0.0286584 0.0173008
24 0.1270703 0.5163452 0.0286584 0.0173008
17 0.3446134 0.5163452 0.0286584 0.0173008
3 0.2000189 0.5786281 0.0286584 0.0173008
22 0.3446134 0.5786281 0.0286584 0.0173008
25 0.4918132 0.5786281 0.0286584 0.0173008
20 0.4188646 0.4540623 0.0286584 0.0173008
27 0.2000189 0.4540623 0.0286584 0.0173008
16 0.1270703 0.2672137 0.0286584 0.0173008
26 0.3446134 0.2672137 0.0286584 0.0173008
2 0.2000189 0.5163452 0.0286584 0.0173008
24 0.2729675 0.3917795 0.0286584 0.0173008
10 0.4918132 0.5163452 0.0286584 0.0173008
22 0.4188646 0.5163452 0.0286584 0.0173008
24 0.4188646 0.2672137 0.0286584 0.0173008
6 0.2729675 0.5163452 0.0286584 0.0173008
29 0.1270703 0.5786281 0.0286584 0.0173008
24 0.3446134 0.3294966 0.0286584 0.0173008
16 0.3446134 0.3917795 0.0286584 0.0173008
31 0.5647617 0.5786281 0.0286584 0.0173008
19 0.4188646 0.5786281 0.0286584 0.0173008
3 0.2000189 0.3917795 0.0286584 0.0173008
6 0.4188646 0.3917795 0.0286584 0.0173008
20 0.3446134 0.4540623 0.0286584 0.0173008
6 0.2729675 0.5786281 0.0286584 0.0173008
8 0.4188646 0.3294966 0.0286584 0.0173008
2 0.2000189 0.2672137 0.0286584 0.0173008
15 0.5647617 0.3917795 0.0286584 0.0173008
1 0.5647617 0.5163452 0.0286584 0.0173008
17 0.4918132 0.4540623 0.0286584 0.0173008
