15 0.3145935 0.7707282 0.0271080 0.0160594
22 0.3145935 0.5394720 0.0271080 0.0160595
32 0.3176739 0.6021039 0.4990339 0.4111221
24 0.1088190 0.4816580 0.0271080 0.0160595
29 0.3145935 0.4816580 0.0271080 0.0160595
7 0.3848279 0.4816580 0.0271080 0.0160595
19 0.1088190 0.5394720 0.0271080 0.0160595
31 0.1778212 0.5394720 0.0271080 0.0160595
4 0.2468235 0.5394720 0.0271080 0.0160595
33 0.3842118 0.5389367 0.0653057 0.0578141
25 0.3848279 0.5394720 0.0271080 0.0160595
9 0.1088190 0.5972861 0.0271080 0.0160594
12 0.1778212 0.5972861 0.0271080 0.0160594
20 0.3145935 0.5972861 0.0271080 0.0160594
16 0.3848279 0.5972861 0.0271080 0.0160594
8 0.4538301 0.5972861 0.0271080 0.0160594
15 0.3848279 0.6551002 0.0271080 0.0160594
11 0.1088190 0.7129142 0.0271080 0.0160595
26 0.2468235 0.7129142 0.0271080 0.0160595
21 0.5228323 0.7129142 0.0271080 0.0160595
4 0.3848279 0.7129142 0.0271080 0.0160595
8 0.5228323 0.5972861 0.0271080 0.0160594
11 0.3848279 0.7707282 0.0271080 0.0160594
8 0.1088190 0.7707282 0.0271080 0.0160594
13 0.5228323 0.5394720 0.0271080 0.0160595
15 0.4538301 0.7129142 0.0271080 0.0160595
19 0.2468235 0.4816580 0.0271080 0.0160595
18 0.1778212 0.7129142 0.0271080 0.0160595
4 0.1778212 0.4816580 0.0271080 0.0160595
21 0.1088190 0.6551002 0.0271080 0.0160594
2 0.5228323 0.6551002 0.0271080 0.0160594
20 0.3145935 0.6551002 0.0271080 0.0160594
11 0.4538301 0.7707282 0.0271080 0.0160594
9 0.1778212 0.6551002 0.0271080 0.0160594
11 0.2468235 0.6551002 0.0271080 0.0160594
25 0.1778212 0.7707282 0.0271080 0.0160594
3 0.2468235 0.7707282 0.0271080 0.0160594
3 0.4538301 0.5394720 0.0271080 0.0160595
16 0.5228323 0.7707282 0.0271080 0.0160594
10 0.4538301 0.6551002 0.0271080 0.0160594
17 0.5228323 0.4816580 0.0271080 0.0160595
13 0.2468235 0.5972861 0.0271080 0.0160594
27 0.3145935 0.7129142 0.0271080 0.0160595
5 0.4538301 0.4816580 0.0271080 0.0160595
