9 0.5742169 0.5558927 0.0268527 0.0161198
30 0.3691599 0.3817992 0.0268527 0.0161198
32 0.4393431 0.4446663 0.4943340 0.4126660
19 0.3008075 0.3237681 0.0268527 0.0161198
23 0.4362917 0.3237681 0.0268527 0.0161198
13 0.5058646 0.3237681 0.0268527 0.0161198
26 0.5742169 0.3237681 0.0268527 0.0161198
25 0.5742169 0.3817992 0.0268527 0.0161198
1 0.2324552 0.4398304 0.0268527 0.0161197
16 0.3691599 0.4398304 0.0268527 0.0161197
30 0.4362917 0.4398304 0.0268527 0.0161197
33 0.5052543 0.4392931 0.0646906 0.0580311
8 0.5058646 0.4398304 0.0268527 0.0161197
3 0.5742169 0.4398304 0.0268527 0.0161197
17 0.3008075 0.4978616 0.0268527 0.0161197
11 0.5742169 0.4978616 0.0268527 0.0161197
14 0.6425693 0.4978616 0.0268527 0.0161197
7 0.4362917 0.5558927 0.0268527 0.0161198
18 0.6425693 0.5558927 0.0268527 0.0161198
9 0.3691599 0.6139239 0.0268527 0.0161198
24 0.2324552 0.3817992 0.0268527 0.0161198
7 0.6425693 0.4398304 0.0268527 0.0161197
10 0.2324552 0.4978616 0.0268527 0.0161197
30 0.5742169 0.6139239 0.0268527 0.0161198
2 0.3691599 0.3237681 0.0268527 0.0161198
13 0.4362917 0.6139239 0.0268527 0.0161198
9 0.3008075 0.3817992 0.0268527 0.0161198
30 0.2324552 0.3237681 0.0268527 0.0161198
19 0.4362917 0.3817992 0.0268527 0.0161198
28 0.6425693 0.6139239 0.0268527 0.0161198
17 0.3008075 0.4398304 0.0268527 0.0161197
27 0.6425693 0.3817992 0.0268527 0.0161198
16 0.5058646 0.5558927 0.0268527 0.0161198
5 0.2324552 0.5558927 0.0268527 0.0161198
12 0.2324552 0.6139239 0.0268527 0.0161198
15 0.3691599 0.5558927 0.0268527 0.0161198
24 0.5058646 0.4978616 0.0268527 0.0161197
19 0.5058646 0.3817992 0.0268527 0.0161198
13 0.3008075 0.6139239 0.0268527 0.0161198
21 0.4362917 0.4978616 0.0268527 0.0161197
13 0.6425693 0.3237681 0.0268527 0.0161198
30 0.3008075 0.5558927 0.0268527 0.0161198
30 0.5058646 0.6139239 0.0268527 0.0161198
25 0.3691599 0.4978616 0.0268527 0.0161197
