28 0.2705136 0.6395860 0.0266394 0.0160370
24 0.2705136 0.4663872 0.0266394 0.0160369
32 0.4757582 0.5289312 0.4904076 0.4105455
21 0.4061324 0.4086543 0.0266394 0.0160369
25 0.6773703 0.4086543 0.0266394 0.0160369
34 0.3377176 0.4658527 0.0617550 0.0577329
22 0.3383230 0.4663872 0.0266394 0.0160369
23 0.4727310 0.4663872 0.0266394 0.0160369
6 0.6095608 0.4663872 0.0266395 0.0160369
4 0.2705136 0.5241202 0.0266394 0.0160370
13 0.4727310 0.5241202 0.0266394 0.0160370
31 0.6773703 0.5241202 0.0266394 0.0160370
22 0.4727310 0.5818532 0.0266394 0.0160370
1 0.5417514 0.5818532 0.0266394 0.0160370
7 0.6095608 0.5818532 0.0266395 0.0160370
18 0.3383230 0.6395860 0.0266394 0.0160370
27 0.4727310 0.6395860 0.0266394 0.0160370
5 0.6773703 0.6395860 0.0266394 0.0160370
19 0.3383230 0.6973191 0.0266394 0.0160369
15 0.5417514 0.6973191 0.0266394 0.0160369
15 0.4727310 0.6973191 0.0266394 0.0160369
11 0.4061324 0.6395860 0.0266394 0.0160370
30 0.5417514 0.4086543 0.0266394 0.0160369
4 0.5417514 0.4663872 0.0266394 0.0160369
12 0.4727310 0.4086543 0.0266394 0.0160369
30 0.3383230 0.5241202 0.0266394 0.0160370
20 0.6773703 0.6973191 0.0266394 0.0160369
29 0.6095608 0.4086543 0.0266395 0.0160369
9 0.3383230 0.5818532 0.0266394 0.0160370
20 0.6095608 0.6395860 0.0266395 0.0160370
22 0.4061324 0.4663872 0.0266394 0.0160369
20 0.4061324 0.6973191 0.0266394 0.0160369
10 0.6773703 0.4663872 0.0266394 0.0160369
10 0.3383230 0.4086543 0.0266394 0.0160369
6 0.2705136 0.5818532 0.0266394 0.0160370
7 0.4061324 0.5818532 0.0266394 0.0160370
8 0.4061324 0.5241202 0.0266394 0.0160370
31 0.2705136 0.6973191 0.0266394 0.0160369
12 0.6095608 0.6973191 0.0266395 0.0160369
30 0.5417514 0.6395860 0.0266394 0.0160370
3 0.2705136 0.4086543 0.0266394 0.0160369
20 0.6095608 0.5241202 0.0266395 0.0160370
4 0.5417514 0.5241202 0.0266394 0.0160370
3 0.6773703 0.5818532 0.0266394 0.0160370
