24 0.2880544 0.3877676 0.0264733 0.0161117
14 0.2880544 0.5617737 0.0264733 0.0161117
32 0.3572460 0.3926010 0.4873494 0.4124589
17 0.5576007 0.2717635 0.0264733 0.0161117
18 0.2206678 0.3297656 0.0264733 0.0161117
24 0.2880544 0.3297656 0.0264733 0.0161117
31 0.4228275 0.3297656 0.0264733 0.0161117
13 0.4902142 0.3297656 0.0264733 0.0161117
22 0.5576007 0.3297656 0.0264733 0.0161117
1 0.2206678 0.3877676 0.0264733 0.0161117
33 0.4896125 0.3872305 0.0613699 0.0580020
6 0.4902142 0.3877676 0.0264733 0.0161117
5 0.5576007 0.3877676 0.0264733 0.0161117
25 0.3542376 0.4457696 0.0264733 0.0161117
11 0.4228275 0.4457696 0.0264733 0.0161117
19 0.2880544 0.5037716 0.0264733 0.0161117
14 0.3542376 0.5037716 0.0264733 0.0161117
9 0.4228275 0.5037716 0.0264733 0.0161117
27 0.2206678 0.5617737 0.0264733 0.0161117
23 0.5576007 0.5617737 0.0264733 0.0161117
16 0.3542376 0.3877676 0.0264733 0.0161117
25 0.1532812 0.5037716 0.0264733 0.0161117
29 0.2880544 0.4457696 0.0264733 0.0161117
18 0.3542376 0.3297656 0.0264733 0.0161117
10 0.4902142 0.2717635 0.0264733 0.0161117
30 0.2206678 0.4457696 0.0264733 0.0161117
3 0.4902142 0.4457696 0.0264733 0.0161117
25 0.1532812 0.3297656 0.0264733 0.0161117
27 0.4902142 0.5617737 0.0264733 0.0161117
7 0.4228275 0.3877676 0.0264733 0.0161117
2 0.2206678 0.2717635 0.0264733 0.0161117
11 0.2206678 0.5037716 0.0264733 0.0161117
9 0.1532812 0.2717635 0.0264733 0.0161117
20 0.5576007 0.4457696 0.0264733 0.0161117
7 0.4902142 0.5037716 0.0264733 0.0161117
3 0.1532812 0.4457696 0.0264733 0.0161117
5 0.3542376 0.5617737 0.0264733 0.0161117
10 0.5576007 0.5037716 0.0264733 0.0161117
24 0.4228275 0.2717635 0.0264733 0.0161117
21 0.1532812 0.5617737 0.0264733 0.0161117
30 0.1532812 0.3877676 0.0264733 0.0161117
29 0.2880544 0.2717635 0.0264733 0.0161117
29 0.3542376 0.2717635 0.0264733 0.0161117
30 0.4228275 0.5617737 0.0264733 0.0161117
