26 0.8544128 0.7483933 0.0279768 0.0172222
14 0.7831990 0.5623934 0.0279769 0.0172222
32 0.6426788 0.6295601 0.5150285 0.4408885
20 0.4983437 0.5003935 0.0279768 0.0172222
4 0.7831990 0.5003935 0.0279769 0.0172222
6 0.8544128 0.5003935 0.0279768 0.0172222
9 0.4271299 0.5623934 0.0279769 0.0172222
18 0.4271299 0.6243934 0.0279769 0.0172221
7 0.4983437 0.6243934 0.0279768 0.0172221
19 0.8544128 0.6243934 0.0279768 0.0172221
14 0.4983437 0.6863934 0.0279768 0.0172222
27 0.6394997 0.6863934 0.0279769 0.0172222
33 0.7113493 0.6858193 0.0673988 0.0619999
24 0.7119852 0.6863934 0.0279768 0.0172222
29 0.7831990 0.6863934 0.0279769 0.0172222
11 0.8544128 0.6863934 0.0279768 0.0172222
15 0.4271299 0.8103932 0.0279769 0.0172222
3 0.6394997 0.8103932 0.0279769 0.0172222
16 0.7119852 0.8103932 0.0279768 0.0172222
1 0.7831990 0.8103932 0.0279769 0.0172222
4 0.4271299 0.7483933 0.0279769 0.0172222
3 0.5695576 0.6863934 0.0279769 0.0172222
19 0.5695576 0.8103932 0.0279769 0.0172222
31 0.4983437 0.7483933 0.0279768 0.0172222
8 0.5695576 0.5003935 0.0279769 0.0172222
30 0.8544128 0.5623934 0.0279768 0.0172222
20 0.7119852 0.5003935 0.0279768 0.0172222
12 0.6394997 0.5623934 0.0279769 0.0172222
18 0.5695576 0.5623934 0.0279769 0.0172222
4 0.7119852 0.5623934 0.0279768 0.0172222
17 0.4271299 0.6863934 0.0279769 0.0172222
7 0.5695576 0.6243934 0.0279769 0.0172221
28 0.4271299 0.5003935 0.0279769 0.0172222
2 0.8544128 0.8103932 0.0279768 0.0172222
1 0.7119852 0.6243934 0.0279768 0.0172221
22 0.7831990 0.7483933 0.0279769 0.0172222
5 0.6394997 0.5003935 0.0279769 0.0172222
2 0.4983437 0.5623934 0.0279768 0.0172222
17 0.7119852 0.7483933 0.0279768 0.0172222
28 0.4983437 0.8103932 0.0279768 0.0172222
9 0.7831990 0.6243934 0.0279769 0.0172221
4 0.5695576 0.7483933 0.0279769 0.0172222
13 0.6394997 0.7483933 0.0279769 0.0172222
21 0.6394997 0.6243934 0.0279769 0.0172221
