2 0.3645952 0.5531374 0.0265898 0.0162023
17 0.4322783 0.6114658 0.0265898 0.0162023
32 0.5017744 0.5579981 0.4894941 0.4147792
27 0.4987528 0.4364808 0.0265898 0.0162023
6 0.2969120 0.4948091 0.0265898 0.0162023
23 0.4987528 0.4948091 0.0265898 0.0162023
3 0.6353278 0.4948091 0.0265898 0.0162023
29 0.2969120 0.5531374 0.0265898 0.0162023
30 0.4322783 0.5531374 0.0265898 0.0162023
9 0.5676446 0.5531374 0.0265898 0.0162023
34 0.2969120 0.6109257 0.0628486 0.0583283
6 0.2969120 0.6114658 0.0265898 0.0162023
11 0.3645952 0.6114658 0.0265898 0.0162023
10 0.4987528 0.6114658 0.0265898 0.0162023
25 0.2969120 0.6697941 0.0265898 0.0162023
4 0.4987528 0.6697941 0.0265898 0.0162023
12 0.5676446 0.6697941 0.0265898 0.0162023
24 0.2969120 0.7281224 0.0265898 0.0162023
31 0.5676446 0.7281224 0.0265898 0.0162023
2 0.6353278 0.7281224 0.0265898 0.0162023
3 0.4322783 0.7281224 0.0265898 0.0162023
20 0.3645952 0.6697941 0.0265898 0.0162023
22 0.6353278 0.4364808 0.0265898 0.0162023
9 0.4987528 0.7281224 0.0265898 0.0162023
24 0.7030109 0.4948091 0.0265898 0.0162023
30 0.7030109 0.6114658 0.0265898 0.0162023
9 0.6353278 0.6114658 0.0265898 0.0162023
12 0.6353278 0.5531374 0.0265898 0.0162023
2 0.3645952 0.4364808 0.0265898 0.0162023
13 0.7030109 0.5531374 0.0265898 0.0162023
17 0.5676446 0.4948091 0.0265898 0.0162023
5 0.4987528 0.5531374 0.0265898 0.0162023
27 0.4322783 0.4948091 0.0265898 0.0162023
30 0.6353278 0.6697941 0.0265898 0.0162023
25 0.4322783 0.6697941 0.0265898 0.0162023
15 0.5676446 0.6114658 0.0265898 0.0162023
17 0.4322783 0.4364808 0.0265898 0.0162023
11 0.3645952 0.7281224 0.0265898 0.0162023
29 0.2969120 0.4364808 0.0265898 0.0162023
21 0.5676446 0.4364808 0.0265898 0.0162023
7 0.7030109 0.6697941 0.0265898 0.0162023
17 0.3645952 0.4948091 0.0265898 0.0162023
10 0.7030109 0.4364808 0.0265898 0.0162023
8 0.7030109 0.7281224 0.0265898 0.0162023
