31 0.4239294 0.5291785 0.0281473 0.0169428
25 0.3522817 0.3461961 0.0281473 0.0169428
32 0.2825531 0.3512789 0.5181663 0.4337360
29 0.0656910 0.2242079 0.0281473 0.0169428
6 0.1373386 0.2242079 0.0281473 0.0169428
10 0.3522817 0.2242079 0.0281473 0.0169428
13 0.4955771 0.2242079 0.0281473 0.0169428
8 0.1373386 0.2852020 0.0281473 0.0169428
21 0.1373386 0.3461961 0.0281473 0.0169428
1 0.1373386 0.4071902 0.0281473 0.0169428
23 0.2793546 0.4071902 0.0281473 0.0169428
2 0.3522817 0.4071902 0.0281473 0.0169428
31 0.4955771 0.4071902 0.0281473 0.0169428
16 0.0656910 0.4681843 0.0281473 0.0169428
15 0.2089863 0.4681843 0.0281473 0.0169428
33 0.4232896 0.4676196 0.0652506 0.0609941
9 0.4239294 0.4681843 0.0281473 0.0169428
24 0.4955771 0.4681843 0.0281473 0.0169428
20 0.2089863 0.5291785 0.0281473 0.0169428
9 0.3522817 0.5291785 0.0281473 0.0169428
28 0.4955771 0.2852020 0.0281473 0.0169428
9 0.2793546 0.5291785 0.0281473 0.0169428
12 0.0656910 0.5291785 0.0281473 0.0169428
17 0.4239294 0.2242079 0.0281473 0.0169428
14 0.1373386 0.4681843 0.0281473 0.0169428
2 0.4955771 0.3461961 0.0281473 0.0169428
18 0.1373386 0.5291785 0.0281473 0.0169428
21 0.2793546 0.3461961 0.0281473 0.0169428
11 0.0656910 0.3461961 0.0281473 0.0169428
4 0.4239294 0.4071902 0.0281473 0.0169428
14 0.3522817 0.2852020 0.0281473 0.0169428
26 0.3522817 0.4681843 0.0281473 0.0169428
27 0.4955771 0.5291785 0.0281473 0.0169428
6 0.4239294 0.3461961 0.0281473 0.0169428
5 0.4239294 0.2852020 0.0281473 0.0169428
10 0.0656910 0.2852020 0.0281473 0.0169428
5 0.2089863 0.2242079 0.0281473 0.0169428
14 0.2089863 0.2852020 0.0281473 0.0169428
7 0.0656910 0.4071902 0.0281473 0.0169428
19 0.2089863 0.3461961 0.0281473 0.0169428
5 0.2793546 0.4681843 0.0281473 0.0169428
17 0.2793546 0.2852020 0.0281473 0.0169428
17 0.2793546 0.2242079 0.0281473 0.0169428
8 0.2089863 0.4071902 0.0281473 0.0169428
