8 0.5825021 0.4699906 0.0286583 0.0165555
2 0.6567532 0.3507911 0.0286583 0.0165555
32 0.5857588 0.3557577 0.5275733 0.4238205
5 0.4379080 0.2315916 0.0286583 0.0165555
25 0.5825021 0.2315916 0.0286583 0.0165555
30 0.5825021 0.2911913 0.0286583 0.0165554
8 0.7297016 0.2911913 0.0286583 0.0165554
2 0.8026501 0.2911913 0.0286583 0.0165554
1 0.5108564 0.3507911 0.0286583 0.0165555
22 0.5108564 0.4103909 0.0286583 0.0165555
10 0.5825021 0.4103909 0.0286583 0.0165555
3 0.7297016 0.4103909 0.0286583 0.0165555
31 0.5108564 0.4699906 0.0286583 0.0165555
4 0.7297016 0.4699906 0.0286583 0.0165555
33 0.8026500 0.4694387 0.0677378 0.0595997
23 0.8026501 0.4699906 0.0286583 0.0165555
12 0.4379080 0.5295904 0.0286583 0.0165555
11 0.5108564 0.5295904 0.0286583 0.0165555
13 0.5825021 0.5295904 0.0286583 0.0165555
23 0.6567532 0.5295904 0.0286583 0.0165555
8 0.7297016 0.5295904 0.0286583 0.0165555
2 0.5108564 0.2911913 0.0286583 0.0165554
12 0.6567532 0.4103909 0.0286583 0.0165555
14 0.8026501 0.3507911 0.0286583 0.0165555
12 0.6567532 0.4699906 0.0286583 0.0165555
26 0.4379080 0.2911913 0.0286583 0.0165554
7 0.5825021 0.3507911 0.0286583 0.0165555
22 0.6567532 0.2315916 0.0286583 0.0165555
27 0.3649596 0.4699906 0.0286583 0.0165555
22 0.3649596 0.4103909 0.0286583 0.0165555
5 0.3649596 0.2911913 0.0286583 0.0165554
25 0.8026501 0.4103909 0.0286583 0.0165555
20 0.7297016 0.2315916 0.0286583 0.0165555
20 0.6567532 0.2911913 0.0286583 0.0165554
27 0.3649596 0.5295904 0.0286583 0.0165555
9 0.3649596 0.3507911 0.0286583 0.0165555
2 0.7297016 0.3507911 0.0286583 0.0165555
15 0.8026501 0.5295904 0.0286583 0.0165555
31 0.5108564 0.2315916 0.0286583 0.0165555
10 0.4379080 0.4103909 0.0286583 0.0165555
25 0.8026501 0.2315916 0.0286583 0.0165555
31 0.4379080 0.3507911 0.0286583 0.0165555
28 0.4379080 0.4699906 0.0286583 0.0165555
9 0.3649596 0.2315916 0.0286583 0.0165555
