10 0.3250573 0.2486082 0.0276731 0.0171732
9 0.5376368 0.5577257 0.0276731 0.0171732
32 0.3282020 0.3774072 0.5094359 0.4396338
15 0.1149936 0.2486082 0.0276731 0.0171732
18 0.4671963 0.2486082 0.0276731 0.0171732
7 0.5376368 0.2486082 0.0276731 0.0171732
5 0.4671963 0.3104317 0.0276731 0.0171732
27 0.5376368 0.3104317 0.0276731 0.0171732
3 0.2558747 0.3722552 0.0276731 0.0171732
13 0.3967558 0.3722552 0.0276731 0.0171732
9 0.4671963 0.3722552 0.0276731 0.0171732
17 0.1854342 0.4340787 0.0276731 0.0171732
16 0.2558747 0.4340787 0.0276731 0.0171732
10 0.3250573 0.4340787 0.0276731 0.0171732
33 0.3961268 0.4335063 0.0666669 0.0618235
3 0.3967558 0.4340787 0.0276731 0.0171732
12 0.3250573 0.4959022 0.0276731 0.0171732
19 0.5376368 0.4959022 0.0276731 0.0171732
25 0.1854342 0.5577257 0.0276731 0.0171732
11 0.2558747 0.5577257 0.0276731 0.0171732
31 0.1149936 0.4959022 0.0276731 0.0171732
24 0.3250573 0.3722552 0.0276731 0.0171732
27 0.4671963 0.4959022 0.0276731 0.0171732
12 0.1854342 0.2486082 0.0276731 0.0171732
20 0.1149936 0.5577257 0.0276731 0.0171732
7 0.5376368 0.3722552 0.0276731 0.0171732
19 0.2558747 0.2486082 0.0276731 0.0171732
11 0.1854342 0.4959022 0.0276731 0.0171732
26 0.3967558 0.2486082 0.0276731 0.0171732
26 0.3967558 0.4959022 0.0276731 0.0171732
30 0.2558747 0.4959022 0.0276731 0.0171732
27 0.1149936 0.4340787 0.0276731 0.0171732
1 0.1149936 0.3104317 0.0276731 0.0171732
22 0.3967558 0.3104317 0.0276731 0.0171732
28 0.4671963 0.4340787 0.0276731 0.0171732
10 0.1854342 0.3722552 0.0276731 0.0171732
31 0.3250573 0.3104317 0.0276731 0.0171732
9 0.4671963 0.5577257 0.0276731 0.0171732
2 0.3250573 0.5577257 0.0276731 0.0171732
18 0.5376368 0.4340787 0.0276731 0.0171732
18 0.1149936 0.3722552 0.0276731 0.0171732
29 0.3967558 0.5577257 0.0276731 0.0171732
29 0.1854342 0.3104317 0.0276731 0.0171732
16 0.2558747 0.3104317 0.0276731 0.0171732
