16 0.4817843 0.4681007 0.0286750 0.0158997
3 0.6290696 0.4681007 0.0286750 0.0158997
32 0.4850429 0.5873480 0.5278807 0.4070309
10 0.5560787 0.4681007 0.0286750 0.0158997
34 0.2641150 0.5248094 0.0677773 0.0572387
5 0.2641150 0.5253394 0.0286750 0.0158997
14 0.3371059 0.5253394 0.0286750 0.0158997
30 0.4817843 0.5253394 0.0286750 0.0158997
17 0.5560787 0.5825781 0.0286750 0.0158997
12 0.7020605 0.5825781 0.0286750 0.0158997
27 0.4100969 0.6398169 0.0286750 0.0158997
25 0.5560787 0.6398169 0.0286750 0.0158997
18 0.6290696 0.6398169 0.0286750 0.0158997
2 0.7020605 0.6398169 0.0286750 0.0158997
1 0.3371059 0.6970556 0.0286750 0.0158997
4 0.5560787 0.6970556 0.0286750 0.0158997
11 0.6290696 0.6970556 0.0286750 0.0158997
22 0.7020605 0.6970556 0.0286750 0.0158997
31 0.2641150 0.7542943 0.0286750 0.0158996
16 0.4100969 0.7542943 0.0286750 0.0158996
26 0.4100969 0.4681007 0.0286750 0.0158997
26 0.5560787 0.5253394 0.0286750 0.0158997
5 0.7020605 0.5253394 0.0286750 0.0158997
20 0.3371059 0.5825781 0.0286750 0.0158997
7 0.4817843 0.6970556 0.0286750 0.0158997
15 0.5560787 0.7542943 0.0286750 0.0158996
22 0.6290696 0.5825781 0.0286750 0.0158997
18 0.7020605 0.4681007 0.0286750 0.0158997
7 0.4100969 0.5825781 0.0286750 0.0158997
9 0.6290696 0.5253394 0.0286750 0.0158997
17 0.3371059 0.7542943 0.0286750 0.0158996
13 0.4100969 0.6970556 0.0286750 0.0158997
24 0.2641150 0.6398169 0.0286750 0.0158997
1 0.3371059 0.4681007 0.0286750 0.0158997
29 0.4817843 0.5825781 0.0286750 0.0158997
4 0.7020605 0.7542943 0.0286750 0.0158996
4 0.2641150 0.4681007 0.0286750 0.0158997
31 0.6290696 0.7542943 0.0286750 0.0158996
8 0.4100969 0.5253394 0.0286750 0.0158997
31 0.4817843 0.7542943 0.0286750 0.0158996
12 0.2641150 0.6970556 0.0286750 0.0158997
1 0.3371059 0.6398169 0.0286750 0.0158997
30 0.2641150 0.5825781 0.0286750 0.0158997
3 0.4817843 0.6398169 0.0286750 0.0158997
