24 0.4640652 0.4083727 0.0273215 0.0162623
20 0.3249738 0.5254616 0.0273215 0.0162623
32 0.2572910 0.3547070 0.5029644 0.4163160
7 0.0467911 0.2327394 0.0273215 0.0162623
21 0.1163368 0.2327394 0.0273215 0.0162623
10 0.2541862 0.2327394 0.0273215 0.0162623
22 0.3249738 0.2327394 0.0273215 0.0162623
3 0.2541862 0.2912838 0.0273215 0.0162623
26 0.4640652 0.2912838 0.0273215 0.0162623
15 0.0467911 0.3498283 0.0273215 0.0162623
1 0.3249738 0.3498283 0.0273215 0.0162623
18 0.3945195 0.3498283 0.0273215 0.0162623
12 0.1163368 0.4083727 0.0273215 0.0162623
31 0.2541862 0.4083727 0.0273215 0.0162623
13 0.1163368 0.4669171 0.0273215 0.0162623
25 0.1858825 0.4669171 0.0273215 0.0162623
33 0.3243529 0.4663751 0.0658200 0.0585444
28 0.3249738 0.4669171 0.0273215 0.0162623
6 0.3945195 0.4669171 0.0273215 0.0162623
8 0.4640652 0.4669171 0.0273215 0.0162623
14 0.4640652 0.3498283 0.0273215 0.0162623
6 0.4640652 0.2327394 0.0273215 0.0162623
13 0.1163368 0.5254616 0.0273215 0.0162623
1 0.4640652 0.5254616 0.0273215 0.0162623
28 0.1858825 0.3498283 0.0273215 0.0162623
11 0.2541862 0.5254616 0.0273215 0.0162623
13 0.0467911 0.4669171 0.0273215 0.0162623
13 0.1163368 0.3498283 0.0273215 0.0162623
7 0.3249738 0.2912838 0.0273215 0.0162623
22 0.1858825 0.5254616 0.0273215 0.0162623
28 0.3945195 0.2912838 0.0273215 0.0162623
1 0.0467911 0.4083727 0.0273215 0.0162623
26 0.2541862 0.3498283 0.0273215 0.0162623
21 0.1858825 0.2327394 0.0273215 0.0162623
7 0.1858825 0.2912838 0.0273215 0.0162623
4 0.3249738 0.4083727 0.0273215 0.0162623
3 0.3945195 0.4083727 0.0273215 0.0162623
19 0.2541862 0.4669171 0.0273215 0.0162623
18 0.3945195 0.5254616 0.0273215 0.0162623
21 0.1858825 0.4083727 0.0273215 0.0162623
7 0.0467911 0.5254616 0.0273215 0.0162623
26 0.1163368 0.2912838 0.0273215 0.0162623
19 0.0467911 0.2912838 0.0273215 0.0162623
4 0.3945195 0.2327394 0.0273215 0.0162623
