18 0.7169289 0.4487615 0.0286790 0.0164977
9 0.2789233 0.6863282 0.0286790 0.0164977
32 0.4998814 0.5724942 0.5279531 0.4223407
12 0.3519242 0.4487615 0.0286789 0.0164977
30 0.4249252 0.4487615 0.0286789 0.0164977
25 0.4966225 0.4487615 0.0286790 0.0164977
8 0.5709270 0.4487615 0.0286789 0.0164977
24 0.2789233 0.5081532 0.0286790 0.0164977
9 0.3519242 0.5081532 0.0286789 0.0164977
6 0.4966225 0.5081532 0.0286790 0.0164977
34 0.5702752 0.5076033 0.0690902 0.0593917
9 0.5709270 0.5081532 0.0286789 0.0164977
1 0.4249252 0.5675449 0.0286789 0.0164977
7 0.5709270 0.5675449 0.0286789 0.0164977
22 0.6439280 0.5675449 0.0286789 0.0164977
21 0.2789233 0.6269365 0.0286790 0.0164977
5 0.4249252 0.6863282 0.0286789 0.0164977
31 0.6439280 0.6863282 0.0286789 0.0164977
29 0.5709270 0.7457198 0.0286789 0.0164977
11 0.6439280 0.7457198 0.0286789 0.0164977
14 0.3519242 0.7457198 0.0286789 0.0164977
27 0.3519242 0.5675449 0.0286789 0.0164977
24 0.3519242 0.6269365 0.0286789 0.0164977
2 0.4966225 0.6269365 0.0286790 0.0164977
7 0.6439280 0.4487615 0.0286789 0.0164977
6 0.5709270 0.6269365 0.0286789 0.0164977
31 0.7169289 0.5675449 0.0286790 0.0164977
31 0.7169289 0.6863282 0.0286790 0.0164977
29 0.3519242 0.6863282 0.0286789 0.0164977
1 0.6439280 0.5081532 0.0286789 0.0164977
11 0.4249252 0.5081532 0.0286789 0.0164977
20 0.4249252 0.6269365 0.0286789 0.0164977
31 0.7169289 0.6269365 0.0286790 0.0164977
10 0.4966225 0.6863282 0.0286790 0.0164977
18 0.4249252 0.7457198 0.0286789 0.0164977
8 0.2789233 0.4487615 0.0286790 0.0164977
2 0.2789233 0.5675449 0.0286790 0.0164977
13 0.7169289 0.7457198 0.0286790 0.0164977
13 0.6439280 0.6269365 0.0286789 0.0164977
17 0.4966225 0.5675449 0.0286790 0.0164977
6 0.2789233 0.7457198 0.0286790 0.0164977
16 0.7169289 0.5081532 0.0286790 0.0164977
15 0.4966225 0.7457198 0.0286790 0.0164977
1 0.5709270 0.6863282 0.0286789 0.0164977
