10 0.5344312 0.5240566 0.0277310 0.0167251
27 0.4638432 0.5240566 0.0277310 0.0167251
32 0.3245580 0.3484435 0.5105022 0.4281615
18 0.1109034 0.2230056 0.0277310 0.0167251
21 0.3932552 0.2230056 0.0277310 0.0167251
14 0.4638432 0.2230056 0.0277310 0.0167251
22 0.1109034 0.2832158 0.0277310 0.0167251
26 0.1814914 0.2832158 0.0277310 0.0167251
4 0.3214068 0.2832158 0.0277310 0.0167251
7 0.5344312 0.2832158 0.0277310 0.0167251
11 0.1814914 0.3434260 0.0277310 0.0167251
20 0.3214068 0.3434260 0.0277310 0.0167251
3 0.3932552 0.4036362 0.0277310 0.0167251
34 0.4632130 0.4030787 0.0642855 0.0602102
9 0.4638432 0.4036362 0.0277310 0.0167251
5 0.1109034 0.4638464 0.0277310 0.0167251
27 0.1814914 0.4638464 0.0277310 0.0167251
25 0.3214068 0.4638464 0.0277310 0.0167251
29 0.5344312 0.4638464 0.0277310 0.0167251
24 0.3932552 0.5240566 0.0277310 0.0167251
7 0.3214068 0.5240566 0.0277310 0.0167251
14 0.3932552 0.2832158 0.0277310 0.0167251
24 0.1109034 0.3434260 0.0277310 0.0167251
15 0.4638432 0.2832158 0.0277310 0.0167251
17 0.1814914 0.4036362 0.0277310 0.0167251
28 0.2520793 0.2230056 0.0277310 0.0167251
20 0.2520793 0.2832158 0.0277310 0.0167251
21 0.2520793 0.5240566 0.0277310 0.0167251
30 0.4638432 0.3434260 0.0277310 0.0167251
30 0.3214068 0.2230056 0.0277310 0.0167251
9 0.1109034 0.4036362 0.0277310 0.0167251
30 0.3932552 0.3434260 0.0277310 0.0167251
10 0.2520793 0.4638464 0.0277310 0.0167251
12 0.3932552 0.4638464 0.0277310 0.0167251
5 0.1109034 0.5240566 0.0277310 0.0167251
1 0.3214068 0.4036362 0.0277310 0.0167251
6 0.5344312 0.3434260 0.0277310 0.0167251
10 0.1814914 0.5240566 0.0277310 0.0167251
14 0.1814914 0.2230056 0.0277310 0.0167251
19 0.5344312 0.4036362 0.0277310 0.0167251
18 0.2520793 0.3434260 0.0277310 0.0167251
20 0.4638432 0.4638464 0.0277310 0.0167251
5 0.2520793 0.4036362 0.0277310 0.0167251
12 0.5344312 0.2230056 0.0277310 0.0167251
