3 0.7719157 0.3910853 0.0278278 0.0170414
4 0.5594126 0.5751324 0.0278278 0.0170414
32 0.6321444 0.3961977 0.5122845 0.4362599
4 0.7010814 0.2683872 0.0278278 0.0170414
1 0.8427501 0.2683872 0.0278278 0.0170414
5 0.4177438 0.3297362 0.0278278 0.0170414
23 0.5594126 0.3297362 0.0278278 0.0170414
2 0.7719157 0.3297362 0.0278278 0.0170414
8 0.4177438 0.3910853 0.0278278 0.0170414
20 0.5594126 0.3910853 0.0278278 0.0170414
11 0.6289821 0.3910853 0.0278278 0.0170414
18 0.7010814 0.3910853 0.0278278 0.0170414
30 0.4177438 0.4524344 0.0278278 0.0170414
29 0.7010814 0.4524344 0.0278278 0.0170414
3 0.5594126 0.5137834 0.0278278 0.0170414
33 0.6289821 0.5132154 0.0657748 0.0613491
27 0.6289821 0.5137834 0.0278278 0.0170414
27 0.7010814 0.5137834 0.0278278 0.0170414
12 0.6289821 0.5751324 0.0278278 0.0170414
14 0.7010814 0.5751324 0.0278278 0.0170414
6 0.7719157 0.5751324 0.0278278 0.0170414
25 0.6289821 0.2683872 0.0278278 0.0170414
13 0.4885782 0.5751324 0.0278278 0.0170414
9 0.5594126 0.2683872 0.0278278 0.0170414
13 0.8427501 0.3297362 0.0278278 0.0170414
22 0.4885782 0.5137834 0.0278278 0.0170414
10 0.8427501 0.5751324 0.0278278 0.0170414
24 0.5594126 0.4524344 0.0278278 0.0170414
2 0.6289821 0.4524344 0.0278278 0.0170414
5 0.4885782 0.4524344 0.0278278 0.0170414
10 0.4177438 0.5751324 0.0278278 0.0170414
3 0.8427501 0.3910853 0.0278278 0.0170414
30 0.7719157 0.5137834 0.0278278 0.0170414
31 0.7719157 0.2683872 0.0278278 0.0170414
16 0.4177438 0.5137834 0.0278278 0.0170414
27 0.8427501 0.4524344 0.0278278 0.0170414
8 0.4177438 0.2683872 0.0278278 0.0170414
6 0.6289821 0.3297362 0.0278278 0.0170414
29 0.8427501 0.5137834 0.0278278 0.0170414
26 0.4885782 0.3910853 0.0278278 0.0170414
20 0.7719157 0.4524344 0.0278278 0.0170414
4 0.4885782 0.2683872 0.0278278 0.0170414
26 0.7010814 0.3297362 0.0278278 0.0170414
8 0.4885782 0.3297362 0.0278278 0.0170414
