26 0.6471992 0.3268955 0.0283070 0.0164459
15 0.6471992 0.2676904 0.0283070 0.0164459
32 0.5770753 0.3910343 0.5211052 0.4210141
31 0.7192534 0.2676904 0.0283069 0.0164459
3 0.4310371 0.3268955 0.0283069 0.0164459
5 0.7192534 0.3268955 0.0283069 0.0164459
10 0.3589831 0.3861006 0.0283069 0.0164459
1 0.4310371 0.3861006 0.0283069 0.0164459
2 0.7192534 0.3861006 0.0283069 0.0164459
23 0.3589831 0.4453057 0.0283069 0.0164459
27 0.5738586 0.4453057 0.0283070 0.0164459
6 0.6471992 0.4453057 0.0283070 0.0164459
16 0.7913074 0.4453057 0.0283070 0.0164459
12 0.5738586 0.5045108 0.0283070 0.0164459
13 0.6471992 0.5045108 0.0283070 0.0164459
18 0.7192534 0.5045108 0.0283069 0.0164459
33 0.5030912 0.5631678 0.0669073 0.0592051
8 0.5030912 0.5637160 0.0283070 0.0164459
22 0.5738586 0.5637160 0.0283070 0.0164459
21 0.7913074 0.5637160 0.0283070 0.0164459
24 0.6471992 0.5637160 0.0283070 0.0164459
25 0.7192534 0.5637160 0.0283069 0.0164459
25 0.5030912 0.5045108 0.0283070 0.0164459
25 0.5738586 0.3268955 0.0283070 0.0164459
5 0.4310371 0.5045108 0.0283069 0.0164459
29 0.3589831 0.2676904 0.0283069 0.0164459
21 0.7913074 0.2676904 0.0283070 0.0164459
25 0.3589831 0.3268955 0.0283069 0.0164459
26 0.7192534 0.4453057 0.0283069 0.0164459
8 0.4310371 0.2676904 0.0283069 0.0164459
21 0.7913074 0.5045108 0.0283070 0.0164459
28 0.5030912 0.2676904 0.0283070 0.0164459
24 0.7913074 0.3861006 0.0283070 0.0164459
10 0.5030912 0.3861006 0.0283070 0.0164459
27 0.5738586 0.3861006 0.0283070 0.0164459
17 0.5030912 0.3268955 0.0283070 0.0164459
28 0.4310371 0.5637160 0.0283069 0.0164459
4 0.3589831 0.5637160 0.0283069 0.0164459
10 0.5030912 0.4453057 0.0283070 0.0164459
15 0.4310371 0.4453057 0.0283069 0.0164459
16 0.5738586 0.2676904 0.0283070 0.0164459
14 0.3589831 0.5045108 0.0283069 0.0164459
3 0.6471992 0.3861006 0.0283070 0.0164459
17 0.7913074 0.3268955 0.0283070 0.0164459
