14 0.2088165 0.5976164 0.0281793 0.0170226
5 0.4240038 0.5363348 0.0281793 0.0170226
32 0.2824669 0.4188786 0.5187550 0.4357798
18 0.0653584 0.2912087 0.0281793 0.0170226
22 0.1370875 0.2912087 0.0281793 0.0170226
4 0.2088165 0.2912087 0.0281793 0.0170226
26 0.2792648 0.2912087 0.0281793 0.0170226
19 0.4240038 0.3524902 0.0281793 0.0170226
34 0.2088165 0.4132043 0.0666056 0.0612815
15 0.2088165 0.4137717 0.0281793 0.0170226
27 0.2792648 0.4137717 0.0281793 0.0170226
10 0.4240038 0.4137717 0.0281793 0.0170226
15 0.1370875 0.4750533 0.0281793 0.0170226
20 0.2088165 0.4750533 0.0281793 0.0170226
11 0.3522747 0.4750533 0.0281793 0.0170226
21 0.0653584 0.5363348 0.0281793 0.0170226
16 0.3522747 0.5363348 0.0281793 0.0170226
6 0.0653584 0.5976164 0.0281793 0.0170226
5 0.3522747 0.5976164 0.0281793 0.0170226
3 0.4957329 0.5976164 0.0281793 0.0170226
28 0.2792648 0.5976164 0.0281793 0.0170226
30 0.1370875 0.5976164 0.0281793 0.0170226
30 0.4957329 0.4137717 0.0281793 0.0170226
24 0.3522747 0.3524902 0.0281793 0.0170226
17 0.2792648 0.4750533 0.0281793 0.0170226
16 0.4957329 0.5363348 0.0281793 0.0170226
31 0.4240038 0.4750533 0.0281793 0.0170226
3 0.2792648 0.3524902 0.0281793 0.0170226
8 0.3522747 0.4137717 0.0281793 0.0170226
4 0.4957329 0.2912087 0.0281793 0.0170226
15 0.2088165 0.3524902 0.0281793 0.0170226
9 0.3522747 0.2912087 0.0281793 0.0170226
25 0.1370875 0.4137717 0.0281793 0.0170226
7 0.4240038 0.2912087 0.0281793 0.0170226
28 0.1370875 0.5363348 0.0281793 0.0170226
1 0.2792648 0.5363348 0.0281793 0.0170226
13 0.1370875 0.3524902 0.0281793 0.0170226
29 0.4240038 0.5976164 0.0281793 0.0170226
30 0.4957329 0.3524902 0.0281793 0.0170226
16 0.2088165 0.5363348 0.0281793 0.0170226
25 0.0653584 0.4137717 0.0281793 0.0170226
31 0.0653584 0.4750533 0.0281793 0.0170226
7 0.0653584 0.3524902 0.0281793 0.0170226
4 0.4957329 0.4750533 0.0281793 0.0170226
