29 0.4347213 0.5279312 0.0276257 0.0169072
1 0.6456808 0.6496632 0.0276257 0.0169072
32 0.5772446 0.5938694 0.5085631 0.4328249
13 0.4347213 0.4670652 0.0276257 0.0169072
17 0.6456808 0.4670652 0.0276257 0.0169072
12 0.7863205 0.4670652 0.0276257 0.0169072
6 0.3644015 0.5279312 0.0276257 0.0169072
31 0.5050412 0.5279312 0.0276257 0.0169072
21 0.7863205 0.5279312 0.0276257 0.0169072
18 0.5741053 0.5887972 0.0276256 0.0169072
10 0.7160007 0.5887972 0.0276257 0.0169072
2 0.7863205 0.5887972 0.0276257 0.0169072
14 0.4347213 0.6496632 0.0276257 0.0169072
16 0.7863205 0.6496632 0.0276257 0.0169072
15 0.3644015 0.7105292 0.0276257 0.0169072
29 0.6456808 0.7105292 0.0276257 0.0169072
33 0.4340935 0.7708317 0.0640413 0.0608660
2 0.4347213 0.7713953 0.0276257 0.0169072
24 0.6456808 0.7713953 0.0276257 0.0169072
9 0.7863205 0.7713953 0.0276257 0.0169072
25 0.5741053 0.4670652 0.0276256 0.0169072
7 0.5050412 0.6496632 0.0276257 0.0169072
31 0.5741053 0.5279312 0.0276256 0.0169072
19 0.7160007 0.5279312 0.0276257 0.0169072
18 0.5050412 0.7105292 0.0276257 0.0169072
31 0.3644015 0.7713953 0.0276257 0.0169072
29 0.7160007 0.4670652 0.0276257 0.0169072
7 0.7160007 0.7713953 0.0276257 0.0169072
21 0.3644015 0.4670652 0.0276257 0.0169072
29 0.3644015 0.5887972 0.0276257 0.0169072
1 0.5741053 0.7713953 0.0276256 0.0169072
15 0.6456808 0.5887972 0.0276257 0.0169072
31 0.6456808 0.5279312 0.0276257 0.0169072
28 0.5741053 0.6496632 0.0276256 0.0169072
2 0.7160007 0.6496632 0.0276257 0.0169072
26 0.5741053 0.7105292 0.0276256 0.0169072
27 0.5050412 0.7713953 0.0276257 0.0169072
8 0.3644015 0.6496632 0.0276257 0.0169072
2 0.7863205 0.7105292 0.0276257 0.0169072
9 0.7160007 0.7105292 0.0276257 0.0169072
27 0.4347213 0.7105292 0.0276257 0.0169072
25 0.5050412 0.5887972 0.0276257 0.0169072
27 0.5050412 0.4670652 0.0276257 0.0169072
22 0.4347213 0.5887972 0.0276257 0.0169072
