13 0.1275846 0.5921082 0.0272248 0.0159501
18 0.0582851 0.3050064 0.0272248 0.0159501
32 0.2680398 0.4246322 0.5011839 0.4083226
7 0.1968841 0.3050064 0.0272248 0.0159501
31 0.2649461 0.3050064 0.0272248 0.0159501
23 0.4047826 0.3050064 0.0272248 0.0159501
22 0.1275846 0.3624268 0.0272248 0.0159501
18 0.1968841 0.3624268 0.0272248 0.0159501
30 0.2649461 0.3624268 0.0272248 0.0159501
8 0.3354831 0.3624268 0.0272248 0.0159501
24 0.1968841 0.4198471 0.0272248 0.0159501
5 0.2649461 0.4198471 0.0272248 0.0159501
34 0.0582851 0.4767358 0.0643495 0.0574204
15 0.0582851 0.4772675 0.0272248 0.0159501
9 0.4047826 0.4772675 0.0272248 0.0159501
26 0.2649461 0.5346879 0.0272248 0.0159501
15 0.3354831 0.5346879 0.0272248 0.0159501
29 0.4047826 0.5346879 0.0272248 0.0159501
4 0.2649461 0.5921082 0.0272248 0.0159501
20 0.4047826 0.5921082 0.0272248 0.0159501
24 0.1968841 0.4772675 0.0272248 0.0159501
28 0.4047826 0.4198471 0.0272248 0.0159501
31 0.4740821 0.5346879 0.0272248 0.0159501
1 0.4740821 0.4772675 0.0272248 0.0159501
4 0.1275846 0.4198471 0.0272248 0.0159501
28 0.0582851 0.5921082 0.0272248 0.0159501
29 0.4740821 0.3624268 0.0272248 0.0159501
2 0.1275846 0.4772675 0.0272248 0.0159501
30 0.0582851 0.4198471 0.0272248 0.0159501
29 0.1275846 0.3050064 0.0272248 0.0159501
1 0.1275846 0.5346879 0.0272248 0.0159501
11 0.1968841 0.5921082 0.0272248 0.0159501
22 0.3354831 0.3050064 0.0272248 0.0159501
6 0.0582851 0.5346879 0.0272248 0.0159501
1 0.4047826 0.3624268 0.0272248 0.0159501
30 0.4740821 0.5921082 0.0272248 0.0159501
10 0.4740821 0.4198471 0.0272248 0.0159501
8 0.0582851 0.3624268 0.0272248 0.0159501
6 0.3354831 0.5921082 0.0272248 0.0159501
30 0.3354831 0.4198471 0.0272248 0.0159501
20 0.4740821 0.3050064 0.0272248 0.0159501
2 0.3354831 0.4772675 0.0272248 0.0159501
29 0.2649461 0.4772675 0.0272248 0.0159501
19 0.1968841 0.5346879 0.0272248 0.0159501
