22 0.2844363 0.3280192 0.0276950 0.0159430
9 0.4266880 0.2706245 0.0276950 0.0159430
32 0.2875834 0.3328022 0.5098401 0.4081408
12 0.1447023 0.2132296 0.0276950 0.0159430
4 0.3561916 0.2132296 0.0276950 0.0159430
21 0.4971844 0.2132296 0.0276950 0.0159430
17 0.2151987 0.2706245 0.0276950 0.0159430
9 0.3561916 0.2706245 0.0276950 0.0159430
13 0.1447023 0.3280192 0.0276950 0.0159430
29 0.2151987 0.3280192 0.0276950 0.0159430
24 0.4971844 0.3280192 0.0276950 0.0159430
20 0.0742059 0.3854141 0.0276950 0.0159430
5 0.1447023 0.3854141 0.0276950 0.0159430
15 0.2151987 0.3854141 0.0276950 0.0159430
11 0.2844363 0.3854141 0.0276950 0.0159430
26 0.3561916 0.3854141 0.0276950 0.0159430
1 0.1447023 0.4428089 0.0276950 0.0159430
23 0.2151987 0.4428089 0.0276950 0.0159430
33 0.4971844 0.4996722 0.0654610 0.0573948
15 0.4971844 0.5002037 0.0276950 0.0159430
6 0.1447023 0.5002037 0.0276950 0.0159430
10 0.4266880 0.5002037 0.0276950 0.0159430
27 0.3561916 0.4428089 0.0276950 0.0159430
27 0.2844363 0.5002037 0.0276950 0.0159430
15 0.1447023 0.2706245 0.0276950 0.0159430
16 0.2151987 0.5002037 0.0276950 0.0159430
2 0.4266880 0.3280192 0.0276950 0.0159430
24 0.0742059 0.2132296 0.0276950 0.0159430
29 0.0742059 0.2706245 0.0276950 0.0159430
10 0.2151987 0.2132296 0.0276950 0.0159430
10 0.4971844 0.2706245 0.0276950 0.0159430
15 0.4971844 0.3854141 0.0276950 0.0159430
20 0.4266880 0.3854141 0.0276950 0.0159430
20 0.4971844 0.4428089 0.0276950 0.0159430
24 0.0742059 0.4428089 0.0276950 0.0159430
28 0.2844363 0.2706245 0.0276950 0.0159430
14 0.2844363 0.2132296 0.0276950 0.0159430
15 0.4266880 0.4428089 0.0276950 0.0159430
30 0.0742059 0.5002037 0.0276950 0.0159430
14 0.4266880 0.2132296 0.0276950 0.0159430
25 0.0742059 0.3280192 0.0276950 0.0159430
31 0.3561916 0.3280192 0.0276950 0.0159430
30 0.3561916 0.5002037 0.0276950 0.0159430
21 0.2844363 0.4428089 0.0276950 0.0159430
