8 0.3332808 0.5643446 0.0270053 0.0165353
16 0.6082434 0.4452905 0.0270053 0.0165353
32 0.5413440 0.3907240 0.4971423 0.4233035
27 0.3332808 0.2667093 0.0270053 0.0165353
12 0.4020214 0.2667093 0.0270052 0.0165353
2 0.7457247 0.2667093 0.0270053 0.0165353
9 0.6082434 0.3262364 0.0270053 0.0165353
15 0.3332808 0.3857634 0.0270053 0.0165353
25 0.4020214 0.3857634 0.0270052 0.0165353
19 0.5382753 0.3857634 0.0270052 0.0165353
34 0.6763702 0.3852123 0.0626031 0.0595270
5 0.6769841 0.3857634 0.0270052 0.0165353
6 0.3332808 0.4452905 0.0270053 0.0165353
17 0.5382753 0.4452905 0.0270052 0.0165353
24 0.7457247 0.4452905 0.0270053 0.0165353
18 0.5382753 0.5048175 0.0270052 0.0165353
23 0.4020214 0.5643446 0.0270052 0.0165353
1 0.4707621 0.5643446 0.0270053 0.0165353
5 0.6082434 0.5643446 0.0270053 0.0165353
29 0.7457247 0.5643446 0.0270053 0.0165353
18 0.5382753 0.2667093 0.0270052 0.0165353
22 0.5382753 0.3262364 0.0270052 0.0165353
6 0.6769841 0.5643446 0.0270052 0.0165353
29 0.4020214 0.4452905 0.0270052 0.0165353
27 0.6082434 0.2667093 0.0270053 0.0165353
26 0.6769841 0.2667093 0.0270052 0.0165353
4 0.7457247 0.5048175 0.0270053 0.0165353
30 0.4707621 0.4452905 0.0270053 0.0165353
14 0.6082434 0.5048175 0.0270053 0.0165353
15 0.4707621 0.2667093 0.0270053 0.0165353
10 0.4707621 0.3857634 0.0270053 0.0165353
9 0.6082434 0.3857634 0.0270053 0.0165353
21 0.7457247 0.3857634 0.0270053 0.0165353
15 0.3332808 0.5048175 0.0270053 0.0165353
26 0.6769841 0.5048175 0.0270052 0.0165353
30 0.4020214 0.3262364 0.0270052 0.0165353
28 0.3332808 0.3262364 0.0270053 0.0165353
30 0.4020214 0.5048175 0.0270052 0.0165353
27 0.5382753 0.5643446 0.0270052 0.0165353
24 0.7457247 0.3262364 0.0270053 0.0165353
24 0.4707621 0.5048175 0.0270053 0.0165353
30 0.4707621 0.3262364 0.0270053 0.0165353
5 0.6769841 0.3262364 0.0270052 0.0165353
8 0.6769841 0.4452905 0.0270052 0.0165353
