25 0.5417444 0.4950960 0.0271325 0.0171072
25 0.8180025 0.4950960 0.0271326 0.0171072
32 0.6126589 0.4386422 0.4994844 0.4379447
10 0.4726799 0.3103381 0.0271325 0.0171072
21 0.5417444 0.3103381 0.0271325 0.0171072
7 0.6095757 0.3103381 0.0271325 0.0171072
30 0.7489380 0.3719241 0.0271325 0.0171072
27 0.4036154 0.4335101 0.0271325 0.0171072
25 0.7489380 0.4335101 0.0271325 0.0171072
1 0.4036154 0.4950960 0.0271325 0.0171072
15 0.6095757 0.4950960 0.0271325 0.0171072
23 0.7489380 0.4950960 0.0271325 0.0171072
22 0.4036154 0.5566820 0.0271325 0.0171072
24 0.5417444 0.5566820 0.0271325 0.0171072
33 0.7483213 0.5561117 0.0628981 0.0615860
3 0.7489380 0.5566820 0.0271325 0.0171072
4 0.8180025 0.5566820 0.0271326 0.0171072
17 0.4036154 0.6182680 0.0271325 0.0171072
12 0.7489380 0.6182680 0.0271325 0.0171072
12 0.6095757 0.4335101 0.0271325 0.0171072
12 0.8180025 0.3719241 0.0271326 0.0171072
16 0.6798735 0.4335101 0.0271325 0.0171072
8 0.8180025 0.3103381 0.0271326 0.0171072
25 0.6798735 0.4950960 0.0271325 0.0171072
11 0.4036154 0.3719241 0.0271325 0.0171072
25 0.8180025 0.6182680 0.0271326 0.0171072
9 0.6798735 0.3719241 0.0271325 0.0171072
18 0.6095757 0.5566820 0.0271325 0.0171072
14 0.5417444 0.4335101 0.0271325 0.0171072
29 0.4036154 0.3103381 0.0271325 0.0171072
25 0.8180025 0.4335101 0.0271326 0.0171072
26 0.6798735 0.6182680 0.0271325 0.0171072
22 0.6095757 0.6182680 0.0271325 0.0171072
6 0.6798735 0.5566820 0.0271325 0.0171072
9 0.4726799 0.4335101 0.0271325 0.0171072
31 0.4726799 0.6182680 0.0271325 0.0171072
31 0.6095757 0.3719241 0.0271325 0.0171072
21 0.7489380 0.3103381 0.0271325 0.0171072
11 0.6798735 0.3103381 0.0271325 0.0171072
22 0.4726799 0.5566820 0.0271325 0.0171072
30 0.5417444 0.3719241 0.0271325 0.0171072
3 0.4726799 0.3719241 0.0271325 0.0171072
5 0.5417444 0.6182680 0.0271325 0.0171072
7 0.4726799 0.4950960 0.0271325 0.0171072
