20 0.2193889 0.4332073 0.0287852 0.0162629
19 0.5857452 0.6088462 0.0287851 0.0162628
32 0.4411653 0.4966324 0.5299083 0.4163293
26 0.2926601 0.3746609 0.0287852 0.0162629
9 0.3659314 0.3746609 0.0287851 0.0162629
5 0.5124740 0.3746609 0.0287851 0.0162629
27 0.3659314 0.4332073 0.0287851 0.0162629
29 0.4378943 0.4332073 0.0287851 0.0162629
20 0.5857452 0.4332073 0.0287851 0.0162629
6 0.3659314 0.4917536 0.0287851 0.0162628
1 0.5124740 0.4917536 0.0287851 0.0162628
25 0.2193889 0.5502999 0.0287852 0.0162629
22 0.2926601 0.5502999 0.0287852 0.0162629
4 0.5124740 0.5502999 0.0287851 0.0162629
15 0.6590165 0.5502999 0.0287852 0.0162629
33 0.6590165 0.6083041 0.0680376 0.0585463
29 0.6590165 0.6088462 0.0287852 0.0162628
11 0.3659314 0.6673925 0.0287851 0.0162629
17 0.6590165 0.6673925 0.0287852 0.0162629
25 0.2193889 0.6088462 0.0287852 0.0162628
31 0.4378943 0.4917536 0.0287851 0.0162628
5 0.5124740 0.6088462 0.0287851 0.0162628
3 0.5124740 0.4332073 0.0287851 0.0162629
26 0.2926601 0.6673925 0.0287852 0.0162629
10 0.5124740 0.6673925 0.0287851 0.0162629
29 0.3659314 0.5502999 0.0287851 0.0162629
16 0.2193889 0.6673925 0.0287852 0.0162629
14 0.5857452 0.5502999 0.0287851 0.0162629
13 0.6590165 0.4917536 0.0287852 0.0162628
20 0.6590165 0.3746609 0.0287852 0.0162629
17 0.5857452 0.6673925 0.0287851 0.0162629
8 0.4378943 0.6673925 0.0287851 0.0162629
19 0.3659314 0.6088462 0.0287851 0.0162628
24 0.5857452 0.4917536 0.0287851 0.0162628
18 0.6590165 0.4332073 0.0287852 0.0162629
8 0.2926601 0.4917536 0.0287852 0.0162628
25 0.2193889 0.3746609 0.0287852 0.0162629
21 0.2926601 0.6088462 0.0287852 0.0162628
4 0.2193889 0.4917536 0.0287852 0.0162628
17 0.4378943 0.6088462 0.0287851 0.0162628
26 0.2926601 0.4332073 0.0287852 0.0162629
26 0.4378943 0.3746609 0.0287851 0.0162629
24 0.4378943 0.5502999 0.0287851 0.0162629
16 0.5857452 0.3746609 0.0287851 0.0162629
