4 0.4481887 0.4677904 0.0284549 0.0166545
22 0.8103424 0.4677904 0.0284549 0.0166545
32 0.5949903 0.4727867 0.5238295 0.4263567
7 0.4481887 0.3478775 0.0284549 0.0166546
3 0.6654810 0.3478775 0.0284550 0.0166546
17 0.7379117 0.3478775 0.0284549 0.0166546
33 0.7372650 0.4072788 0.0659637 0.0599564
19 0.7379117 0.4078339 0.0284549 0.0166546
8 0.8103424 0.4078339 0.0284549 0.0166546
18 0.3757580 0.4677904 0.0284549 0.0166545
25 0.5917567 0.4677904 0.0284549 0.0166545
9 0.6654810 0.4677904 0.0284550 0.0166545
31 0.7379117 0.4677904 0.0284549 0.0166545
4 0.3757580 0.5277468 0.0284549 0.0166545
14 0.5917567 0.5277468 0.0284549 0.0166545
15 0.6654810 0.5277468 0.0284550 0.0166545
16 0.7379117 0.5277468 0.0284549 0.0166545
11 0.4481887 0.6476596 0.0284549 0.0166545
2 0.8103424 0.6476596 0.0284549 0.0166545
28 0.3757580 0.5877032 0.0284549 0.0166546
18 0.4481887 0.5277468 0.0284549 0.0166545
15 0.7379117 0.6476596 0.0284549 0.0166545
4 0.5206194 0.3478775 0.0284549 0.0166546
16 0.7379117 0.5877032 0.0284549 0.0166546
8 0.8103424 0.5877032 0.0284549 0.0166546
17 0.4481887 0.4078339 0.0284549 0.0166546
2 0.4481887 0.5877032 0.0284549 0.0166546
28 0.8103424 0.3478775 0.0284549 0.0166546
14 0.5917567 0.5877032 0.0284549 0.0166546
19 0.5206194 0.6476596 0.0284549 0.0166545
21 0.5206194 0.5877032 0.0284549 0.0166546
12 0.3757580 0.3478775 0.0284549 0.0166546
29 0.5206194 0.4078339 0.0284549 0.0166546
7 0.5917567 0.3478775 0.0284549 0.0166546
30 0.5206194 0.5277468 0.0284549 0.0166545
31 0.8103424 0.5277468 0.0284549 0.0166545
25 0.3757580 0.4078339 0.0284549 0.0166546
9 0.6654810 0.6476596 0.0284550 0.0166545
29 0.5206194 0.4677904 0.0284549 0.0166545
4 0.5917567 0.6476596 0.0284549 0.0166545
10 0.6654810 0.5877032 0.0284550 0.0166546
7 0.3757580 0.6476596 0.0284549 0.0166545
14 0.6654810 0.4078339 0.0284550 0.0166546
14 0.5917567 0.4078339 0.0284549 0.0166546
