31 0.5323165 0.3623885 0.0280134 0.0171246
16 0.3183959 0.3623885 0.0280134 0.0171246
32 0.4629197 0.4291745 0.5157015 0.4383902
30 0.2470890 0.3007399 0.0280134 0.0171246
10 0.3897028 0.3007399 0.0280135 0.0171246
3 0.6036234 0.3007399 0.0280134 0.0171246
1 0.2470890 0.3623885 0.0280134 0.0171246
23 0.6749303 0.3623885 0.0280134 0.0171246
9 0.6749303 0.4240372 0.0280134 0.0171246
19 0.2470890 0.4856858 0.0280134 0.0171246
2 0.5323165 0.4856858 0.0280134 0.0171246
26 0.6036234 0.4856858 0.0280134 0.0171246
22 0.6749303 0.4856858 0.0280134 0.0171246
6 0.3183959 0.5473344 0.0280134 0.0171246
21 0.4597363 0.5473344 0.0280134 0.0171246
33 0.2470890 0.6084122 0.0662135 0.0616486
19 0.2470890 0.6089830 0.0280134 0.0171246
15 0.5323165 0.6089830 0.0280134 0.0171246
17 0.6749303 0.6089830 0.0280134 0.0171246
21 0.5323165 0.4240372 0.0280134 0.0171246
8 0.6036234 0.3623885 0.0280134 0.0171246
20 0.4597363 0.3007399 0.0280134 0.0171246
1 0.3897028 0.5473344 0.0280135 0.0171246
25 0.6036234 0.4240372 0.0280134 0.0171246
18 0.2470890 0.4240372 0.0280134 0.0171246
3 0.6036234 0.5473344 0.0280134 0.0171246
31 0.3897028 0.4856858 0.0280135 0.0171246
30 0.3183959 0.6089830 0.0280134 0.0171246
2 0.4597363 0.4240372 0.0280134 0.0171246
15 0.3897028 0.6089830 0.0280135 0.0171246
21 0.3897028 0.4240372 0.0280135 0.0171246
2 0.4597363 0.4856858 0.0280134 0.0171246
3 0.3183959 0.4240372 0.0280134 0.0171246
19 0.6749303 0.5473344 0.0280134 0.0171246
27 0.5323165 0.3007399 0.0280134 0.0171246
29 0.5323165 0.5473344 0.0280134 0.0171246
24 0.2470890 0.5473344 0.0280134 0.0171246
19 0.3897028 0.3623885 0.0280135 0.0171246
24 0.4597363 0.6089830 0.0280134 0.0171246
12 0.3183959 0.3007399 0.0280134 0.0171246
22 0.4597363 0.3623885 0.0280134 0.0171246
1 0.3183959 0.4856858 0.0280134 0.0171246
25 0.6749303 0.3007399 0.0280134 0.0171246
9 0.6036234 0.6089830 0.0280134 0.0171246
