1 0.6248925 0.6090888 0.0286327 0.0166403
19 0.6248925 0.4293734 0.0286327 0.0166404
32 0.4081948 0.4343654 0.5271026 0.4259923
8 0.1875926 0.3095631 0.0286327 0.0166403
25 0.4049411 0.3095631 0.0286327 0.0166403
29 0.6248925 0.3095631 0.0286327 0.0166403
24 0.2604759 0.3694682 0.0286327 0.0166403
18 0.3333592 0.3694682 0.0286327 0.0166403
13 0.1875926 0.4293734 0.0286327 0.0166404
9 0.5520092 0.4293734 0.0286327 0.0166404
26 0.4049411 0.4892785 0.0286327 0.0166403
30 0.3333592 0.5491837 0.0286327 0.0166404
14 0.4049411 0.5491837 0.0286327 0.0166404
27 0.4791259 0.5491837 0.0286327 0.0166404
4 0.5520092 0.5491837 0.0286327 0.0166404
19 0.1875926 0.6090888 0.0286327 0.0166403
5 0.2604759 0.6090888 0.0286327 0.0166403
34 0.4784751 0.6085342 0.0689789 0.0599051
17 0.4791259 0.6090888 0.0286327 0.0166403
18 0.3333592 0.3095631 0.0286327 0.0166403
6 0.5520092 0.3694682 0.0286327 0.0166403
19 0.4049411 0.4293734 0.0286327 0.0166404
2 0.2604759 0.4892785 0.0286327 0.0166403
10 0.4791259 0.4892785 0.0286327 0.0166403
6 0.1875926 0.4892785 0.0286327 0.0166403
2 0.4791259 0.4293734 0.0286327 0.0166404
29 0.6248925 0.3694682 0.0286327 0.0166403
22 0.4791259 0.3694682 0.0286327 0.0166403
9 0.4049411 0.3694682 0.0286327 0.0166403
25 0.3333592 0.6090888 0.0286327 0.0166403
10 0.5520092 0.6090888 0.0286327 0.0166403
4 0.6248925 0.4892785 0.0286327 0.0166403
14 0.3333592 0.4892785 0.0286327 0.0166403
12 0.4049411 0.6090888 0.0286327 0.0166403
30 0.2604759 0.4293734 0.0286327 0.0166404
3 0.2604759 0.5491837 0.0286327 0.0166404
16 0.5520092 0.3095631 0.0286327 0.0166403
3 0.5520092 0.4892785 0.0286327 0.0166403
6 0.6248925 0.5491837 0.0286327 0.0166404
19 0.4791259 0.3095631 0.0286327 0.0166403
14 0.1875926 0.3694682 0.0286327 0.0166403
11 0.3333592 0.4293734 0.0286327 0.0166404
19 0.2604759 0.3095631 0.0286327 0.0166403
10 0.1875926 0.5491837 0.0286327 0.0166404
