21 0.4709405 0.4878428 0.0283264 0.0162189
26 0.5430441 0.4878428 0.0283264 0.0162189
32 0.6170790 0.4927085 0.5214636 0.4152020
4 0.4709405 0.3710673 0.0283264 0.0162188
12 0.5430441 0.3710673 0.0283264 0.0162188
10 0.6872513 0.3710673 0.0283264 0.0162188
18 0.5430441 0.4294551 0.0283264 0.0162188
11 0.6138601 0.4294551 0.0283264 0.0162188
14 0.6872513 0.4294551 0.0283264 0.0162188
7 0.3988369 0.4878428 0.0283264 0.0162189
33 0.6866075 0.4873022 0.0682410 0.0583878
15 0.6872513 0.4878428 0.0283264 0.0162189
25 0.3988369 0.5462306 0.0283264 0.0162188
9 0.7593549 0.5462306 0.0283264 0.0162188
23 0.8314584 0.6046184 0.0283264 0.0162188
2 0.3988369 0.6630062 0.0283264 0.0162188
6 0.5430441 0.6630062 0.0283264 0.0162188
22 0.7593549 0.6630062 0.0283264 0.0162188
15 0.8314584 0.6630062 0.0283264 0.0162188
18 0.4709405 0.6630062 0.0283264 0.0162188
5 0.6872513 0.6046184 0.0283264 0.0162188
15 0.8314584 0.5462306 0.0283264 0.0162188
21 0.8314584 0.4878428 0.0283264 0.0162189
3 0.7593549 0.4294551 0.0283264 0.0162188
19 0.4709405 0.6046184 0.0283264 0.0162188
5 0.6872513 0.6630062 0.0283264 0.0162188
17 0.5430441 0.6046184 0.0283264 0.0162188
6 0.7593549 0.3710673 0.0283264 0.0162188
9 0.7593549 0.6046184 0.0283264 0.0162188
30 0.3988369 0.3710673 0.0283264 0.0162188
24 0.8314584 0.4294551 0.0283264 0.0162188
8 0.6872513 0.5462306 0.0283264 0.0162188
17 0.5430441 0.5462306 0.0283264 0.0162188
18 0.3988369 0.4294551 0.0283264 0.0162188
3 0.6138601 0.3710673 0.0283264 0.0162188
29 0.4709405 0.5462306 0.0283264 0.0162188
15 0.6138601 0.6630062 0.0283264 0.0162188
28 0.3988369 0.6046184 0.0283264 0.0162188
1 0.8314584 0.3710673 0.0283264 0.0162188
30 0.4709405 0.4294551 0.0283264 0.0162188
15 0.7593549 0.4878428 0.0283264 0.0162189
29 0.6138601 0.6046184 0.0283264 0.0162188
9 0.6138601 0.5462306 0.0283264 0.0162188
21 0.6138601 0.4878428 0.0283264 0.0162189
