10 0.1538385 0.3907210 0.0262527 0.0168157
27 0.4211389 0.3301843 0.0262527 0.0168157
32 0.3561037 0.3957657 0.4832886 0.4304827
23 0.1538385 0.2696477 0.0262527 0.0168157
22 0.3531205 0.2696477 0.0262527 0.0168157
33 0.4205422 0.2690872 0.0632452 0.0605366
3 0.4211389 0.2696477 0.0262527 0.0168157
27 0.5547890 0.2696477 0.0262527 0.0168157
11 0.1538385 0.3301843 0.0262527 0.0168157
8 0.2206636 0.3301843 0.0262527 0.0168157
25 0.3531205 0.3301843 0.0262527 0.0168157
24 0.4879639 0.3907210 0.0262527 0.0168157
6 0.2206636 0.4512576 0.0262527 0.0168157
21 0.3531205 0.4512576 0.0262527 0.0168157
7 0.5547890 0.4512576 0.0262527 0.0168157
18 0.4211389 0.5117942 0.0262527 0.0168158
15 0.2206636 0.5723308 0.0262527 0.0168157
5 0.3531205 0.5723308 0.0262527 0.0168157
17 0.4879639 0.5723308 0.0262527 0.0168157
12 0.5547890 0.5117942 0.0262527 0.0168158
1 0.5547890 0.5723308 0.0262527 0.0168157
27 0.4211389 0.5723308 0.0262527 0.0168157
20 0.4879639 0.3301843 0.0262527 0.0168157
20 0.1538385 0.5117942 0.0262527 0.0168158
13 0.2874887 0.5117942 0.0262527 0.0168158
20 0.2874887 0.5723308 0.0262527 0.0168157
4 0.2874887 0.3907210 0.0262527 0.0168157
17 0.1538385 0.5723308 0.0262527 0.0168157
21 0.5547890 0.3907210 0.0262527 0.0168157
15 0.2874887 0.4512576 0.0262527 0.0168157
8 0.2206636 0.3907210 0.0262527 0.0168157
18 0.2206636 0.2696477 0.0262527 0.0168157
4 0.3531205 0.3907210 0.0262527 0.0168157
21 0.4211389 0.4512576 0.0262527 0.0168157
9 0.4879639 0.4512576 0.0262527 0.0168157
9 0.2874887 0.2696477 0.0262527 0.0168157
7 0.4879639 0.2696477 0.0262527 0.0168157
10 0.1538385 0.4512576 0.0262527 0.0168157
26 0.2874887 0.3301843 0.0262527 0.0168157
8 0.4879639 0.5117942 0.0262527 0.0168158
7 0.3531205 0.5117942 0.0262527 0.0168158
21 0.2206636 0.5117942 0.0262527 0.0168158
1 0.5547890 0.3301843 0.0262527 0.0168157
12 0.4211389 0.3907210 0.0262527 0.0168157
