8 0.5254722 0.6376565 0.0263993 0.0173132
15 0.2566789 0.5130016 0.0263993 0.0173132
32 0.3256772 0.4558681 0.4859878 0.4432176
7 0.1222823 0.3260192 0.0263993 0.0173132
14 0.3226772 0.3260192 0.0263993 0.0173132
13 0.5254722 0.3260192 0.0263993 0.0173132
2 0.1894806 0.3883467 0.0263993 0.0173132
5 0.3910755 0.3883467 0.0263993 0.0173132
23 0.1222823 0.4506741 0.0263993 0.0173132
6 0.2566789 0.4506741 0.0263993 0.0173132
22 0.3226772 0.4506741 0.0263993 0.0173132
19 0.4582738 0.4506741 0.0263993 0.0173132
34 0.3226772 0.5124245 0.0623984 0.0623275
7 0.3226772 0.5130016 0.0263993 0.0173132
8 0.4582738 0.5130016 0.0263993 0.0173132
29 0.1222823 0.5753290 0.0263993 0.0173132
25 0.5254722 0.5753290 0.0263993 0.0173132
31 0.1222823 0.6376565 0.0263993 0.0173132
3 0.3226772 0.6376565 0.0263993 0.0173132
26 0.3910755 0.4506741 0.0263993 0.0173132
1 0.1894806 0.4506741 0.0263993 0.0173132
5 0.4582738 0.6376565 0.0263993 0.0173132
27 0.1894806 0.5130016 0.0263993 0.0173132
15 0.2566789 0.3883467 0.0263993 0.0173132
13 0.3910755 0.5753290 0.0263993 0.0173132
30 0.3910755 0.3260192 0.0263993 0.0173132
13 0.1222823 0.5130016 0.0263993 0.0173132
1 0.2566789 0.6376565 0.0263993 0.0173132
3 0.2566789 0.5753290 0.0263993 0.0173132
4 0.4582738 0.5753290 0.0263993 0.0173132
17 0.4582738 0.3883467 0.0263993 0.0173132
6 0.3910755 0.6376565 0.0263993 0.0173132
21 0.1894806 0.5753290 0.0263993 0.0173132
14 0.2566789 0.3260192 0.0263993 0.0173132
21 0.3910755 0.5130016 0.0263993 0.0173132
8 0.4582738 0.3260192 0.0263993 0.0173132
8 0.5254722 0.4506741 0.0263993 0.0173132
11 0.1894806 0.6376565 0.0263993 0.0173132
30 0.3226772 0.3883467 0.0263993 0.0173132
4 0.3226772 0.5753290 0.0263993 0.0173132
13 0.1894806 0.3260192 0.0263993 0.0173132
24 0.5254722 0.5130016 0.0263993 0.0173132
2 0.5254722 0.3883467 0.0263993 0.0173132
17 0.1222823 0.3883467 0.0263993 0.0173132
