11 0.3884415 0.6625646 0.0262666 0.0173353
19 0.3884415 0.5377500 0.0262666 0.0173353
32 0.4570928 0.5429507 0.4835433 0.4437849
22 0.5890225 0.4129356 0.0262666 0.0173353
9 0.2547209 0.4753428 0.0262665 0.0173353
4 0.5221622 0.4753428 0.0262665 0.0173353
31 0.2547209 0.5377500 0.0262665 0.0173353
16 0.5221622 0.5377500 0.0262665 0.0173353
24 0.5890225 0.5377500 0.0262666 0.0173353
26 0.3215812 0.6001573 0.0262666 0.0173353
3 0.3884415 0.6001573 0.0262666 0.0173353
20 0.4541079 0.6625646 0.0262666 0.0173353
18 0.5221622 0.6625646 0.0262665 0.0173353
17 0.6558829 0.6625646 0.0262666 0.0173353
34 0.2547209 0.7243940 0.0620846 0.0624072
2 0.2547209 0.7249718 0.0262665 0.0173353
11 0.3215812 0.7249718 0.0262666 0.0173353
21 0.4541079 0.7249718 0.0262666 0.0173353
14 0.5890225 0.7249718 0.0262666 0.0173353
14 0.4541079 0.4753428 0.0262666 0.0173353
26 0.6558829 0.6001573 0.0262666 0.0173353
6 0.5221622 0.4129356 0.0262665 0.0173353
31 0.4541079 0.5377500 0.0262666 0.0173353
30 0.3884415 0.4129356 0.0262666 0.0173353
1 0.5221622 0.6001573 0.0262665 0.0173353
21 0.2547209 0.6001573 0.0262665 0.0173353
19 0.3884415 0.7249718 0.0262666 0.0173353
31 0.4541079 0.4129356 0.0262666 0.0173353
29 0.5890225 0.4753428 0.0262666 0.0173353
11 0.5890225 0.6625646 0.0262666 0.0173353
6 0.3215812 0.6625646 0.0262666 0.0173353
17 0.3884415 0.4753428 0.0262666 0.0173353
26 0.5221622 0.7249718 0.0262665 0.0173353
18 0.6558829 0.5377500 0.0262666 0.0173353
6 0.4541079 0.6001573 0.0262666 0.0173353
29 0.6558829 0.7249718 0.0262666 0.0173353
26 0.2547209 0.6625646 0.0262665 0.0173353
6 0.2547209 0.4129356 0.0262665 0.0173353
6 0.6558829 0.4129356 0.0262666 0.0173353
1 0.5890225 0.6001573 0.0262666 0.0173353
27 0.3215812 0.5377500 0.0262666 0.0173353
19 0.3215812 0.4129356 0.0262666 0.0173353
16 0.3215812 0.4753428 0.0262666 0.0173353
25 0.6558829 0.4753428 0.0262666 0.0173353
