5 0.0707437 0.4601992 0.0263396 0.0172000
22 0.4730211 0.3363594 0.0263396 0.0172000
32 0.2736783 0.4653592 0.4848878 0.4403195
7 0.1377900 0.3363594 0.0263396 0.0172000
29 0.2048362 0.3363594 0.0263396 0.0172000
15 0.4059749 0.3363594 0.0263396 0.0172000
10 0.2048362 0.3982793 0.0263396 0.0172000
13 0.4730211 0.3982793 0.0263396 0.0172000
16 0.2048362 0.5221192 0.0263396 0.0172000
30 0.3389286 0.5221192 0.0263396 0.0172000
22 0.4059749 0.5221192 0.0263396 0.0172000
25 0.2706852 0.5840391 0.0263396 0.0172000
17 0.3389286 0.5840391 0.0263396 0.0172000
3 0.0707437 0.6459591 0.0263396 0.0172000
26 0.2048362 0.6459591 0.0263396 0.0172000
20 0.3389286 0.6459591 0.0263396 0.0172000
34 0.4053762 0.6453857 0.0610600 0.0619200
31 0.4059749 0.6459591 0.0263396 0.0172000
21 0.4730211 0.6459591 0.0263396 0.0172000
7 0.0707437 0.5221192 0.0263396 0.0172000
17 0.4730211 0.5840391 0.0263396 0.0172000
4 0.3389286 0.3982793 0.0263396 0.0172000
21 0.2706852 0.6459591 0.0263396 0.0172000
18 0.2706852 0.3363594 0.0263396 0.0172000
27 0.4059749 0.3982793 0.0263396 0.0172000
14 0.1377900 0.3982793 0.0263396 0.0172000
9 0.2048362 0.4601992 0.0263396 0.0172000
15 0.2706852 0.5221192 0.0263396 0.0172000
31 0.0707437 0.5840391 0.0263396 0.0172000
8 0.1377900 0.5221192 0.0263396 0.0172000
4 0.2048362 0.5840391 0.0263396 0.0172000
14 0.2706852 0.3982793 0.0263396 0.0172000
1 0.2706852 0.4601992 0.0263396 0.0172000
4 0.0707437 0.3982793 0.0263396 0.0172000
8 0.3389286 0.3363594 0.0263396 0.0172000
8 0.1377900 0.6459591 0.0263396 0.0172000
7 0.4730211 0.5221192 0.0263396 0.0172000
12 0.1377900 0.4601992 0.0263396 0.0172000
16 0.4059749 0.5840391 0.0263396 0.0172000
6 0.0707437 0.3363594 0.0263396 0.0172000
7 0.1377900 0.5840391 0.0263396 0.0172000
14 0.3389286 0.4601992 0.0263396 0.0172000
15 0.4730211 0.4601992 0.0263396 0.0172000
5 0.4059749 0.4601992 0.0263396 0.0172000
