6 0.3889749 0.4616606 0.0262197 0.0163836
29 0.3889749 0.4026797 0.0262197 0.0163835
32 0.4575037 0.4075948 0.4826809 0.4194195
8 0.2554928 0.2847180 0.0262197 0.0163836
20 0.6559392 0.2847180 0.0262197 0.0163836
25 0.2554928 0.3436989 0.0262197 0.0163836
3 0.3222338 0.3436989 0.0262197 0.0163836
5 0.4545242 0.3436989 0.0262197 0.0163836
12 0.5891981 0.3436989 0.0262197 0.0163836
34 0.5218611 0.4021336 0.0631656 0.0589809
15 0.5224570 0.4026797 0.0262197 0.0163835
6 0.5891981 0.4026797 0.0262197 0.0163835
19 0.3222338 0.4616606 0.0262197 0.0163836
14 0.4545242 0.4616606 0.0262197 0.0163836
21 0.4545242 0.5206415 0.0262197 0.0163836
7 0.5891981 0.5206415 0.0262197 0.0163836
17 0.6559392 0.5206415 0.0262197 0.0163836
13 0.5224570 0.5796224 0.0262197 0.0163835
31 0.5891981 0.5796224 0.0262197 0.0163835
24 0.4545242 0.2847180 0.0262197 0.0163836
3 0.6559392 0.4616606 0.0262197 0.0163836
19 0.2554928 0.4616606 0.0262197 0.0163836
11 0.6559392 0.4026797 0.0262197 0.0163835
26 0.5224570 0.2847180 0.0262197 0.0163836
10 0.5224570 0.3436989 0.0262197 0.0163836
17 0.3222338 0.5796224 0.0262197 0.0163835
4 0.5891981 0.2847180 0.0262197 0.0163836
22 0.6559392 0.5796224 0.0262197 0.0163835
7 0.6559392 0.3436989 0.0262197 0.0163836
29 0.3222338 0.4026797 0.0262197 0.0163835
31 0.5224570 0.5206415 0.0262197 0.0163836
19 0.3889749 0.3436989 0.0262197 0.0163836
14 0.3222338 0.2847180 0.0262197 0.0163836
13 0.4545242 0.5796224 0.0262197 0.0163835
15 0.2554928 0.4026797 0.0262197 0.0163835
11 0.3889749 0.5206415 0.0262197 0.0163836
16 0.3889749 0.2847180 0.0262197 0.0163836
5 0.3889749 0.5796224 0.0262197 0.0163835
6 0.4545242 0.4026797 0.0262197 0.0163835
31 0.3222338 0.5206415 0.0262197 0.0163836
18 0.2554928 0.5206415 0.0262197 0.0163836
22 0.5224570 0.4616606 0.0262197 0.0163836
4 0.2554928 0.5796224 0.0262197 0.0163835
10 0.5891981 0.4616606 0.0262197 0.0163836
