20 0.2587064 0.6991576 0.0281663 0.0165186
11 0.1882907 0.5802237 0.0281663 0.0165186
32 0.2619071 0.5257122 0.5185157 0.4228762
33 0.2587064 0.4012721 0.0665749 0.0594670
4 0.2587064 0.4018227 0.0281663 0.0165186
14 0.4750747 0.4018227 0.0281663 0.0165186
5 0.0448987 0.4612897 0.0281663 0.0165186
31 0.4033787 0.4612897 0.0281663 0.0165186
17 0.1165947 0.5207567 0.0281663 0.0165186
24 0.4033787 0.5207567 0.0281663 0.0165186
3 0.1165947 0.5802237 0.0281663 0.0165186
18 0.4750747 0.5802237 0.0281663 0.0165186
13 0.0448987 0.6396906 0.0281663 0.0165186
7 0.1165947 0.6396906 0.0281663 0.0165186
23 0.1882907 0.6396906 0.0281663 0.0165186
4 0.4033787 0.6396906 0.0281663 0.0165186
15 0.1165947 0.6991576 0.0281663 0.0165186
6 0.1882907 0.6991576 0.0281663 0.0165186
27 0.4033787 0.6991576 0.0281663 0.0165186
28 0.3316827 0.5207567 0.0281663 0.0165186
21 0.1165947 0.4612897 0.0281663 0.0165186
15 0.4750747 0.5207567 0.0281663 0.0165186
30 0.1882907 0.5207567 0.0281663 0.0165186
20 0.1882907 0.4018227 0.0281663 0.0165186
27 0.3316827 0.5802237 0.0281663 0.0165186
9 0.4750747 0.4612897 0.0281663 0.0165186
8 0.3316827 0.6991576 0.0281663 0.0165186
31 0.0448987 0.5207567 0.0281663 0.0165186
12 0.0448987 0.6991576 0.0281663 0.0165186
17 0.0448987 0.4018227 0.0281663 0.0165186
30 0.4033787 0.4018227 0.0281663 0.0165186
26 0.2587064 0.6396906 0.0281663 0.0165186
29 0.4750747 0.6991576 0.0281663 0.0165186
30 0.0448987 0.5802237 0.0281663 0.0165186
12 0.3316827 0.4018227 0.0281663 0.0165186
14 0.3316827 0.6396906 0.0281663 0.0165186
15 0.2587064 0.5802237 0.0281663 0.0165186
2 0.3316827 0.4612897 0.0281663 0.0165186
15 0.2587064 0.4612897 0.0281663 0.0165186
31 0.4033787 0.5802237 0.0281663 0.0165186
5 0.1882907 0.4612897 0.0281663 0.0165186
2 0.1165947 0.4018227 0.0281663 0.0165186
5 0.4750747 0.6396906 0.0281663 0.0165186
27 0.2587064 0.5207567 0.0281663 0.0165186
