31 0.1285165 0.4372786 0.0287117 0.0164623
2 0.4939378 0.4372786 0.0287117 0.0164623
32 0.2766427 0.3829527 0.5285559 0.4214374
24 0.0554322 0.2594847 0.0287117 0.0164624
8 0.2016008 0.2594847 0.0287117 0.0164624
15 0.4939378 0.2594847 0.0287117 0.0164624
4 0.0554322 0.3187493 0.0287117 0.0164624
34 0.1278640 0.3182006 0.0665589 0.0592646
27 0.1285165 0.3187493 0.0287117 0.0164624
20 0.2733800 0.3187493 0.0287117 0.0164624
25 0.3477693 0.3187493 0.0287117 0.0164624
11 0.4939378 0.3187493 0.0287117 0.0164624
16 0.3477693 0.3780140 0.0287117 0.0164624
12 0.0554322 0.4372786 0.0287117 0.0164623
17 0.2733800 0.4372786 0.0287117 0.0164623
19 0.2733800 0.4965432 0.0287117 0.0164624
27 0.3477693 0.5558079 0.0287117 0.0164624
14 0.4208536 0.5558079 0.0287117 0.0164624
7 0.4939378 0.5558079 0.0287117 0.0164624
20 0.4208536 0.3780140 0.0287117 0.0164624
13 0.2016008 0.5558079 0.0287117 0.0164624
28 0.1285165 0.2594847 0.0287117 0.0164624
24 0.4208536 0.2594847 0.0287117 0.0164624
21 0.0554322 0.5558079 0.0287117 0.0164624
13 0.4939378 0.4965432 0.0287117 0.0164624
11 0.4208536 0.3187493 0.0287117 0.0164624
26 0.4208536 0.4965432 0.0287117 0.0164624
28 0.2733800 0.3780140 0.0287117 0.0164624
17 0.1285165 0.3780140 0.0287117 0.0164624
25 0.3477693 0.2594847 0.0287117 0.0164624
6 0.4208536 0.4372786 0.0287117 0.0164623
4 0.2016008 0.3780140 0.0287117 0.0164624
2 0.0554322 0.3780140 0.0287117 0.0164624
20 0.0554322 0.4965432 0.0287117 0.0164624
30 0.2733800 0.2594847 0.0287117 0.0164624
9 0.3477693 0.4965432 0.0287117 0.0164624
11 0.2733800 0.5558079 0.0287117 0.0164624
13 0.2016008 0.3187493 0.0287117 0.0164624
4 0.2016008 0.4965432 0.0287117 0.0164624
27 0.2016008 0.4372786 0.0287117 0.0164623
14 0.1285165 0.4965432 0.0287117 0.0164624
15 0.3477693 0.4372786 0.0287117 0.0164623
29 0.4939378 0.3780140 0.0287117 0.0164624
16 0.1285165 0.5558079 0.0287117 0.0164624
