10 0.3597968 0.3912172 0.0286801 0.0165237
26 0.7978201 0.6291587 0.0286801 0.0165237
32 0.5807639 0.5151451 0.5279745 0.4230070
7 0.5058046 0.3912172 0.0286801 0.0165237
14 0.6518123 0.3912172 0.0286801 0.0165237
23 0.7248162 0.3912172 0.0286801 0.0165237
25 0.4328007 0.4507026 0.0286801 0.0165237
3 0.5058046 0.4507026 0.0286801 0.0165237
31 0.5775048 0.4507026 0.0286801 0.0165237
16 0.5775048 0.5101880 0.0286801 0.0165238
2 0.7248162 0.5101880 0.0286801 0.0165238
22 0.7978201 0.5101880 0.0286801 0.0165238
21 0.4328007 0.5696733 0.0286801 0.0165237
30 0.5058046 0.5696733 0.0286801 0.0165237
15 0.5058046 0.6291587 0.0286801 0.0165237
34 0.6511605 0.6286079 0.0690929 0.0594853
22 0.6518123 0.6291587 0.0286801 0.0165237
4 0.7248162 0.6291587 0.0286801 0.0165237
9 0.7978201 0.6886440 0.0286801 0.0165237
13 0.7248162 0.5696733 0.0286801 0.0165237
27 0.6518123 0.5696733 0.0286801 0.0165237
3 0.6518123 0.5101880 0.0286801 0.0165238
19 0.3597968 0.6291587 0.0286801 0.0165237
31 0.7248162 0.4507026 0.0286801 0.0165237
9 0.3597968 0.4507026 0.0286801 0.0165237
27 0.7978201 0.4507026 0.0286801 0.0165237
26 0.5058046 0.5101880 0.0286801 0.0165238
13 0.5775048 0.6291587 0.0286801 0.0165237
8 0.5775048 0.5696733 0.0286801 0.0165237
17 0.4328007 0.6886440 0.0286801 0.0165237
17 0.3597968 0.5101880 0.0286801 0.0165238
20 0.6518123 0.6886440 0.0286801 0.0165237
30 0.7978201 0.5696733 0.0286801 0.0165237
8 0.7248162 0.6886440 0.0286801 0.0165237
13 0.7978201 0.3912172 0.0286801 0.0165237
4 0.6518123 0.4507026 0.0286801 0.0165237
14 0.5775048 0.3912172 0.0286801 0.0165237
2 0.4328007 0.3912172 0.0286801 0.0165237
14 0.5058046 0.6886440 0.0286801 0.0165237
10 0.3597968 0.5696733 0.0286801 0.0165237
5 0.4328007 0.5101880 0.0286801 0.0165238
26 0.5775048 0.6886440 0.0286801 0.0165237
19 0.3597968 0.6886440 0.0286801 0.0165237
25 0.4328007 0.6291587 0.0286801 0.0165237
