15 0.6189460 0.5070896 0.0280740 0.0168803
18 0.6189460 0.5678584 0.0280740 0.0168802
32 0.4779382 0.5729225 0.5168158 0.4321342
12 0.2616412 0.4463207 0.0280740 0.0168802
16 0.4045631 0.4463207 0.0280739 0.0168802
7 0.4747479 0.4463207 0.0280739 0.0168802
24 0.3331021 0.5070896 0.0280740 0.0168803
18 0.4045631 0.5070896 0.0280739 0.0168803
6 0.4747479 0.5070896 0.0280739 0.0168803
17 0.5474850 0.5070896 0.0280740 0.0168803
27 0.2616412 0.5678584 0.0280740 0.0168802
33 0.4045631 0.5672958 0.0663566 0.0607688
11 0.4045631 0.5678584 0.0280739 0.0168802
13 0.6904070 0.5678584 0.0280740 0.0168802
25 0.2616412 0.6286273 0.0280740 0.0168802
21 0.3331021 0.6286273 0.0280740 0.0168802
30 0.4045631 0.6286273 0.0280739 0.0168802
29 0.4045631 0.7501651 0.0280739 0.0168802
9 0.4747479 0.7501651 0.0280739 0.0168802
15 0.3331021 0.7501651 0.0280740 0.0168802
2 0.6904070 0.6286273 0.0280740 0.0168802
12 0.4045631 0.6893962 0.0280739 0.0168803
7 0.6904070 0.5070896 0.0280740 0.0168803
26 0.4747479 0.6286273 0.0280739 0.0168802
18 0.5474850 0.5678584 0.0280740 0.0168802
16 0.2616412 0.6893962 0.0280740 0.0168803
1 0.6904070 0.7501651 0.0280740 0.0168802
28 0.5474850 0.6893962 0.0280740 0.0168803
1 0.6904070 0.4463207 0.0280740 0.0168802
3 0.4747479 0.5678584 0.0280739 0.0168802
2 0.6189460 0.7501651 0.0280740 0.0168802
6 0.5474850 0.4463207 0.0280740 0.0168802
7 0.3331021 0.4463207 0.0280740 0.0168802
17 0.4747479 0.6893962 0.0280739 0.0168803
13 0.6189460 0.4463207 0.0280740 0.0168802
6 0.5474850 0.7501651 0.0280740 0.0168802
8 0.6189460 0.6286273 0.0280740 0.0168802
30 0.6904070 0.6893962 0.0280740 0.0168803
20 0.3331021 0.5678584 0.0280740 0.0168802
14 0.5474850 0.6286273 0.0280740 0.0168802
26 0.2616412 0.7501651 0.0280740 0.0168802
15 0.3331021 0.6893962 0.0280740 0.0168803
13 0.6189460 0.6893962 0.0280740 0.0168803
11 0.2616412 0.5070896 0.0280740 0.0168803
