5 0.7598923 0.6276274 0.0284215 0.0167759
28 0.4705106 0.8088065 0.0284214 0.0167759
32 0.5447939 0.6326603 0.5232126 0.4294614
21 0.4705106 0.5068414 0.0284214 0.0167758
16 0.6152015 0.5068414 0.0284214 0.0167758
15 0.7598923 0.5068414 0.0284215 0.0167758
14 0.5415641 0.5672345 0.0284214 0.0167759
19 0.7598923 0.5672345 0.0284215 0.0167759
5 0.4705106 0.6276274 0.0284214 0.0167759
2 0.3258197 0.6880205 0.0284214 0.0167759
27 0.4705106 0.6880205 0.0284214 0.0167759
6 0.6152015 0.6880205 0.0284214 0.0167759
33 0.7598923 0.6874613 0.0671779 0.0603929
14 0.7598923 0.6880205 0.0284215 0.0167759
29 0.5415641 0.7484135 0.0284214 0.0167757
18 0.3981651 0.8088065 0.0284214 0.0167759
17 0.5415641 0.8088065 0.0284214 0.0167759
30 0.6152015 0.8088065 0.0284214 0.0167759
22 0.6875468 0.8088065 0.0284214 0.0167759
5 0.4705106 0.7484135 0.0284214 0.0167757
20 0.7598923 0.7484135 0.0284215 0.0167757
21 0.6875468 0.5068414 0.0284214 0.0167758
6 0.6875468 0.6880205 0.0284214 0.0167759
28 0.3258197 0.5068414 0.0284214 0.0167758
31 0.3258197 0.8088065 0.0284214 0.0167759
21 0.6875468 0.5672345 0.0284214 0.0167759
11 0.5415641 0.6276274 0.0284214 0.0167759
2 0.3258197 0.5672345 0.0284214 0.0167759
10 0.3258197 0.6276274 0.0284214 0.0167759
8 0.3981651 0.5068414 0.0284214 0.0167758
15 0.7598923 0.8088065 0.0284215 0.0167759
16 0.6875468 0.6276274 0.0284214 0.0167759
9 0.4705106 0.5672345 0.0284214 0.0167759
13 0.5415641 0.6880205 0.0284214 0.0167759
4 0.3981651 0.6276274 0.0284214 0.0167759
31 0.6152015 0.6276274 0.0284214 0.0167759
19 0.3981651 0.6880205 0.0284214 0.0167759
4 0.6152015 0.7484135 0.0284214 0.0167757
18 0.3981651 0.5672345 0.0284214 0.0167759
14 0.3258197 0.7484135 0.0284214 0.0167757
6 0.5415641 0.5068414 0.0284214 0.0167758
29 0.6152015 0.5672345 0.0284214 0.0167759
15 0.3981651 0.7484135 0.0284214 0.0167757
9 0.6875468 0.7484135 0.0284214 0.0167757
