7 0.2927446 0.4183547 0.0268743 0.0167194
26 0.2927446 0.6591135 0.0268743 0.0167194
32 0.4997988 0.5437499 0.4947313 0.4280156
3 0.4967449 0.4183547 0.0268743 0.0167194
18 0.7031884 0.4183547 0.0268742 0.0167194
9 0.2927446 0.4785444 0.0268743 0.0167194
27 0.4295592 0.5387341 0.0268743 0.0167194
15 0.5663738 0.5387341 0.0268743 0.0167194
11 0.6347811 0.5387341 0.0268743 0.0167194
26 0.7031884 0.5387341 0.0268742 0.0167194
19 0.3611519 0.5989237 0.0268743 0.0167194
33 0.4967449 0.5983666 0.0635211 0.0601897
3 0.4967449 0.5989237 0.0268743 0.0167194
1 0.7031884 0.5989237 0.0268742 0.0167194
31 0.3611519 0.6591135 0.0268743 0.0167194
20 0.5663738 0.6591135 0.0268743 0.0167194
12 0.7031884 0.6591135 0.0268742 0.0167194
25 0.3611519 0.7193032 0.0268743 0.0167194
6 0.4967449 0.7193032 0.0268743 0.0167194
5 0.4295592 0.5989237 0.0268743 0.0167194
31 0.4295592 0.4183547 0.0268743 0.0167194
28 0.4967449 0.5387341 0.0268743 0.0167194
15 0.6347811 0.4183547 0.0268743 0.0167194
20 0.6347811 0.4785444 0.0268743 0.0167194
2 0.3611519 0.4785444 0.0268743 0.0167194
30 0.2927446 0.5989237 0.0268743 0.0167194
27 0.3611519 0.5387341 0.0268743 0.0167194
31 0.5663738 0.4785444 0.0268743 0.0167194
1 0.5663738 0.5989237 0.0268743 0.0167194
29 0.4295592 0.7193032 0.0268743 0.0167194
20 0.2927446 0.5387341 0.0268743 0.0167194
8 0.7031884 0.7193032 0.0268742 0.0167194
11 0.3611519 0.4183547 0.0268743 0.0167194
17 0.4967449 0.6591135 0.0268743 0.0167194
26 0.4295592 0.6591135 0.0268743 0.0167194
1 0.6347811 0.5989237 0.0268743 0.0167194
31 0.6347811 0.6591135 0.0268743 0.0167194
5 0.5663738 0.7193032 0.0268743 0.0167194
6 0.7031884 0.4785444 0.0268742 0.0167194
22 0.2927446 0.7193032 0.0268743 0.0167194
7 0.4295592 0.4785444 0.0268743 0.0167194
13 0.5663738 0.4183547 0.0268743 0.0167194
28 0.6347811 0.7193032 0.0268743 0.0167194
5 0.4967449 0.4785444 0.0268743 0.0167194
