31 0.4201406 0.5968366 0.0278689 0.0168207
1 0.2782626 0.5362819 0.0278689 0.0168207
32 0.4929797 0.6018828 0.5130408 0.4306110
30 0.3492016 0.4757272 0.0278689 0.0168207
24 0.4898128 0.4757272 0.0278689 0.0168207
20 0.5620185 0.4757272 0.0278689 0.0168207
23 0.7038965 0.4757272 0.0278690 0.0168207
25 0.5620185 0.5362819 0.0278689 0.0168207
33 0.2782626 0.5962759 0.0658719 0.0605547
5 0.2782626 0.5968366 0.0278689 0.0168207
10 0.7038965 0.5968366 0.0278690 0.0168207
12 0.2782626 0.6573912 0.0278689 0.0168207
29 0.4898128 0.6573912 0.0278689 0.0168207
8 0.6329575 0.6573912 0.0278689 0.0168207
18 0.7038965 0.6573912 0.0278690 0.0168207
9 0.4201406 0.7179460 0.0278689 0.0168207
2 0.6329575 0.7179460 0.0278689 0.0168207
11 0.4898128 0.7785006 0.0278689 0.0168207
17 0.7038965 0.7785006 0.0278690 0.0168207
22 0.3492016 0.7785006 0.0278689 0.0168207
1 0.4201406 0.7785006 0.0278689 0.0168207
25 0.6329575 0.5362819 0.0278689 0.0168207
21 0.3492016 0.5362819 0.0278689 0.0168207
24 0.4898128 0.5968366 0.0278689 0.0168207
12 0.2782626 0.7179460 0.0278689 0.0168207
2 0.4898128 0.7179460 0.0278689 0.0168207
21 0.2782626 0.4757272 0.0278689 0.0168207
5 0.6329575 0.4757272 0.0278689 0.0168207
13 0.3492016 0.6573912 0.0278689 0.0168207
7 0.4201406 0.5362819 0.0278689 0.0168207
13 0.5620185 0.6573912 0.0278689 0.0168207
30 0.4898128 0.5362819 0.0278689 0.0168207
12 0.2782626 0.7785006 0.0278689 0.0168207
2 0.3492016 0.7179460 0.0278689 0.0168207
21 0.7038965 0.7179460 0.0278690 0.0168207
24 0.4201406 0.6573912 0.0278689 0.0168207
8 0.5620185 0.7785006 0.0278689 0.0168207
20 0.7038965 0.5362819 0.0278690 0.0168207
15 0.6329575 0.5968366 0.0278689 0.0168207
10 0.4201406 0.4757272 0.0278689 0.0168207
21 0.3492016 0.5968366 0.0278689 0.0168207
26 0.5620185 0.5968366 0.0278689 0.0168207
15 0.5620185 0.7179460 0.0278689 0.0168207
20 0.6329575 0.7785006 0.0278689 0.0168207
