26 0.6411430 0.5231177 0.0267915 0.0163289
21 0.7775361 0.4643335 0.0267915 0.0163289
32 0.5747731 0.5868005 0.4932073 0.4180208
19 0.3683567 0.4643335 0.0267915 0.0163289
7 0.4365533 0.4643335 0.0267915 0.0163289
26 0.7093395 0.4643335 0.0267915 0.0163289
8 0.3683567 0.5231177 0.0267915 0.0163289
16 0.7093395 0.5231177 0.0267915 0.0163289
17 0.5717286 0.5819019 0.0267915 0.0163289
14 0.7093395 0.5819019 0.0267915 0.0163289
29 0.3683567 0.6406860 0.0267915 0.0163289
30 0.4365533 0.6406860 0.0267915 0.0163289
6 0.5047498 0.6406860 0.0267915 0.0163289
12 0.7093395 0.6406860 0.0267915 0.0163289
22 0.3683567 0.6994702 0.0267915 0.0163289
3 0.6411430 0.6994702 0.0267915 0.0163289
34 0.5717286 0.7577101 0.0633254 0.0587842
25 0.5717286 0.7582544 0.0267915 0.0163289
11 0.7093395 0.7582544 0.0267915 0.0163289
1 0.7775361 0.5231177 0.0267915 0.0163289
13 0.5047498 0.7582544 0.0267915 0.0163289
30 0.5047498 0.6994702 0.0267915 0.0163289
1 0.7775361 0.5819019 0.0267915 0.0163289
17 0.6411430 0.6406860 0.0267915 0.0163289
30 0.6411430 0.7582544 0.0267915 0.0163289
27 0.5047498 0.4643335 0.0267915 0.0163289
4 0.6411430 0.4643335 0.0267915 0.0163289
17 0.3683567 0.7582544 0.0267915 0.0163289
19 0.7093395 0.6994702 0.0267915 0.0163289
11 0.5047498 0.5231177 0.0267915 0.0163289
20 0.7775361 0.7582544 0.0267915 0.0163289
31 0.3683567 0.5819019 0.0267915 0.0163289
6 0.7775361 0.6994702 0.0267915 0.0163289
8 0.5047498 0.5819019 0.0267915 0.0163289
2 0.4365533 0.5231177 0.0267915 0.0163289
1 0.4365533 0.7582544 0.0267915 0.0163289
11 0.6411430 0.5819019 0.0267915 0.0163289
28 0.4365533 0.6994702 0.0267915 0.0163289
30 0.4365533 0.5819019 0.0267915 0.0163289
5 0.5717286 0.6994702 0.0267915 0.0163289
25 0.7775361 0.6406860 0.0267915 0.0163289
25 0.5717286 0.6406860 0.0267915 0.0163289
12 0.5717286 0.4643335 0.0267915 0.0163289
3 0.5717286 0.5231177 0.0267915 0.0163289
