31 0.3236177 0.6392132 0.0282164 0.0171238
15 0.2517941 0.6392132 0.0282164 0.0171238
32 0.3973651 0.5827047 0.5194382 0.4383691
24 0.1799706 0.4542763 0.0282164 0.0171238
13 0.5390884 0.4542763 0.0282164 0.0171238
15 0.6109119 0.4542763 0.0282164 0.0171238
19 0.2517941 0.5159219 0.0282164 0.0171238
11 0.3941587 0.5159219 0.0282164 0.0171238
34 0.3236177 0.5769968 0.0666933 0.0616457
20 0.3236177 0.5775675 0.0282164 0.0171238
4 0.4672648 0.5775675 0.0282164 0.0171238
16 0.6109119 0.5775675 0.0282164 0.0171238
31 0.1799706 0.6392132 0.0282164 0.0171238
5 0.3941587 0.6392132 0.0282164 0.0171238
6 0.3941587 0.7008588 0.0282164 0.0171238
22 0.6109119 0.7008588 0.0282164 0.0171238
21 0.3236177 0.7625045 0.0282164 0.0171238
12 0.3941587 0.7625045 0.0282164 0.0171238
27 0.6109119 0.7625045 0.0282164 0.0171238
13 0.3236177 0.5159219 0.0282164 0.0171238
5 0.1799706 0.7625045 0.0282164 0.0171238
28 0.2517941 0.4542763 0.0282164 0.0171238
28 0.1799706 0.5159219 0.0282164 0.0171238
14 0.3236177 0.7008588 0.0282164 0.0171238
12 0.4672648 0.6392132 0.0282164 0.0171238
14 0.3236177 0.4542763 0.0282164 0.0171238
8 0.1799706 0.5775675 0.0282164 0.0171238
25 0.5390884 0.7008588 0.0282164 0.0171238
12 0.2517941 0.5775675 0.0282164 0.0171238
24 0.4672648 0.4542763 0.0282164 0.0171238
3 0.3941587 0.4542763 0.0282164 0.0171238
30 0.5390884 0.5159219 0.0282164 0.0171238
5 0.5390884 0.6392132 0.0282164 0.0171238
21 0.4672648 0.7625045 0.0282164 0.0171238
8 0.5390884 0.5775675 0.0282164 0.0171238
2 0.5390884 0.7625045 0.0282164 0.0171238
6 0.6109119 0.6392132 0.0282164 0.0171238
30 0.3941587 0.5775675 0.0282164 0.0171238
9 0.2517941 0.7008588 0.0282164 0.0171238
24 0.6109119 0.5159219 0.0282164 0.0171238
11 0.4672648 0.5159219 0.0282164 0.0171238
19 0.2517941 0.7625045 0.0282164 0.0171238
1 0.4672648 0.7008588 0.0282164 0.0171238
20 0.1799706 0.7008588 0.0282164 0.0171238
