5 0.1810761 0.5116355 0.0279152 0.0164898
21 0.3942463 0.3929088 0.0279152 0.0164898
32 0.3250928 0.3384924 0.5138926 0.4221392
4 0.3219207 0.2148189 0.0279152 0.0164898
5 0.4653030 0.2148189 0.0279152 0.0164898
13 0.5363598 0.2148189 0.0279152 0.0164898
29 0.1100193 0.2741822 0.0279152 0.0164898
25 0.3219207 0.2741822 0.0279152 0.0164898
10 0.2521328 0.3335455 0.0279152 0.0164899
18 0.3219207 0.3335455 0.0279152 0.0164899
22 0.3942463 0.3335455 0.0279152 0.0164899
6 0.4653030 0.3335455 0.0279152 0.0164899
31 0.5363598 0.3929088 0.0279152 0.0164898
2 0.1100193 0.4522721 0.0279152 0.0164898
24 0.1810761 0.4522721 0.0279152 0.0164898
20 0.3219207 0.4522721 0.0279152 0.0164898
34 0.5363598 0.4517225 0.0659813 0.0593633
9 0.5363598 0.4522721 0.0279152 0.0164898
7 0.2521328 0.5116355 0.0279152 0.0164898
14 0.1100193 0.3929088 0.0279152 0.0164898
29 0.3942463 0.4522721 0.0279152 0.0164898
1 0.4653030 0.3929088 0.0279152 0.0164898
19 0.1100193 0.3335455 0.0279152 0.0164899
17 0.3942463 0.2741822 0.0279152 0.0164898
1 0.1810761 0.3929088 0.0279152 0.0164898
10 0.2521328 0.3929088 0.0279152 0.0164898
16 0.5363598 0.3335455 0.0279152 0.0164899
16 0.3219207 0.3929088 0.0279152 0.0164898
5 0.4653030 0.4522721 0.0279152 0.0164898
5 0.2521328 0.2148189 0.0279152 0.0164898
20 0.3942463 0.5116355 0.0279152 0.0164898
24 0.1810761 0.3335455 0.0279152 0.0164899
11 0.1100193 0.2148189 0.0279152 0.0164898
8 0.4653030 0.2741822 0.0279152 0.0164898
11 0.5363598 0.2741822 0.0279152 0.0164898
1 0.1810761 0.2148189 0.0279152 0.0164898
27 0.3219207 0.5116355 0.0279152 0.0164898
21 0.3942463 0.2148189 0.0279152 0.0164898
10 0.5363598 0.5116355 0.0279152 0.0164898
20 0.2521328 0.4522721 0.0279152 0.0164898
19 0.1810761 0.2741822 0.0279152 0.0164898
21 0.2521328 0.2741822 0.0279152 0.0164898
19 0.1100193 0.5116355 0.0279152 0.0164898
21 0.4653030 0.5116355 0.0279152 0.0164898
