6 0.5405715 0.6294973 0.0288654 0.0162778
27 0.4684081 0.5708975 0.0288654 0.0162777
32 0.5438517 0.5171809 0.5313857 0.4167104
26 0.3214570 0.3950978 0.0288654 0.0162777
12 0.6153591 0.3950978 0.0288654 0.0162777
6 0.7623102 0.3950978 0.0288654 0.0162777
13 0.3949325 0.4536976 0.0288654 0.0162777
17 0.5405715 0.4536976 0.0288654 0.0162777
14 0.5405715 0.5122975 0.0288654 0.0162777
1 0.6888347 0.5122975 0.0288654 0.0162777
25 0.3949325 0.5708975 0.0288654 0.0162777
10 0.6153591 0.5708975 0.0288654 0.0162777
34 0.6147031 0.6289547 0.0695394 0.0585999
15 0.6153591 0.6294973 0.0288654 0.0162778
21 0.6888347 0.6294973 0.0288654 0.0162778
31 0.7623102 0.6294973 0.0288654 0.0162778
19 0.3949325 0.6880972 0.0288654 0.0162777
9 0.5405715 0.6880972 0.0288654 0.0162777
18 0.6888347 0.6880972 0.0288654 0.0162777
18 0.3214570 0.6294973 0.0288654 0.0162778
12 0.3214570 0.5708975 0.0288654 0.0162777
4 0.4684081 0.5122975 0.0288654 0.0162777
31 0.6888347 0.3950978 0.0288654 0.0162777
7 0.3949325 0.3950978 0.0288654 0.0162777
26 0.7623102 0.5708975 0.0288654 0.0162777
19 0.4684081 0.4536976 0.0288654 0.0162777
13 0.3214570 0.4536976 0.0288654 0.0162777
25 0.4684081 0.6880972 0.0288654 0.0162777
29 0.3949325 0.5122975 0.0288654 0.0162777
7 0.7623102 0.4536976 0.0288654 0.0162777
16 0.6153591 0.4536976 0.0288654 0.0162777
17 0.6153591 0.5122975 0.0288654 0.0162777
9 0.6153591 0.6880972 0.0288654 0.0162777
13 0.7623102 0.6880972 0.0288654 0.0162777
21 0.5405715 0.3950978 0.0288654 0.0162777
14 0.3214570 0.5122975 0.0288654 0.0162777
24 0.3214570 0.6880972 0.0288654 0.0162777
25 0.6888347 0.4536976 0.0288654 0.0162777
31 0.5405715 0.5708975 0.0288654 0.0162777
31 0.6888347 0.5708975 0.0288654 0.0162777
18 0.4684081 0.6294973 0.0288654 0.0162778
29 0.4684081 0.3950978 0.0288654 0.0162777
5 0.3949325 0.6294973 0.0288654 0.0162778
26 0.7623102 0.5122975 0.0288654 0.0162777
