26 0.8339566 0.3715423 0.0280627 0.0160624
13 0.7625244 0.4293670 0.0280627 0.0160624
32 0.6215735 0.3763610 0.5166075 0.4111977
4 0.6183846 0.2558929 0.0280626 0.0160624
31 0.7625244 0.2558929 0.0280627 0.0160624
21 0.8339566 0.2558929 0.0280627 0.0160624
34 0.6904545 0.3131822 0.0676054 0.0578247
25 0.6910923 0.3137176 0.0280626 0.0160624
1 0.7625244 0.3137176 0.0280627 0.0160624
23 0.4767958 0.3715423 0.0280626 0.0160624
24 0.5482280 0.3715423 0.0280626 0.0160624
15 0.6910923 0.3715423 0.0280626 0.0160624
29 0.4053637 0.4293670 0.0280626 0.0160624
16 0.6910923 0.4293670 0.0280626 0.0160624
11 0.4767958 0.4871916 0.0280626 0.0160624
26 0.6183846 0.4871916 0.0280626 0.0160624
5 0.8339566 0.4871916 0.0280627 0.0160624
17 0.6183846 0.5450163 0.0280626 0.0160624
18 0.7625244 0.5450163 0.0280627 0.0160624
6 0.4053637 0.5450163 0.0280626 0.0160624
12 0.5482280 0.2558929 0.0280626 0.0160624
19 0.6910923 0.5450163 0.0280626 0.0160624
11 0.5482280 0.5450163 0.0280626 0.0160624
21 0.8339566 0.5450163 0.0280627 0.0160624
15 0.4053637 0.2558929 0.0280626 0.0160624
11 0.5482280 0.4871916 0.0280626 0.0160624
20 0.6910923 0.2558929 0.0280626 0.0160624
30 0.4767958 0.5450163 0.0280626 0.0160624
3 0.6910923 0.4871916 0.0280626 0.0160624
3 0.6183846 0.3137176 0.0280626 0.0160624
15 0.7625244 0.4871916 0.0280627 0.0160624
28 0.4053637 0.3715423 0.0280626 0.0160624
10 0.5482280 0.4293670 0.0280626 0.0160624
28 0.4767958 0.3137176 0.0280626 0.0160624
18 0.5482280 0.3137176 0.0280626 0.0160624
18 0.8339566 0.4293670 0.0280627 0.0160624
11 0.4767958 0.4293670 0.0280626 0.0160624
16 0.4053637 0.4871916 0.0280626 0.0160624
20 0.6183846 0.4293670 0.0280626 0.0160624
24 0.4767958 0.2558929 0.0280626 0.0160624
3 0.8339566 0.3137176 0.0280627 0.0160624
8 0.4053637 0.3137176 0.0280626 0.0160624
17 0.7625244 0.3715423 0.0280627 0.0160624
15 0.6183846 0.3715423 0.0280626 0.0160624
