28 0.6586153 0.4438900 0.0286021 0.0160621
2 0.2217817 0.2704185 0.0286022 0.0160622
32 0.4421487 0.3908848 0.5265405 0.4111916
9 0.2945873 0.2704185 0.0286022 0.0160622
2 0.3673929 0.2704185 0.0286022 0.0160622
31 0.5858097 0.2704185 0.0286022 0.0160622
15 0.2217817 0.3282423 0.0286022 0.0160622
12 0.2217817 0.3860661 0.0286022 0.0160621
14 0.3673929 0.3860661 0.0286022 0.0160621
30 0.5130041 0.3860661 0.0286022 0.0160621
29 0.5858097 0.3860661 0.0286022 0.0160621
6 0.3673929 0.4438900 0.0286022 0.0160621
33 0.4388984 0.4433546 0.0676052 0.0578238
14 0.4388984 0.4438900 0.0286022 0.0160621
19 0.2217817 0.5017138 0.0286022 0.0160621
8 0.6586153 0.5017138 0.0286021 0.0160621
3 0.2945873 0.5595376 0.0286022 0.0160622
23 0.5130041 0.5595376 0.0286022 0.0160622
1 0.6586153 0.5595376 0.0286021 0.0160622
25 0.3673929 0.5595376 0.0286022 0.0160622
24 0.4388984 0.5595376 0.0286022 0.0160622
15 0.5858097 0.5595376 0.0286022 0.0160622
8 0.5858097 0.5017138 0.0286022 0.0160621
14 0.6586153 0.3860661 0.0286021 0.0160621
27 0.4388984 0.3860661 0.0286022 0.0160621
25 0.2217817 0.5595376 0.0286022 0.0160622
31 0.5130041 0.3282423 0.0286022 0.0160622
19 0.4388984 0.5017138 0.0286022 0.0160621
4 0.4388984 0.3282423 0.0286022 0.0160622
17 0.2945873 0.3860661 0.0286022 0.0160621
11 0.5130041 0.4438900 0.0286022 0.0160621
20 0.2945873 0.4438900 0.0286022 0.0160621
26 0.5130041 0.5017138 0.0286022 0.0160621
12 0.6586153 0.3282423 0.0286021 0.0160622
13 0.3673929 0.3282423 0.0286022 0.0160622
9 0.4388984 0.2704185 0.0286022 0.0160622
5 0.2217817 0.4438900 0.0286022 0.0160621
29 0.6586153 0.2704185 0.0286021 0.0160622
18 0.3673929 0.5017138 0.0286022 0.0160621
31 0.2945873 0.5017138 0.0286022 0.0160621
20 0.5130041 0.2704185 0.0286022 0.0160622
11 0.2945873 0.3282423 0.0286022 0.0160622
25 0.5858097 0.3282423 0.0286022 0.0160622
15 0.5858097 0.4438900 0.0286022 0.0160621
