19 0.6844821 0.2796330 0.0276208 0.0166658
13 0.6129192 0.2196362 0.0276208 0.0166658
32 0.6160579 0.3446294 0.5084733 0.4266437
33 0.4032524 0.2190807 0.0652855 0.0599968
13 0.4032524 0.2196362 0.0276208 0.0166658
7 0.7547896 0.2196362 0.0276208 0.0166658
17 0.8250969 0.2196362 0.0276208 0.0166658
4 0.4032524 0.2796330 0.0276208 0.0166658
14 0.4735599 0.2796330 0.0276207 0.0166658
6 0.7547896 0.2796330 0.0276208 0.0166658
31 0.4735599 0.3396297 0.0276207 0.0166657
11 0.4735599 0.3996265 0.0276207 0.0166658
15 0.5438673 0.3996265 0.0276208 0.0166658
30 0.8250969 0.3996265 0.0276208 0.0166658
23 0.5438673 0.4596232 0.0276208 0.0166658
21 0.6844821 0.4596232 0.0276208 0.0166658
13 0.8250969 0.4596232 0.0276208 0.0166658
20 0.4735599 0.5196200 0.0276207 0.0166657
1 0.6129192 0.5196200 0.0276208 0.0166657
19 0.6844821 0.5196200 0.0276208 0.0166657
19 0.7547896 0.3396297 0.0276208 0.0166657
24 0.6129192 0.2796330 0.0276208 0.0166658
18 0.7547896 0.3996265 0.0276208 0.0166658
19 0.4032524 0.4596232 0.0276208 0.0166658
22 0.6129192 0.3396297 0.0276208 0.0166657
20 0.5438673 0.3396297 0.0276208 0.0166657
12 0.7547896 0.4596232 0.0276208 0.0166658
29 0.4032524 0.5196200 0.0276208 0.0166657
28 0.6844821 0.3396297 0.0276208 0.0166657
19 0.5438673 0.5196200 0.0276208 0.0166657
10 0.4032524 0.3996265 0.0276208 0.0166658
15 0.6844821 0.3996265 0.0276208 0.0166658
11 0.6129192 0.3996265 0.0276208 0.0166658
25 0.8250969 0.3396297 0.0276208 0.0166657
28 0.4735599 0.4596232 0.0276207 0.0166658
10 0.8250969 0.2796330 0.0276208 0.0166658
13 0.4735599 0.2196362 0.0276207 0.0166658
5 0.6844821 0.2196362 0.0276208 0.0166658
12 0.5438673 0.2796330 0.0276208 0.0166658
9 0.7547896 0.5196200 0.0276208 0.0166657
15 0.5438673 0.2196362 0.0276208 0.0166658
25 0.6129192 0.4596232 0.0276208 0.0166658
24 0.8250969 0.5196200 0.0276208 0.0166657
24 0.4032524 0.3396297 0.0276208 0.0166657
