18 0.7732668 0.3469053 0.0275182 0.0172446
27 0.7732668 0.6573079 0.0275182 0.0172446
32 0.6350504 0.4762398 0.5065852 0.4414616
20 0.4230350 0.3469053 0.0275182 0.0172446
14 0.4930814 0.3469053 0.0275182 0.0172446
23 0.5631277 0.4089858 0.0275182 0.0172446
33 0.7726414 0.4084110 0.0637922 0.0620806
4 0.7732668 0.4089858 0.0275182 0.0172446
9 0.6319233 0.4710664 0.0275182 0.0172446
1 0.7732668 0.4710664 0.0275182 0.0172446
6 0.5631277 0.5331469 0.0275182 0.0172446
11 0.6319233 0.5331469 0.0275182 0.0172446
3 0.4230350 0.5952275 0.0275182 0.0172445
15 0.4930814 0.5952275 0.0275182 0.0172445
19 0.6319233 0.5952275 0.0275182 0.0172445
29 0.4230350 0.6573079 0.0275182 0.0172446
16 0.6319233 0.6573079 0.0275182 0.0172446
2 0.7032204 0.6573079 0.0275182 0.0172446
12 0.8433131 0.6573079 0.0275182 0.0172446
13 0.5631277 0.6573079 0.0275182 0.0172446
2 0.5631277 0.5952275 0.0275182 0.0172445
9 0.8433131 0.3469053 0.0275182 0.0172446
19 0.7032204 0.5331469 0.0275182 0.0172446
3 0.6319233 0.3469053 0.0275182 0.0172446
6 0.8433131 0.5331469 0.0275182 0.0172446
6 0.8433131 0.4710664 0.0275182 0.0172446
24 0.7732668 0.5331469 0.0275182 0.0172446
12 0.5631277 0.4710664 0.0275182 0.0172446
26 0.4930814 0.4710664 0.0275182 0.0172446
18 0.6319233 0.4089858 0.0275182 0.0172446
8 0.8433131 0.5952275 0.0275182 0.0172445
18 0.4930814 0.5331469 0.0275182 0.0172446
26 0.8433131 0.4089858 0.0275182 0.0172446
7 0.4230350 0.4089858 0.0275182 0.0172446
9 0.5631277 0.3469053 0.0275182 0.0172446
15 0.7732668 0.5952275 0.0275182 0.0172445
5 0.4230350 0.5331469 0.0275182 0.0172446
28 0.7032204 0.4089858 0.0275182 0.0172446
18 0.4930814 0.4089858 0.0275182 0.0172446
15 0.4230350 0.4710664 0.0275182 0.0172446
11 0.7032204 0.4710664 0.0275182 0.0172446
29 0.7032204 0.5952275 0.0275182 0.0172445
20 0.4930814 0.6573079 0.0275182 0.0172446
9 0.7032204 0.3469053 0.0275182 0.0172446
