24 0.4321026 0.2351457 0.0279473 0.0158791
17 0.8589342 0.2351457 0.0279472 0.0158791
32 0.6474239 0.3542391 0.5144845 0.4065054
14 0.6442480 0.2351457 0.0279473 0.0158791
20 0.7166570 0.2351457 0.0279472 0.0158791
2 0.5032412 0.2923105 0.0279473 0.0158791
18 0.6442480 0.2923105 0.0279473 0.0158791
22 0.7877956 0.2923105 0.0279472 0.0158791
5 0.4321026 0.3494753 0.0279473 0.0158791
12 0.5032412 0.3494753 0.0279473 0.0158791
34 0.7160219 0.3489461 0.0673276 0.0571648
30 0.7166570 0.3494753 0.0279472 0.0158791
30 0.8589342 0.3494753 0.0279472 0.0158791
6 0.5032412 0.4066402 0.0279473 0.0158791
23 0.8589342 0.4066402 0.0279472 0.0158791
25 0.4321026 0.4638050 0.0279473 0.0158791
24 0.5743798 0.5209698 0.0279473 0.0158791
3 0.7877956 0.5209698 0.0279472 0.0158791
10 0.8589342 0.5209698 0.0279472 0.0158791
14 0.5032412 0.4638050 0.0279473 0.0158791
15 0.7877956 0.2351457 0.0279472 0.0158791
22 0.8589342 0.4638050 0.0279472 0.0158791
20 0.7166570 0.4638050 0.0279472 0.0158791
9 0.8589342 0.2923105 0.0279472 0.0158791
22 0.6442480 0.4066402 0.0279473 0.0158791
13 0.7166570 0.5209698 0.0279472 0.0158791
28 0.7877956 0.3494753 0.0279472 0.0158791
17 0.6442480 0.3494753 0.0279473 0.0158791
26 0.5743798 0.2351457 0.0279473 0.0158791
18 0.4321026 0.4066402 0.0279473 0.0158791
18 0.4321026 0.5209698 0.0279473 0.0158791
1 0.5743798 0.4638050 0.0279473 0.0158791
22 0.7877956 0.4638050 0.0279472 0.0158791
15 0.7877956 0.4066402 0.0279472 0.0158791
7 0.5743798 0.4066402 0.0279473 0.0158791
31 0.5032412 0.2351457 0.0279473 0.0158791
24 0.7166570 0.2923105 0.0279472 0.0158791
12 0.6442480 0.4638050 0.0279473 0.0158791
19 0.6442480 0.5209698 0.0279473 0.0158791
28 0.5032412 0.5209698 0.0279473 0.0158791
2 0.4321026 0.2923105 0.0279473 0.0158791
12 0.5743798 0.3494753 0.0279473 0.0158791
27 0.5743798 0.2923105 0.0279473 0.0158791
7 0.7166570 0.4066402 0.0279472 0.0158791
