16 0.5871895 0.3134165 0.0287469 0.0164979
31 0.3689744 0.2540243 0.0287469 0.0164979
32 0.5904562 0.3777581 0.5292043 0.4223450
4 0.4421484 0.2540243 0.0287469 0.0164979
16 0.5871895 0.2540243 0.0287469 0.0164979
8 0.6616701 0.2540243 0.0287469 0.0164979
3 0.8080180 0.2540243 0.0287469 0.0164979
15 0.3689744 0.3134165 0.0287469 0.0164979
34 0.7341908 0.3128666 0.0666405 0.0593923
5 0.7348441 0.3134165 0.0287469 0.0164979
21 0.8080180 0.3134165 0.0287469 0.0164979
23 0.3689744 0.3728088 0.0287469 0.0164979
26 0.4421484 0.3728088 0.0287469 0.0164979
1 0.7348441 0.3728088 0.0287469 0.0164979
12 0.8080180 0.3728088 0.0287469 0.0164979
25 0.5153223 0.4322010 0.0287469 0.0164979
29 0.6616701 0.4322010 0.0287469 0.0164979
20 0.5871895 0.4915933 0.0287469 0.0164979
13 0.6616701 0.4915933 0.0287469 0.0164979
13 0.5871895 0.5509856 0.0287469 0.0164978
28 0.4421484 0.4915933 0.0287469 0.0164979
15 0.6616701 0.3134165 0.0287469 0.0164979
1 0.3689744 0.5509856 0.0287469 0.0164978
6 0.5153223 0.3728088 0.0287469 0.0164979
20 0.4421484 0.4322010 0.0287469 0.0164979
7 0.3689744 0.4322010 0.0287469 0.0164979
30 0.4421484 0.5509856 0.0287469 0.0164978
28 0.8080180 0.5509856 0.0287469 0.0164978
21 0.3689744 0.4915933 0.0287469 0.0164979
22 0.5153223 0.4915933 0.0287469 0.0164979
13 0.5871895 0.3728088 0.0287469 0.0164979
8 0.5153223 0.3134165 0.0287469 0.0164979
1 0.5871895 0.4322010 0.0287469 0.0164979
2 0.7348441 0.2540243 0.0287469 0.0164979
8 0.4421484 0.3134165 0.0287469 0.0164979
11 0.5153223 0.5509856 0.0287469 0.0164978
25 0.7348441 0.5509856 0.0287469 0.0164978
8 0.7348441 0.4322010 0.0287469 0.0164979
28 0.6616701 0.3728088 0.0287469 0.0164979
29 0.5153223 0.2540243 0.0287469 0.0164979
10 0.8080180 0.4322010 0.0287469 0.0164979
3 0.7348441 0.4915933 0.0287469 0.0164979
14 0.8080180 0.4915933 0.0287469 0.0164979
29 0.6616701 0.5509856 0.0287469 0.0164978
