8 0.1556190 0.6906212 0.0277204 0.0174535
3 0.4378630 0.3764589 0.0277204 0.0174534
32 0.2986310 0.5073598 0.5103072 0.4468087
7 0.0850580 0.3764589 0.0277204 0.0174534
4 0.1556190 0.3764589 0.0277204 0.0174534
2 0.2261800 0.3764589 0.0277204 0.0174534
33 0.3666720 0.3758771 0.0667809 0.0628324
18 0.3673020 0.3764589 0.0277204 0.0174534
14 0.4378630 0.4392913 0.0277204 0.0174535
24 0.1556190 0.5021238 0.0277204 0.0174535
1 0.3673020 0.5021238 0.0277204 0.0174535
9 0.4378630 0.5021238 0.0277204 0.0174535
26 0.5084240 0.5021238 0.0277204 0.0174535
29 0.2261800 0.5649563 0.0277204 0.0174535
20 0.5084240 0.5649563 0.0277204 0.0174535
12 0.1556190 0.6277888 0.0277204 0.0174534
25 0.2261800 0.6277888 0.0277204 0.0174534
11 0.5084240 0.6277888 0.0277204 0.0174534
17 0.5084240 0.6906212 0.0277204 0.0174535
28 0.2261800 0.6906212 0.0277204 0.0174535
22 0.0850580 0.4392913 0.0277204 0.0174535
11 0.2954810 0.3764589 0.0277204 0.0174534
18 0.3673020 0.6906212 0.0277204 0.0174535
26 0.3673020 0.5649563 0.0277204 0.0174535
30 0.5084240 0.4392913 0.0277204 0.0174535
27 0.2954810 0.6906212 0.0277204 0.0174535
6 0.2954810 0.6277888 0.0277204 0.0174534
3 0.4378630 0.6906212 0.0277204 0.0174535
1 0.2954810 0.4392913 0.0277204 0.0174535
19 0.2954810 0.5649563 0.0277204 0.0174535
15 0.0850580 0.6277888 0.0277204 0.0174534
3 0.2261800 0.4392913 0.0277204 0.0174535
9 0.2954810 0.5021238 0.0277204 0.0174535
21 0.4378630 0.6277888 0.0277204 0.0174534
13 0.5084240 0.3764589 0.0277204 0.0174534
13 0.0850580 0.6906212 0.0277204 0.0174535
14 0.2261800 0.5021238 0.0277204 0.0174535
30 0.1556190 0.4392913 0.0277204 0.0174535
18 0.0850580 0.5649563 0.0277204 0.0174535
22 0.1556190 0.5649563 0.0277204 0.0174535
13 0.3673020 0.4392913 0.0277204 0.0174535
14 0.4378630 0.5649563 0.0277204 0.0174535
17 0.3673020 0.6277888 0.0277204 0.0174534
13 0.0850580 0.5021238 0.0277204 0.0174535
