30 0.6970879 0.5661973 0.0282312 0.0170977
14 0.8408102 0.4430938 0.0282311 0.0170977
32 0.6271515 0.3866714 0.5197103 0.4377013
33 0.4096431 0.2578687 0.0667282 0.0615518
6 0.4096431 0.2584386 0.0282312 0.0170977
3 0.5533655 0.2584386 0.0282312 0.0170977
10 0.6239434 0.2584386 0.0282312 0.0170977
9 0.4096431 0.3199904 0.0282312 0.0170977
23 0.4815043 0.3199904 0.0282312 0.0170977
16 0.5533655 0.3199904 0.0282312 0.0170977
29 0.8408102 0.3199904 0.0282311 0.0170977
13 0.4815043 0.3815421 0.0282312 0.0170977
17 0.5533655 0.3815421 0.0282312 0.0170977
20 0.6970879 0.3815421 0.0282312 0.0170977
14 0.4096431 0.4430938 0.0282312 0.0170977
19 0.4815043 0.5046456 0.0282312 0.0170977
30 0.6239434 0.5046456 0.0282312 0.0170977
15 0.7689490 0.5046456 0.0282312 0.0170977
6 0.8408102 0.5661973 0.0282311 0.0170977
1 0.4096431 0.5046456 0.0282312 0.0170977
30 0.8408102 0.2584386 0.0282311 0.0170977
17 0.8408102 0.3815421 0.0282311 0.0170977
7 0.4815043 0.2584386 0.0282312 0.0170977
22 0.6239434 0.4430938 0.0282312 0.0170977
3 0.7689490 0.3199904 0.0282312 0.0170977
31 0.4096431 0.5661973 0.0282312 0.0170977
27 0.6239434 0.3199904 0.0282312 0.0170977
27 0.5533655 0.5046456 0.0282312 0.0170977
2 0.5533655 0.4430938 0.0282312 0.0170977
29 0.8408102 0.5046456 0.0282311 0.0170977
3 0.6970879 0.2584386 0.0282312 0.0170977
9 0.4096431 0.3815421 0.0282312 0.0170977
21 0.4815043 0.5661973 0.0282312 0.0170977
6 0.6970879 0.5046456 0.0282312 0.0170977
10 0.6970879 0.4430938 0.0282312 0.0170977
16 0.7689490 0.3815421 0.0282312 0.0170977
29 0.7689490 0.2584386 0.0282312 0.0170977
22 0.4815043 0.4430938 0.0282312 0.0170977
5 0.6239434 0.3815421 0.0282312 0.0170977
20 0.6239434 0.5661973 0.0282312 0.0170977
5 0.7689490 0.5661973 0.0282312 0.0170977
22 0.5533655 0.5661973 0.0282312 0.0170977
7 0.6970879 0.3199904 0.0282312 0.0170977
8 0.7689490 0.4430938 0.0282312 0.0170977
