12 0.3946889 0.4382493 0.0288198 0.0167008
1 0.1746107 0.5584950 0.0288198 0.0167008
32 0.2582290 0.5033824 0.5139579 0.4275400
12 0.2466602 0.3781265 0.0288198 0.0167008
17 0.4680483 0.3781265 0.0288197 0.0167008
33 0.0316009 0.4376926 0.0607017 0.0601228
16 0.0278920 0.4382493 0.0288198 0.0167008
2 0.1012514 0.4382493 0.0288198 0.0167008
25 0.4680483 0.4983722 0.0288197 0.0167008
1 0.2466602 0.5584950 0.0288198 0.0167008
22 0.3213295 0.5584950 0.0288198 0.0167008
29 0.1012514 0.6186178 0.0288198 0.0167008
24 0.2466602 0.6186178 0.0288198 0.0167008
15 0.3213295 0.6186178 0.0288198 0.0167008
8 0.3946889 0.6186178 0.0288198 0.0167008
5 0.1012514 0.6787406 0.0288198 0.0167008
13 0.1746107 0.6787406 0.0288198 0.0167008
3 0.3213295 0.6787406 0.0288198 0.0167008
26 0.3946889 0.6787406 0.0288198 0.0167008
3 0.4680483 0.5584950 0.0288197 0.0167008
22 0.1012514 0.5584950 0.0288198 0.0167008
16 0.3213295 0.4983722 0.0288198 0.0167008
8 0.0278920 0.5584950 0.0288198 0.0167008
12 0.1012514 0.3781265 0.0288198 0.0167008
28 0.3946889 0.3781265 0.0288198 0.0167008
20 0.1746107 0.6186178 0.0288198 0.0167008
31 0.0278920 0.6186178 0.0288198 0.0167008
27 0.1746107 0.4983722 0.0288198 0.0167008
29 0.4680483 0.4382493 0.0288197 0.0167008
25 0.2466602 0.6787406 0.0288198 0.0167008
6 0.1746107 0.3781265 0.0288198 0.0167008
4 0.1012514 0.4983722 0.0288198 0.0167008
30 0.3213295 0.4382493 0.0288198 0.0167008
6 0.4680483 0.6787406 0.0288197 0.0167008
14 0.0278920 0.6787406 0.0288198 0.0167008
30 0.0278920 0.3781265 0.0288198 0.0167008
30 0.3946889 0.4983722 0.0288198 0.0167008
26 0.2466602 0.4983722 0.0288198 0.0167008
13 0.0278920 0.4983722 0.0288198 0.0167008
2 0.3946889 0.5584950 0.0288198 0.0167008
28 0.2466602 0.4382493 0.0288198 0.0167008
26 0.4680483 0.6186178 0.0288197 0.0167008
6 0.1746107 0.4382493 0.0288198 0.0167008
5 0.3213295 0.3781265 0.0288198 0.0167008
