8 0.6066228 0.5578328 0.0287218 0.0166916
26 0.6810384 0.4376529 0.0287218 0.0166916
32 0.6098866 0.4426604 0.5287426 0.4273067
9 0.5348182 0.3174729 0.0287218 0.0166917
2 0.3885981 0.3775629 0.0287218 0.0166917
1 0.5348182 0.3775629 0.0287218 0.0166917
24 0.7541485 0.3775629 0.0287218 0.0166917
17 0.8272585 0.3775629 0.0287218 0.0166917
16 0.3885981 0.4376529 0.0287218 0.0166916
4 0.4617081 0.4376529 0.0287218 0.0166916
12 0.3885981 0.4977429 0.0287218 0.0166916
27 0.6066228 0.4977429 0.0287218 0.0166916
22 0.4617081 0.5578328 0.0287218 0.0166916
15 0.5348182 0.5578328 0.0287218 0.0166916
5 0.8272585 0.5578328 0.0287218 0.0166916
13 0.6066228 0.6179228 0.0287218 0.0166916
8 0.7541485 0.6179228 0.0287218 0.0166916
33 0.8272586 0.6173664 0.0678880 0.0600900
6 0.8272585 0.6179228 0.0287218 0.0166916
14 0.7541485 0.3174729 0.0287218 0.0166917
18 0.4617081 0.3775629 0.0287218 0.0166917
21 0.5348182 0.6179228 0.0287218 0.0166916
18 0.6066228 0.3174729 0.0287218 0.0166917
5 0.6810384 0.4977429 0.0287218 0.0166916
8 0.6810384 0.3775629 0.0287218 0.0166917
7 0.6066228 0.3775629 0.0287218 0.0166917
29 0.4617081 0.4977429 0.0287218 0.0166916
2 0.8272585 0.4977429 0.0287218 0.0166916
9 0.7541485 0.4376529 0.0287218 0.0166916
13 0.5348182 0.4376529 0.0287218 0.0166916
31 0.6810384 0.5578328 0.0287218 0.0166916
21 0.8272585 0.3174729 0.0287218 0.0166917
29 0.6810384 0.3174729 0.0287218 0.0166917
6 0.7541485 0.4977429 0.0287218 0.0166916
2 0.4617081 0.3174729 0.0287218 0.0166917
10 0.6066228 0.4376529 0.0287218 0.0166916
2 0.3885981 0.3174729 0.0287218 0.0166917
24 0.5348182 0.4977429 0.0287218 0.0166916
25 0.4617081 0.6179228 0.0287218 0.0166916
2 0.7541485 0.5578328 0.0287218 0.0166916
29 0.6810384 0.6179228 0.0287218 0.0166916
24 0.3885981 0.6179228 0.0287218 0.0166916
13 0.3885981 0.5578328 0.0287218 0.0166916
1 0.8272585 0.4376529 0.0287218 0.0166916
