28 0.1578990 0.5441967 0.0276334 0.0171031
24 0.3689180 0.4210548 0.0276334 0.0171030
32 0.3004624 0.5493276 0.5087064 0.4378377
30 0.1578990 0.4210548 0.0276334 0.0171030
2 0.5095973 0.4210548 0.0276334 0.0171030
29 0.0875594 0.4826258 0.0276334 0.0171031
17 0.1578990 0.4826258 0.0276334 0.0171031
19 0.2973223 0.4826258 0.0276334 0.0171031
1 0.4392577 0.4826258 0.0276334 0.0171031
22 0.4392577 0.5441967 0.0276334 0.0171031
16 0.2282387 0.6057676 0.0276334 0.0171030
24 0.4392577 0.6057676 0.0276334 0.0171030
18 0.5095973 0.6057676 0.0276334 0.0171030
11 0.0875594 0.6673385 0.0276334 0.0171030
10 0.2973223 0.6673385 0.0276334 0.0171030
34 0.0875594 0.7283394 0.0653154 0.0615709
21 0.0875594 0.7289095 0.0276334 0.0171031
6 0.3689180 0.7289095 0.0276334 0.0171031
5 0.5095973 0.7289095 0.0276334 0.0171031
17 0.2973223 0.7289095 0.0276334 0.0171031
25 0.0875594 0.4210548 0.0276334 0.0171030
29 0.0875594 0.6057676 0.0276334 0.0171030
3 0.2282387 0.5441967 0.0276334 0.0171031
14 0.2282387 0.7289095 0.0276334 0.0171031
15 0.1578990 0.7289095 0.0276334 0.0171031
27 0.3689180 0.4826258 0.0276334 0.0171031
27 0.5095973 0.6673385 0.0276334 0.0171030
15 0.5095973 0.4826258 0.0276334 0.0171031
18 0.4392577 0.7289095 0.0276334 0.0171031
17 0.2973223 0.6057676 0.0276334 0.0171030
3 0.0875594 0.5441967 0.0276334 0.0171031
28 0.4392577 0.4210548 0.0276334 0.0171030
13 0.2973223 0.4210548 0.0276334 0.0171030
13 0.1578990 0.6057676 0.0276334 0.0171030
22 0.3689180 0.6057676 0.0276334 0.0171030
19 0.5095973 0.5441967 0.0276334 0.0171031
24 0.3689180 0.5441967 0.0276334 0.0171031
26 0.2282387 0.6673385 0.0276334 0.0171030
30 0.3689180 0.6673385 0.0276334 0.0171030
6 0.4392577 0.6673385 0.0276334 0.0171030
5 0.1578990 0.6673385 0.0276334 0.0171030
20 0.2282387 0.4210548 0.0276334 0.0171030
5 0.2282387 0.4826258 0.0276334 0.0171031
17 0.2973223 0.5441967 0.0276334 0.0171031
