20 0.5172706 0.5409765 0.0286214 0.0169810
16 0.3728629 0.6632397 0.0286213 0.0169810
32 0.5205230 0.6072024 0.5268930 0.4347137
34 0.4457172 0.4792789 0.0676505 0.0611316
30 0.4457172 0.4798449 0.0286214 0.0169810
4 0.3728629 0.5409765 0.0286213 0.0169810
7 0.4457172 0.5409765 0.0286214 0.0169810
31 0.7371346 0.5409765 0.0286213 0.0169810
14 0.4457172 0.6021082 0.0286214 0.0169810
2 0.6642802 0.6021082 0.0286214 0.0169810
19 0.7371346 0.6021082 0.0286213 0.0169810
24 0.4457172 0.6632397 0.0286214 0.0169810
6 0.5172706 0.6632397 0.0286214 0.0169810
5 0.5914259 0.6632397 0.0286214 0.0169810
17 0.4457172 0.7243713 0.0286214 0.0169810
13 0.5914259 0.7243713 0.0286214 0.0169810
9 0.6642802 0.7243713 0.0286214 0.0169810
16 0.3000085 0.7855031 0.0286213 0.0169810
29 0.6642802 0.7855031 0.0286214 0.0169810
26 0.7371346 0.7243713 0.0286213 0.0169810
2 0.5914259 0.5409765 0.0286214 0.0169810
14 0.3000085 0.4798449 0.0286213 0.0169810
30 0.3000085 0.7243713 0.0286213 0.0169810
11 0.7371346 0.4798449 0.0286213 0.0169810
6 0.5172706 0.7855031 0.0286214 0.0169810
16 0.6642802 0.5409765 0.0286214 0.0169810
21 0.5914259 0.4798449 0.0286214 0.0169810
24 0.5914259 0.6021082 0.0286214 0.0169810
1 0.5914259 0.7855031 0.0286214 0.0169810
22 0.3728629 0.7855031 0.0286213 0.0169810
2 0.3728629 0.6021082 0.0286213 0.0169810
15 0.3728629 0.7243713 0.0286213 0.0169810
15 0.7371346 0.6632397 0.0286213 0.0169810
21 0.6642802 0.6632397 0.0286214 0.0169810
4 0.4457172 0.7855031 0.0286214 0.0169810
5 0.5172706 0.7243713 0.0286214 0.0169810
28 0.6642802 0.4798449 0.0286214 0.0169810
3 0.3000085 0.5409765 0.0286213 0.0169810
13 0.3000085 0.6021082 0.0286213 0.0169810
24 0.5172706 0.4798449 0.0286214 0.0169810
20 0.3000085 0.6632397 0.0286213 0.0169810
15 0.7371346 0.7855031 0.0286213 0.0169810
17 0.5172706 0.6021082 0.0286214 0.0169810
4 0.3728629 0.4798449 0.0286213 0.0169810
