5 0.4227523 0.7035392 0.0266085 0.0158698
22 0.4227523 0.6464081 0.0266085 0.0158698
32 0.5600281 0.5369067 0.4898387 0.4062660
11 0.3550215 0.4178835 0.0266085 0.0158698
29 0.6259447 0.4178835 0.0266085 0.0158698
12 0.6936754 0.4178835 0.0266085 0.0158698
1 0.6259447 0.4750146 0.0266085 0.0158698
25 0.3550215 0.5321458 0.0266085 0.0158698
30 0.4227523 0.5321458 0.0266085 0.0158698
18 0.4904831 0.5321458 0.0266085 0.0158698
5 0.6936754 0.5321458 0.0266085 0.0158698
7 0.3550215 0.5892769 0.0266085 0.0158698
14 0.6259447 0.5892769 0.0266085 0.0158698
33 0.6930707 0.5887480 0.0616833 0.0571311
17 0.6936754 0.5892769 0.0266085 0.0158698
16 0.3550215 0.6464081 0.0266085 0.0158698
24 0.4904831 0.6464081 0.0266085 0.0158698
2 0.4904831 0.7035392 0.0266085 0.0158698
4 0.6259447 0.7035392 0.0266085 0.0158698
13 0.5570044 0.6464081 0.0266085 0.0158698
7 0.3550215 0.7035392 0.0266085 0.0158698
20 0.7614062 0.6464081 0.0266086 0.0158698
17 0.7614062 0.4178835 0.0266086 0.0158698
12 0.7614062 0.5321458 0.0266086 0.0158698
1 0.5570044 0.4178835 0.0266085 0.0158698
18 0.4227523 0.4750146 0.0266085 0.0158698
10 0.3550215 0.4750146 0.0266085 0.0158698
30 0.4904831 0.4750146 0.0266085 0.0158698
18 0.4227523 0.5892769 0.0266085 0.0158698
7 0.4227523 0.4178835 0.0266085 0.0158698
1 0.6936754 0.7035392 0.0266085 0.0158698
29 0.7614062 0.5892769 0.0266086 0.0158698
31 0.5570044 0.7035392 0.0266085 0.0158698
7 0.6936754 0.6464081 0.0266085 0.0158698
17 0.4904831 0.5892769 0.0266085 0.0158698
8 0.4904831 0.4178835 0.0266085 0.0158698
26 0.7614062 0.4750146 0.0266086 0.0158698
13 0.6936754 0.4750146 0.0266085 0.0158698
1 0.6259447 0.6464081 0.0266085 0.0158698
3 0.7614062 0.7035392 0.0266086 0.0158698
31 0.5570044 0.5321458 0.0266085 0.0158698
31 0.6259447 0.5321458 0.0266085 0.0158698
10 0.5570044 0.4750146 0.0266085 0.0158698
3 0.5570044 0.5892769 0.0266085 0.0158698
