15 0.7772244 0.7190137 0.0279462 0.0165380
26 0.4926807 0.4213314 0.0279462 0.0165379
32 0.5657220 0.5453657 0.5144650 0.4233703
19 0.5625463 0.4213314 0.0279462 0.0165379
29 0.4926807 0.4808679 0.0279462 0.0165379
3 0.6349525 0.4808679 0.0279463 0.0165379
27 0.6349525 0.5404044 0.0279463 0.0165379
31 0.4215448 0.5999408 0.0279462 0.0165380
26 0.6349525 0.5999408 0.0279463 0.0165380
23 0.7060884 0.5999408 0.0279462 0.0165380
34 0.3504089 0.6589259 0.0660548 0.0595365
6 0.3504089 0.6594773 0.0279462 0.0165379
10 0.4215448 0.6594773 0.0279462 0.0165379
30 0.5625463 0.6594773 0.0279462 0.0165379
22 0.6349525 0.6594773 0.0279463 0.0165379
16 0.7772244 0.6594773 0.0279462 0.0165379
4 0.5625463 0.7190137 0.0279462 0.0165380
12 0.7060884 0.7190137 0.0279462 0.0165380
31 0.4215448 0.7190137 0.0279462 0.0165380
28 0.4926807 0.6594773 0.0279462 0.0165379
24 0.4926807 0.5999408 0.0279462 0.0165380
21 0.4215448 0.4808679 0.0279462 0.0165379
9 0.4215448 0.4213314 0.0279462 0.0165379
31 0.5625463 0.5404044 0.0279462 0.0165379
2 0.6349525 0.4213314 0.0279463 0.0165379
10 0.7772244 0.4213314 0.0279462 0.0165379
25 0.4926807 0.7190137 0.0279462 0.0165380
6 0.4926807 0.5404044 0.0279462 0.0165379
16 0.7060884 0.5404044 0.0279462 0.0165379
26 0.5625463 0.5999408 0.0279462 0.0165380
13 0.7772244 0.5404044 0.0279462 0.0165379
6 0.3504089 0.4808679 0.0279462 0.0165379
7 0.3504089 0.4213314 0.0279462 0.0165379
19 0.7060884 0.6594773 0.0279462 0.0165379
26 0.6349525 0.7190137 0.0279463 0.0165380
7 0.3504089 0.7190137 0.0279462 0.0165380
24 0.4215448 0.5404044 0.0279462 0.0165379
7 0.5625463 0.4808679 0.0279462 0.0165379
27 0.3504089 0.5999408 0.0279462 0.0165380
16 0.7772244 0.5999408 0.0279462 0.0165380
25 0.3504089 0.5404044 0.0279462 0.0165379
7 0.7060884 0.4808679 0.0279462 0.0165379
20 0.7772244 0.4808679 0.0279462 0.0165379
15 0.7060884 0.4213314 0.0279462 0.0165379
