6 0.7374121 0.4864131 0.0268182 0.0165499
5 0.8056767 0.3076738 0.0268182 0.0165499
32 0.6027112 0.3722186 0.4936999 0.4236784
14 0.3960887 0.2480940 0.0268183 0.0165500
10 0.3960887 0.3076738 0.0268183 0.0165499
11 0.5326180 0.3076738 0.0268183 0.0165499
25 0.6691474 0.3076738 0.0268182 0.0165499
31 0.3960887 0.3672536 0.0268183 0.0165500
27 0.5996637 0.3672536 0.0268183 0.0165500
5 0.8056767 0.3672536 0.0268182 0.0165500
6 0.3960887 0.4268333 0.0268183 0.0165500
2 0.5996637 0.4268333 0.0268183 0.0165500
33 0.7368026 0.4262817 0.0621696 0.0595798
30 0.7374121 0.4268333 0.0268182 0.0165500
3 0.5326180 0.4864131 0.0268183 0.0165499
23 0.4643533 0.5459929 0.0268183 0.0165500
13 0.5326180 0.5459929 0.0268183 0.0165500
22 0.5996637 0.5459929 0.0268183 0.0165500
22 0.7374121 0.3672536 0.0268182 0.0165500
4 0.5996637 0.3076738 0.0268183 0.0165499
22 0.8056767 0.2480940 0.0268182 0.0165500
14 0.6691474 0.4864131 0.0268182 0.0165499
8 0.6691474 0.4268333 0.0268182 0.0165500
14 0.7374121 0.5459929 0.0268182 0.0165500
26 0.6691474 0.3672536 0.0268182 0.0165500
13 0.8056767 0.5459929 0.0268182 0.0165500
31 0.4643533 0.2480940 0.0268183 0.0165500
1 0.5326180 0.4268333 0.0268183 0.0165500
22 0.6691474 0.5459929 0.0268182 0.0165500
20 0.4643533 0.3076738 0.0268183 0.0165499
21 0.7374121 0.3076738 0.0268182 0.0165499
13 0.3960887 0.5459929 0.0268183 0.0165500
12 0.5996637 0.2480940 0.0268183 0.0165500
2 0.7374121 0.2480940 0.0268182 0.0165500
4 0.5996637 0.4864131 0.0268183 0.0165499
28 0.5326180 0.2480940 0.0268183 0.0165500
22 0.5326180 0.3672536 0.0268183 0.0165500
13 0.4643533 0.4864131 0.0268183 0.0165499
17 0.8056767 0.4268333 0.0268182 0.0165500
30 0.8056767 0.4864131 0.0268182 0.0165499
25 0.4643533 0.3672536 0.0268183 0.0165500
26 0.4643533 0.4268333 0.0268183 0.0165500
1 0.6691474 0.2480940 0.0268182 0.0165500
25 0.3960887 0.4864131 0.0268183 0.0165499
