29 0.1807196 0.2766622 0.0265041 0.0168220
16 0.4505797 0.4583401 0.0265041 0.0168220
32 0.3174567 0.3422681 0.4879166 0.4306437
13 0.1807196 0.2161030 0.0265041 0.0168220
14 0.3144449 0.2161030 0.0265041 0.0168220
11 0.3831147 0.2161030 0.0265041 0.0168220
31 0.4505797 0.2161030 0.0265041 0.0168220
25 0.1132546 0.2766622 0.0265041 0.0168220
23 0.2481846 0.2766622 0.0265041 0.0168220
17 0.5180447 0.2766622 0.0265041 0.0168220
7 0.4505797 0.3372215 0.0265041 0.0168220
15 0.3144449 0.3977808 0.0265041 0.0168220
22 0.3831147 0.3977808 0.0265041 0.0168220
34 0.1132546 0.4577794 0.0626461 0.0605593
2 0.1132546 0.4583401 0.0265041 0.0168220
6 0.5180447 0.4583401 0.0265041 0.0168220
29 0.2481846 0.5188994 0.0265041 0.0168220
19 0.3831147 0.5188994 0.0265041 0.0168220
29 0.5180447 0.2161030 0.0265041 0.0168220
21 0.2481846 0.3977808 0.0265041 0.0168220
17 0.3144449 0.2766622 0.0265041 0.0168220
8 0.3144449 0.3372215 0.0265041 0.0168220
21 0.5180447 0.5188994 0.0265041 0.0168220
4 0.5180447 0.3372215 0.0265041 0.0168220
15 0.3831147 0.2766622 0.0265041 0.0168220
22 0.2481846 0.4583401 0.0265041 0.0168220
5 0.3144449 0.4583401 0.0265041 0.0168220
22 0.1132546 0.3372215 0.0265041 0.0168220
22 0.1807196 0.3372215 0.0265041 0.0168220
26 0.4505797 0.2766622 0.0265041 0.0168220
2 0.2481846 0.3372215 0.0265041 0.0168220
9 0.1807196 0.3977808 0.0265041 0.0168220
10 0.5180447 0.3977808 0.0265041 0.0168220
21 0.1132546 0.3977808 0.0265041 0.0168220
10 0.3144449 0.5188994 0.0265041 0.0168220
16 0.1807196 0.4583401 0.0265041 0.0168220
15 0.4505797 0.5188994 0.0265041 0.0168220
1 0.2481846 0.2161030 0.0265041 0.0168220
29 0.3831147 0.3372215 0.0265041 0.0168220
4 0.4505797 0.3977808 0.0265041 0.0168220
8 0.1807196 0.5188994 0.0265041 0.0168220
20 0.1132546 0.2161030 0.0265041 0.0168220
7 0.3831147 0.4583401 0.0265041 0.0168220
26 0.1132546 0.5188994 0.0265041 0.0168220
