31 0.6489692 0.5558605 0.0270601 0.0170839
27 0.5112090 0.4328566 0.0270601 0.0170839
32 0.4441738 0.4994837 0.4981509 0.4373472
21 0.3045685 0.3713546 0.0270601 0.0170839
18 0.4410988 0.3713546 0.0270601 0.0170839
17 0.6489692 0.3713546 0.0270601 0.0170839
14 0.4410988 0.4328566 0.0270601 0.0170839
2 0.5800890 0.4328566 0.0270601 0.0170839
34 0.4410988 0.4937891 0.0639601 0.0615019
4 0.4410988 0.4943585 0.0270601 0.0170839
4 0.3734487 0.5558605 0.0270600 0.0170839
20 0.5112090 0.5558605 0.0270601 0.0170839
3 0.5800890 0.5558605 0.0270601 0.0170839
12 0.2356884 0.6173625 0.0270601 0.0170839
22 0.3734487 0.6173625 0.0270600 0.0170839
30 0.5800890 0.6173625 0.0270601 0.0170839
16 0.6489692 0.6173625 0.0270601 0.0170839
24 0.4410988 0.6788644 0.0270601 0.0170839
13 0.3734487 0.4328566 0.0270600 0.0170839
22 0.2356884 0.5558605 0.0270601 0.0170839
24 0.2356884 0.4943585 0.0270601 0.0170839
15 0.5800890 0.6788644 0.0270601 0.0170839
21 0.6489692 0.6788644 0.0270601 0.0170839
28 0.2356884 0.4328566 0.0270601 0.0170839
9 0.2356884 0.6788644 0.0270601 0.0170839
14 0.5112090 0.4943585 0.0270601 0.0170839
6 0.5800890 0.4943585 0.0270601 0.0170839
20 0.3045685 0.5558605 0.0270601 0.0170839
31 0.5112090 0.6173625 0.0270601 0.0170839
20 0.3045685 0.4943585 0.0270601 0.0170839
26 0.3045685 0.6173625 0.0270601 0.0170839
27 0.5800890 0.3713546 0.0270601 0.0170839
17 0.4410988 0.5558605 0.0270601 0.0170839
18 0.3734487 0.6788644 0.0270600 0.0170839
7 0.5112090 0.6788644 0.0270601 0.0170839
10 0.3045685 0.4328566 0.0270601 0.0170839
8 0.3734487 0.4943585 0.0270600 0.0170839
5 0.2356884 0.3713546 0.0270601 0.0170839
6 0.6489692 0.4328566 0.0270601 0.0170839
11 0.3734487 0.3713546 0.0270600 0.0170839
24 0.3045685 0.6788644 0.0270601 0.0170839
17 0.5112090 0.3713546 0.0270601 0.0170839
27 0.6489692 0.4943585 0.0270601 0.0170839
5 0.4410988 0.6173625 0.0270601 0.0170839
