22 0.2805623 0.4640577 0.0272086 0.0160795
17 0.4895738 0.5219438 0.0272086 0.0160794
32 0.2836542 0.3531093 0.5008857 0.4116346
23 0.0740242 0.2325132 0.0272086 0.0160795
31 0.2125407 0.2325132 0.0272086 0.0160795
27 0.2805623 0.2325132 0.0272086 0.0160795
14 0.0740242 0.2903993 0.0272086 0.0160795
9 0.2805623 0.2903993 0.0272086 0.0160795
13 0.0740242 0.3482854 0.0272086 0.0160794
24 0.2125407 0.3482854 0.0272086 0.0160794
30 0.4895738 0.3482854 0.0272086 0.0160794
34 0.0740242 0.4056356 0.0643113 0.0578861
12 0.0740242 0.4061715 0.0272086 0.0160795
18 0.4895738 0.4061715 0.0272086 0.0160795
26 0.1432825 0.4640577 0.0272086 0.0160795
2 0.2125407 0.4640577 0.0272086 0.0160795
25 0.2125407 0.5219438 0.0272086 0.0160794
7 0.2805623 0.5219438 0.0272086 0.0160794
15 0.4203156 0.3482854 0.0272086 0.0160794
6 0.0740242 0.5219438 0.0272086 0.0160794
29 0.2125407 0.4061715 0.0272086 0.0160795
31 0.4203156 0.5219438 0.0272086 0.0160794
22 0.1432825 0.2325132 0.0272086 0.0160795
16 0.2805623 0.3482854 0.0272086 0.0160794
6 0.3510573 0.2903993 0.0272086 0.0160795
12 0.1432825 0.3482854 0.0272086 0.0160794
31 0.2125407 0.2903993 0.0272086 0.0160795
4 0.1432825 0.2903993 0.0272086 0.0160795
24 0.3510573 0.5219438 0.0272086 0.0160794
24 0.1432825 0.5219438 0.0272086 0.0160794
15 0.4203156 0.4061715 0.0272086 0.0160795
16 0.4895738 0.4640577 0.0272086 0.0160795
15 0.4203156 0.2903993 0.0272086 0.0160795
7 0.2805623 0.4061715 0.0272086 0.0160795
19 0.0740242 0.4640577 0.0272086 0.0160795
14 0.4203156 0.4640577 0.0272086 0.0160795
12 0.3510573 0.3482854 0.0272086 0.0160794
19 0.4895738 0.2903993 0.0272086 0.0160795
18 0.4203156 0.2325132 0.0272086 0.0160795
11 0.3510573 0.4061715 0.0272086 0.0160795
5 0.4895738 0.2325132 0.0272086 0.0160795
13 0.3510573 0.4640577 0.0272086 0.0160795
27 0.1432825 0.4061715 0.0272086 0.0160795
3 0.3510573 0.2325132 0.0272086 0.0160795
