27 0.7153825 0.7097106 0.0266313 0.0174451
11 0.5798048 0.5841063 0.0266313 0.0174451
32 0.6494095 0.5893399 0.4902587 0.4465931
6 0.7831714 0.4585020 0.0266313 0.0174450
1 0.8509602 0.4585020 0.0266313 0.0174450
24 0.4442271 0.5213042 0.0266314 0.0174451
26 0.7831714 0.5213042 0.0266313 0.0174451
5 0.7831714 0.5841063 0.0266313 0.0174451
29 0.7153825 0.6469085 0.0266313 0.0174450
22 0.8509602 0.6469085 0.0266313 0.0174450
18 0.4442271 0.7097106 0.0266314 0.0174451
17 0.5120160 0.7097106 0.0266313 0.0174451
9 0.5798048 0.7725127 0.0266313 0.0174450
2 0.6463831 0.7725127 0.0266313 0.0174450
33 0.7147773 0.7719313 0.0641573 0.0628021
13 0.7153825 0.7725127 0.0266313 0.0174450
7 0.7831714 0.7725127 0.0266313 0.0174450
23 0.8509602 0.7725127 0.0266313 0.0174450
28 0.7153825 0.5213042 0.0266313 0.0174451
1 0.5798048 0.6469085 0.0266313 0.0174450
24 0.5120160 0.4585020 0.0266313 0.0174450
24 0.8509602 0.7097106 0.0266313 0.0174451
1 0.8509602 0.5213042 0.0266313 0.0174451
25 0.6463831 0.5841063 0.0266313 0.0174451
15 0.5120160 0.5213042 0.0266313 0.0174451
13 0.4442271 0.5841063 0.0266314 0.0174451
27 0.5120160 0.6469085 0.0266313 0.0174450
16 0.6463831 0.4585020 0.0266313 0.0174450
9 0.6463831 0.6469085 0.0266313 0.0174450
12 0.4442271 0.6469085 0.0266314 0.0174450
25 0.6463831 0.5213042 0.0266313 0.0174451
12 0.6463831 0.7097106 0.0266313 0.0174451
13 0.5798048 0.4585020 0.0266313 0.0174450
24 0.4442271 0.4585020 0.0266314 0.0174450
1 0.5120160 0.7725127 0.0266313 0.0174450
10 0.8509602 0.5841063 0.0266313 0.0174451
22 0.5120160 0.5841063 0.0266313 0.0174451
21 0.4442271 0.7725127 0.0266314 0.0174450
20 0.7831714 0.6469085 0.0266313 0.0174450
16 0.5798048 0.7097106 0.0266313 0.0174451
20 0.7153825 0.4585020 0.0266313 0.0174450
6 0.7831714 0.7097106 0.0266313 0.0174451
7 0.5798048 0.5213042 0.0266313 0.0174451
31 0.7153825 0.5841063 0.0266313 0.0174451
