8 0.3794456 0.6306788 0.0278745 0.0161155
20 0.3097595 0.5146476 0.0278745 0.0161155
32 0.3826132 0.5194822 0.5131433 0.4125554
24 0.5935721 0.3986164 0.0278745 0.0161155
19 0.3097595 0.4566319 0.0278745 0.0161155
25 0.5226189 0.4566319 0.0278745 0.0161155
2 0.2388064 0.5146476 0.0278745 0.0161155
5 0.3794456 0.5146476 0.0278745 0.0161155
8 0.3794456 0.5726632 0.0278745 0.0161155
21 0.5226189 0.5726632 0.0278745 0.0161155
18 0.5935721 0.5726632 0.0278745 0.0161155
29 0.2388064 0.6306788 0.0278745 0.0161155
31 0.4516658 0.6306788 0.0278745 0.0161155
27 0.5935721 0.6306788 0.0278745 0.0161155
34 0.1678532 0.6881571 0.0658851 0.0580156
4 0.1678532 0.6886944 0.0278745 0.0161155
9 0.3794456 0.6886944 0.0278745 0.0161155
17 0.4516658 0.6886944 0.0278745 0.0161155
6 0.5935721 0.4566319 0.0278745 0.0161155
21 0.2388064 0.3986164 0.0278745 0.0161155
10 0.5935721 0.6886944 0.0278745 0.0161155
12 0.5226189 0.5146476 0.0278745 0.0161155
27 0.3097595 0.3986164 0.0278745 0.0161155
5 0.4516658 0.5726632 0.0278745 0.0161155
17 0.1678532 0.3986164 0.0278745 0.0161155
5 0.3794456 0.3986164 0.0278745 0.0161155
17 0.3097595 0.6886944 0.0278745 0.0161155
30 0.5226189 0.3986164 0.0278745 0.0161155
4 0.2388064 0.5726632 0.0278745 0.0161155
19 0.5226189 0.6306788 0.0278745 0.0161155
20 0.4516658 0.4566319 0.0278745 0.0161155
21 0.2388064 0.6886944 0.0278745 0.0161155
6 0.4516658 0.3986164 0.0278745 0.0161155
25 0.1678532 0.6306788 0.0278745 0.0161155
6 0.5935721 0.5146476 0.0278745 0.0161155
24 0.1678532 0.4566319 0.0278745 0.0161155
5 0.5226189 0.6886944 0.0278745 0.0161155
20 0.3097595 0.6306788 0.0278745 0.0161155
31 0.1678532 0.5726632 0.0278745 0.0161155
16 0.3097595 0.5726632 0.0278745 0.0161155
10 0.2388064 0.4566319 0.0278745 0.0161155
24 0.4516658 0.5146476 0.0278745 0.0161155
26 0.3794456 0.4566319 0.0278745 0.0161155
19 0.1678532 0.5146476 0.0278745 0.0161155
