21 0.4945687 0.4977056 0.0287307 0.0171459
5 0.3469974 0.6211557 0.0287307 0.0171459
32 0.3502623 0.5645744 0.5289060 0.4389341
1 0.1289053 0.4359804 0.0287307 0.0171459
31 0.2020380 0.4977056 0.0287307 0.0171459
22 0.5677014 0.4977056 0.0287307 0.0171459
14 0.1289053 0.5594306 0.0287307 0.0171459
3 0.2020380 0.5594306 0.0287307 0.0171459
26 0.3469974 0.5594306 0.0287307 0.0171459
10 0.4945687 0.5594306 0.0287307 0.0171459
7 0.1289053 0.6828808 0.0287307 0.0171459
20 0.4214360 0.6828808 0.0287307 0.0171459
33 0.5677014 0.6823093 0.0679089 0.0617251
31 0.5677014 0.6828808 0.0287307 0.0171459
18 0.1289053 0.7446059 0.0287307 0.0171459
16 0.2020380 0.7446059 0.0287307 0.0171459
8 0.2751707 0.7446059 0.0287307 0.0171459
9 0.5677014 0.7446059 0.0287307 0.0171459
5 0.1289053 0.4977056 0.0287307 0.0171459
8 0.2751707 0.6828808 0.0287307 0.0171459
31 0.4214360 0.4359804 0.0287307 0.0171459
20 0.2020380 0.6211557 0.0287307 0.0171459
1 0.4214360 0.7446059 0.0287307 0.0171459
26 0.5677014 0.5594306 0.0287307 0.0171459
8 0.2751707 0.4977056 0.0287307 0.0171459
13 0.2020380 0.4359804 0.0287307 0.0171459
6 0.4945687 0.4359804 0.0287307 0.0171459
18 0.2751707 0.4359804 0.0287307 0.0171459
15 0.2751707 0.5594306 0.0287307 0.0171459
3 0.3469974 0.7446059 0.0287307 0.0171459
6 0.2020380 0.6828808 0.0287307 0.0171459
8 0.4945687 0.6211557 0.0287307 0.0171459
29 0.3469974 0.4359804 0.0287307 0.0171459
14 0.4214360 0.5594306 0.0287307 0.0171459
11 0.4945687 0.6828808 0.0287307 0.0171459
8 0.5677014 0.4359804 0.0287307 0.0171459
19 0.4945687 0.7446059 0.0287307 0.0171459
21 0.1289053 0.6211557 0.0287307 0.0171459
16 0.4214360 0.4977056 0.0287307 0.0171459
24 0.5677014 0.6211557 0.0287307 0.0171459
27 0.3469974 0.6828808 0.0287307 0.0171459
24 0.2751707 0.6211557 0.0287307 0.0171459
17 0.4214360 0.6211557 0.0287307 0.0171459
18 0.3469974 0.4977056 0.0287307 0.0171459
