31 0.7160593 0.2946646 0.0276542 0.0163126
10 0.3640973 0.5882914 0.0276542 0.0163126
32 0.5771600 0.4170091 0.5090879 0.4176026
12 0.4344897 0.2946646 0.0276542 0.0163126
19 0.5048821 0.2946646 0.0276542 0.0163126
10 0.5740175 0.2946646 0.0276542 0.0163126
14 0.7864517 0.2946646 0.0276541 0.0163126
34 0.4338612 0.3528462 0.0641074 0.0587253
31 0.4344897 0.3533900 0.0276542 0.0163126
17 0.6456670 0.3533900 0.0276542 0.0163126
13 0.6456670 0.4121153 0.0276542 0.0163126
6 0.5740175 0.4708407 0.0276542 0.0163126
18 0.6456670 0.4708407 0.0276542 0.0163126
30 0.3640973 0.5295661 0.0276542 0.0163126
27 0.6456670 0.5295661 0.0276542 0.0163126
16 0.7160593 0.5295661 0.0276542 0.0163126
21 0.7864517 0.5295661 0.0276541 0.0163126
15 0.6456670 0.5882914 0.0276542 0.0163126
13 0.7160593 0.3533900 0.0276542 0.0163126
21 0.4344897 0.5295661 0.0276542 0.0163126
3 0.4344897 0.4708407 0.0276542 0.0163126
21 0.7864517 0.4708407 0.0276541 0.0163126
10 0.3640973 0.4121153 0.0276542 0.0163126
22 0.5740175 0.4121153 0.0276542 0.0163126
30 0.5048821 0.3533900 0.0276542 0.0163126
25 0.5048821 0.4121153 0.0276542 0.0163126
12 0.5740175 0.5295661 0.0276542 0.0163126
13 0.7864517 0.3533900 0.0276541 0.0163126
1 0.6456670 0.2946646 0.0276542 0.0163126
7 0.3640973 0.2946646 0.0276542 0.0163126
3 0.7160593 0.5882914 0.0276542 0.0163126
25 0.7160593 0.4121153 0.0276542 0.0163126
31 0.3640973 0.3533900 0.0276542 0.0163126
7 0.5740175 0.5882914 0.0276542 0.0163126
20 0.4344897 0.5882914 0.0276542 0.0163126
18 0.7160593 0.4708407 0.0276542 0.0163126
26 0.4344897 0.4121153 0.0276542 0.0163126
27 0.3640973 0.4708407 0.0276542 0.0163126
12 0.5048821 0.5882914 0.0276542 0.0163126
6 0.5048821 0.4708407 0.0276542 0.0163126
18 0.7864517 0.5882914 0.0276541 0.0163126
28 0.7864517 0.4121153 0.0276541 0.0163126
3 0.5740175 0.3533900 0.0276542 0.0163126
20 0.5048821 0.5295661 0.0276542 0.0163126
