19 0.6063378 0.5595573 0.0286211 0.0161334
16 0.1692152 0.6757176 0.0286211 0.0161334
32 0.3897280 0.6224775 0.5268889 0.4130141
22 0.1692152 0.5014772 0.0286211 0.0161334
24 0.3864756 0.5014772 0.0286211 0.0161334
11 0.4606303 0.5014772 0.0286211 0.0161334
2 0.5334841 0.5014772 0.0286211 0.0161334
1 0.1692152 0.5595573 0.0286211 0.0161334
8 0.3149228 0.5595573 0.0286211 0.0161334
14 0.1692152 0.6176375 0.0286211 0.0161334
34 0.2414185 0.6751798 0.0663490 0.0580801
6 0.2420690 0.6757176 0.0286211 0.0161334
21 0.3864756 0.6757176 0.0286211 0.0161334
5 0.5334841 0.6757176 0.0286211 0.0161334
23 0.4606303 0.7337977 0.0286211 0.0161334
29 0.2420690 0.7918778 0.0286211 0.0161334
20 0.4606303 0.7918778 0.0286211 0.0161334
3 0.6063378 0.7918778 0.0286211 0.0161334
8 0.6063378 0.6757176 0.0286211 0.0161334
12 0.3864756 0.7337977 0.0286211 0.0161334
6 0.5334841 0.5595573 0.0286211 0.0161334
13 0.3149228 0.6176375 0.0286211 0.0161334
12 0.4606303 0.5595573 0.0286211 0.0161334
28 0.3864756 0.6176375 0.0286211 0.0161334
22 0.2420690 0.5595573 0.0286211 0.0161334
25 0.3149228 0.7918778 0.0286211 0.0161334
6 0.6063378 0.6176375 0.0286211 0.0161334
21 0.6063378 0.7337977 0.0286211 0.0161334
25 0.1692152 0.7337977 0.0286211 0.0161334
31 0.5334841 0.7918778 0.0286211 0.0161334
31 0.2420690 0.7337977 0.0286211 0.0161334
26 0.5334841 0.7337977 0.0286211 0.0161334
6 0.3149228 0.6757176 0.0286211 0.0161334
2 0.3149228 0.5014772 0.0286211 0.0161334
18 0.1692152 0.7918778 0.0286211 0.0161334
26 0.3149228 0.7337977 0.0286211 0.0161334
3 0.6063378 0.5014772 0.0286211 0.0161334
1 0.4606303 0.6757176 0.0286211 0.0161334
20 0.3864756 0.5595573 0.0286211 0.0161334
10 0.3864756 0.7918778 0.0286211 0.0161334
14 0.4606303 0.6176375 0.0286211 0.0161334
11 0.2420690 0.6176375 0.0286211 0.0161334
16 0.5334841 0.6176375 0.0286211 0.0161334
6 0.2420690 0.5014772 0.0286211 0.0161334
