31 0.7345174 0.5044271 0.0288142 0.0170066
17 0.3677917 0.7493227 0.0288141 0.0170067
32 0.5897917 0.6319769 0.5304423 0.4353699
33 0.5144820 0.5038602 0.0681062 0.0612239
18 0.5144820 0.5044271 0.0288142 0.0170066
27 0.6611722 0.5044271 0.0288142 0.0170066
19 0.5144820 0.5656510 0.0288142 0.0170066
24 0.6611722 0.5656510 0.0288142 0.0170066
1 0.7345174 0.5656510 0.0288142 0.0170066
8 0.8078624 0.5656510 0.0288142 0.0170066
5 0.4411369 0.6880988 0.0288142 0.0170066
13 0.5144820 0.6880988 0.0288142 0.0170066
23 0.6611722 0.6880988 0.0288142 0.0170066
11 0.7345174 0.6880988 0.0288142 0.0170066
29 0.8078624 0.6880988 0.0288142 0.0170066
16 0.6611722 0.7493227 0.0288142 0.0170067
22 0.6611722 0.8105467 0.0288142 0.0170067
20 0.7345174 0.8105467 0.0288142 0.0170067
4 0.7345174 0.6268749 0.0288142 0.0170067
6 0.5865174 0.5656510 0.0288142 0.0170066
26 0.6611722 0.6268749 0.0288142 0.0170067
10 0.5144820 0.8105467 0.0288142 0.0170067
19 0.3677917 0.6268749 0.0288141 0.0170067
7 0.5865174 0.7493227 0.0288142 0.0170067
30 0.3677917 0.8105467 0.0288141 0.0170067
16 0.8078624 0.7493227 0.0288142 0.0170067
4 0.5144820 0.7493227 0.0288142 0.0170067
8 0.8078624 0.5044271 0.0288142 0.0170066
20 0.5865174 0.8105467 0.0288142 0.0170067
21 0.3677917 0.6880988 0.0288141 0.0170066
15 0.4411369 0.8105467 0.0288142 0.0170067
25 0.5144820 0.6268749 0.0288142 0.0170067
11 0.5865174 0.5044271 0.0288142 0.0170066
29 0.8078624 0.6268749 0.0288142 0.0170067
12 0.4411369 0.5044271 0.0288142 0.0170066
31 0.5865174 0.6880988 0.0288142 0.0170066
11 0.4411369 0.5656510 0.0288142 0.0170066
2 0.4411369 0.6268749 0.0288142 0.0170067
20 0.8078624 0.8105467 0.0288142 0.0170067
25 0.3677917 0.5656510 0.0288141 0.0170066
18 0.3677917 0.5044271 0.0288141 0.0170066
1 0.7345174 0.7493227 0.0288142 0.0170067
4 0.4411369 0.7493227 0.0288142 0.0170067
17 0.5865174 0.6268749 0.0288142 0.0170067
