12 0.1643527 0.7910130 0.0281010 0.0166469
3 0.5220022 0.6711553 0.0281010 0.0166469
32 0.3093285 0.6162205 0.5173144 0.4261609
10 0.2358826 0.4913687 0.0281010 0.0166469
30 0.3789424 0.4913687 0.0281010 0.0166469
31 0.4504723 0.4913687 0.0281010 0.0166469
11 0.3061352 0.5512975 0.0281010 0.0166469
29 0.4504723 0.5512975 0.0281010 0.0166469
13 0.1643527 0.6112264 0.0281010 0.0166469
4 0.5220022 0.6112264 0.0281010 0.0166469
9 0.1643527 0.6711553 0.0281010 0.0166469
7 0.2358826 0.6711553 0.0281010 0.0166469
8 0.3789424 0.6711553 0.0281010 0.0166469
20 0.0928228 0.7310841 0.0281010 0.0166469
34 0.3061352 0.7904582 0.0664206 0.0599289
1 0.3061352 0.7910130 0.0281010 0.0166469
6 0.3789424 0.7910130 0.0281010 0.0166469
23 0.5220022 0.7910130 0.0281010 0.0166469
14 0.3061352 0.6711553 0.0281010 0.0166469
27 0.4504723 0.6711553 0.0281010 0.0166469
29 0.3789424 0.7310841 0.0281010 0.0166469
16 0.3789424 0.6112264 0.0281010 0.0166469
24 0.0928228 0.4913687 0.0281010 0.0166469
17 0.5220022 0.7310841 0.0281010 0.0166469
26 0.2358826 0.7310841 0.0281010 0.0166469
3 0.0928228 0.7910130 0.0281010 0.0166469
18 0.3061352 0.4913687 0.0281010 0.0166469
8 0.2358826 0.6112264 0.0281010 0.0166469
18 0.2358826 0.5512975 0.0281010 0.0166469
7 0.3789424 0.5512975 0.0281010 0.0166469
27 0.1643527 0.5512975 0.0281010 0.0166469
11 0.4504723 0.6112264 0.0281010 0.0166469
3 0.0928228 0.6711553 0.0281010 0.0166469
21 0.0928228 0.5512975 0.0281010 0.0166469
20 0.0928228 0.6112264 0.0281010 0.0166469
16 0.4504723 0.7910130 0.0281010 0.0166469
14 0.4504723 0.7310841 0.0281010 0.0166469
31 0.5220022 0.4913687 0.0281010 0.0166469
17 0.1643527 0.7310841 0.0281010 0.0166469
6 0.5220022 0.5512975 0.0281010 0.0166469
24 0.3061352 0.7310841 0.0281010 0.0166469
27 0.3061352 0.6112264 0.0281010 0.0166469
3 0.2358826 0.7910130 0.0281010 0.0166469
28 0.1643527 0.4913687 0.0281010 0.0166469
