12 0.4276731 0.4879552 0.0270293 0.0160754
4 0.7028802 0.3143415 0.0270293 0.0160753
32 0.6359214 0.4349065 0.4975843 0.4115286
7 0.5652767 0.3143415 0.0270293 0.0160753
30 0.7716821 0.3143415 0.0270293 0.0160753
4 0.4276731 0.3722127 0.0270293 0.0160753
18 0.4964749 0.3722127 0.0270293 0.0160753
17 0.4964749 0.4300839 0.0270293 0.0160754
21 0.7716821 0.4300839 0.0270293 0.0160754
33 0.5652767 0.4874193 0.0638874 0.0578712
13 0.5652767 0.4879552 0.0270293 0.0160754
16 0.4276731 0.5458263 0.0270293 0.0160753
20 0.5652767 0.5458263 0.0270293 0.0160753
27 0.8404838 0.5458263 0.0270293 0.0160753
12 0.4276731 0.6036975 0.0270293 0.0160754
14 0.5652767 0.6036975 0.0270293 0.0160754
10 0.6328499 0.6036975 0.0270293 0.0160754
13 0.8404838 0.6036975 0.0270293 0.0160754
12 0.7028802 0.4300839 0.0270293 0.0160754
3 0.8404838 0.3722127 0.0270293 0.0160753
21 0.4964749 0.4879552 0.0270293 0.0160754
20 0.7028802 0.5458263 0.0270293 0.0160753
20 0.7028802 0.4879552 0.0270293 0.0160754
12 0.7028802 0.3722127 0.0270293 0.0160753
22 0.6328499 0.3143415 0.0270293 0.0160753
11 0.4276731 0.4300839 0.0270293 0.0160754
12 0.4276731 0.3143415 0.0270293 0.0160753
18 0.6328499 0.4879552 0.0270293 0.0160754
14 0.7716821 0.5458263 0.0270293 0.0160753
24 0.7716821 0.3722127 0.0270293 0.0160753
1 0.5652767 0.3722127 0.0270293 0.0160753
17 0.8404838 0.4300839 0.0270293 0.0160754
31 0.6328499 0.3722127 0.0270293 0.0160753
25 0.8404838 0.4879552 0.0270293 0.0160754
20 0.4964749 0.5458263 0.0270293 0.0160753
22 0.5652767 0.4300839 0.0270293 0.0160754
25 0.6328499 0.5458263 0.0270293 0.0160753
18 0.7716821 0.4879552 0.0270293 0.0160754
5 0.4964749 0.3143415 0.0270293 0.0160753
4 0.7716821 0.6036975 0.0270293 0.0160754
17 0.4964749 0.6036975 0.0270293 0.0160754
12 0.8404838 0.3143415 0.0270293 0.0160753
18 0.7028802 0.6036975 0.0270293 0.0160754
19 0.6328499 0.4300839 0.0270293 0.0160754
