19 0.4016550 0.2721148 0.0264214 0.0169047
10 0.1326368 0.2721148 0.0264214 0.0169047
32 0.2689474 0.3380433 0.4863947 0.4327614
31 0.0653822 0.2112577 0.0264214 0.0169047
13 0.4689096 0.2112577 0.0264214 0.0169047
8 0.4689096 0.2721148 0.0264214 0.0169047
10 0.2659449 0.3329719 0.0264214 0.0169047
20 0.3344005 0.3329719 0.0264214 0.0169047
14 0.4016550 0.3329719 0.0264214 0.0169047
26 0.1326368 0.3938289 0.0264214 0.0169047
6 0.2659449 0.3938289 0.0264214 0.0169047
9 0.3344005 0.3938289 0.0264214 0.0169047
25 0.0653822 0.4546860 0.0264214 0.0169047
29 0.4689096 0.4546860 0.0264214 0.0169047
19 0.0653822 0.5155431 0.0264214 0.0169047
22 0.1326368 0.5155431 0.0264214 0.0169047
33 0.1998913 0.5149796 0.0624507 0.0608571
6 0.1998913 0.5155431 0.0264214 0.0169047
31 0.2659449 0.4546860 0.0264214 0.0169047
15 0.4016550 0.2112577 0.0264214 0.0169047
20 0.1998913 0.3938289 0.0264214 0.0169047
20 0.0653822 0.3938289 0.0264214 0.0169047
22 0.1998913 0.2112577 0.0264214 0.0169047
25 0.2659449 0.5155431 0.0264214 0.0169047
25 0.3344005 0.2721148 0.0264214 0.0169047
4 0.0653822 0.3329719 0.0264214 0.0169047
22 0.2659449 0.2112577 0.0264214 0.0169047
1 0.3344005 0.5155431 0.0264214 0.0169047
15 0.4016550 0.3938289 0.0264214 0.0169047
3 0.4016550 0.5155431 0.0264214 0.0169047
10 0.4689096 0.3329719 0.0264214 0.0169047
3 0.3344005 0.4546860 0.0264214 0.0169047
10 0.2659449 0.2721148 0.0264214 0.0169047
1 0.1326368 0.3329719 0.0264214 0.0169047
26 0.1326368 0.2112577 0.0264214 0.0169047
19 0.1998913 0.2721148 0.0264214 0.0169047
15 0.4689096 0.3938289 0.0264214 0.0169047
11 0.4016550 0.4546860 0.0264214 0.0169047
27 0.3344005 0.2112577 0.0264214 0.0169047
19 0.1998913 0.3329719 0.0264214 0.0169047
19 0.0653822 0.2721148 0.0264214 0.0169047
6 0.1326368 0.4546860 0.0264214 0.0169047
4 0.4689096 0.5155431 0.0264214 0.0169047
20 0.1998913 0.4546860 0.0264214 0.0169047
