19 0.3264382 0.6193298 0.0284691 0.0170161
14 0.5451324 0.4968142 0.0284691 0.0170161
32 0.3296733 0.4406611 0.5240897 0.4356114
26 0.3264382 0.3130406 0.0284691 0.0170161
12 0.4001990 0.3130406 0.0284690 0.0170161
4 0.5451324 0.3130406 0.0284691 0.0170161
16 0.3264382 0.3742984 0.0284691 0.0170161
3 0.4001990 0.3742984 0.0284690 0.0170161
21 0.1827988 0.4355563 0.0284691 0.0170161
15 0.2552655 0.4355563 0.0284691 0.0170161
27 0.4726657 0.4355563 0.0284690 0.0170161
25 0.1103321 0.4968142 0.0284691 0.0170161
2 0.3264382 0.4968142 0.0284691 0.0170161
14 0.2552655 0.5580720 0.0284691 0.0170161
34 0.3264382 0.5575048 0.0672905 0.0612579
2 0.3264382 0.5580720 0.0284691 0.0170161
13 0.4726657 0.5580720 0.0284690 0.0170161
22 0.2552655 0.6193298 0.0284691 0.0170161
29 0.2552655 0.3130406 0.0284691 0.0170161
18 0.4001990 0.4968142 0.0284690 0.0170161
1 0.1103321 0.4355563 0.0284691 0.0170161
6 0.5451324 0.3742984 0.0284691 0.0170161
24 0.4001990 0.5580720 0.0284690 0.0170161
5 0.5451324 0.5580720 0.0284691 0.0170161
22 0.1103321 0.6193298 0.0284691 0.0170161
31 0.1827988 0.6193298 0.0284691 0.0170161
2 0.1827988 0.3742984 0.0284691 0.0170161
16 0.5451324 0.6193298 0.0284691 0.0170161
31 0.4001990 0.6193298 0.0284690 0.0170161
27 0.1103321 0.3130406 0.0284691 0.0170161
1 0.2552655 0.3742984 0.0284691 0.0170161
18 0.4726657 0.6193298 0.0284690 0.0170161
21 0.5451324 0.4355563 0.0284691 0.0170161
7 0.1827988 0.3130406 0.0284691 0.0170161
21 0.1827988 0.5580720 0.0284691 0.0170161
1 0.1827988 0.4968142 0.0284691 0.0170161
17 0.4001990 0.4355563 0.0284690 0.0170161
5 0.3264382 0.4355563 0.0284691 0.0170161
13 0.2552655 0.4968142 0.0284691 0.0170161
2 0.4726657 0.3742984 0.0284690 0.0170161
21 0.1103321 0.3742984 0.0284691 0.0170161
17 0.4726657 0.3130406 0.0284690 0.0170161
27 0.1103321 0.5580720 0.0284691 0.0170161
14 0.4726657 0.4968142 0.0284690 0.0170161
