1 0.3963041 0.4761650 0.0267155 0.0162703
9 0.5323107 0.5933112 0.0267156 0.0162703
32 0.3301223 0.4810461 0.4918097 0.4165201
34 0.1242908 0.3584764 0.0631459 0.0585731
23 0.1242908 0.3590187 0.0267156 0.0162703
23 0.1922941 0.3590187 0.0267156 0.0162703
2 0.3270864 0.3590187 0.0267156 0.0162703
26 0.4643074 0.3590187 0.0267156 0.0162703
12 0.2602975 0.4175918 0.0267156 0.0162703
31 0.3270864 0.4175918 0.0267156 0.0162703
6 0.3270864 0.5347381 0.0267156 0.0162703
18 0.3963041 0.5347381 0.0267155 0.0162703
5 0.5323107 0.5347381 0.0267156 0.0162703
11 0.1922941 0.5933112 0.0267156 0.0162703
25 0.1922941 0.6518844 0.0267156 0.0162703
20 0.2602975 0.6518844 0.0267156 0.0162703
15 0.3963041 0.6518844 0.0267155 0.0162703
4 0.5323107 0.6518844 0.0267156 0.0162703
29 0.3963041 0.5933112 0.0267155 0.0162703
16 0.1242908 0.4175918 0.0267156 0.0162703
31 0.3270864 0.6518844 0.0267156 0.0162703
11 0.3963041 0.3590187 0.0267155 0.0162703
25 0.1922941 0.4175918 0.0267156 0.0162703
24 0.4643074 0.4761650 0.0267156 0.0162703
27 0.4643074 0.6518844 0.0267156 0.0162703
30 0.4643074 0.5933112 0.0267156 0.0162703
24 0.4643074 0.5347381 0.0267156 0.0162703
25 0.3963041 0.4175918 0.0267155 0.0162703
7 0.2602975 0.5347381 0.0267156 0.0162703
19 0.2602975 0.4761650 0.0267156 0.0162703
17 0.1242908 0.5347381 0.0267156 0.0162703
27 0.4643074 0.4175918 0.0267156 0.0162703
30 0.2602975 0.3590187 0.0267156 0.0162703
8 0.3270864 0.5933112 0.0267156 0.0162703
2 0.3270864 0.4761650 0.0267156 0.0162703
7 0.1922941 0.4761650 0.0267156 0.0162703
2 0.5323107 0.4761650 0.0267156 0.0162703
8 0.1242908 0.5933112 0.0267156 0.0162703
3 0.1922941 0.5347381 0.0267156 0.0162703
20 0.1242908 0.4761650 0.0267156 0.0162703
17 0.5323107 0.4175918 0.0267156 0.0162703
27 0.1242908 0.6518844 0.0267156 0.0162703
31 0.2602975 0.5933112 0.0267156 0.0162703
10 0.5323107 0.3590187 0.0267156 0.0162703
