26 0.6837267 0.6380287 0.0288180 0.0169466
13 0.5370170 0.4550055 0.0288180 0.0169466
32 0.4656269 0.5210972 0.5305129 0.4338328
31 0.3903072 0.3939977 0.0288180 0.0169466
27 0.6837267 0.3939977 0.0288180 0.0169466
33 0.6837267 0.4544406 0.0681153 0.0610077
12 0.6837267 0.4550055 0.0288180 0.0169466
4 0.2435975 0.5160132 0.0288180 0.0169465
3 0.3169523 0.5160132 0.0288180 0.0169465
25 0.5370170 0.5160132 0.0288180 0.0169465
7 0.6103719 0.5160132 0.0288180 0.0169465
22 0.6837267 0.5160132 0.0288180 0.0169465
17 0.3169523 0.5770209 0.0288180 0.0169466
16 0.4623522 0.5770209 0.0288180 0.0169466
11 0.3903072 0.6380287 0.0288180 0.0169466
9 0.4623522 0.6380287 0.0288180 0.0169466
19 0.5370170 0.6380287 0.0288180 0.0169466
26 0.5370170 0.6990365 0.0288180 0.0169465
13 0.3903072 0.4550055 0.0288180 0.0169466
10 0.6103719 0.6990365 0.0288180 0.0169465
21 0.6837267 0.6990365 0.0288180 0.0169465
30 0.2435975 0.5770209 0.0288180 0.0169466
15 0.3169523 0.4550055 0.0288180 0.0169466
30 0.6103719 0.3939977 0.0288180 0.0169466
27 0.5370170 0.3939977 0.0288180 0.0169466
14 0.3903072 0.5770209 0.0288180 0.0169466
24 0.4623522 0.3939977 0.0288180 0.0169466
9 0.3169523 0.6990365 0.0288180 0.0169465
24 0.2435975 0.4550055 0.0288180 0.0169466
9 0.2435975 0.6990365 0.0288180 0.0169465
19 0.2435975 0.3939977 0.0288180 0.0169466
19 0.3169523 0.6380287 0.0288180 0.0169466
28 0.6103719 0.5770209 0.0288180 0.0169466
17 0.6103719 0.4550055 0.0288180 0.0169466
25 0.3903072 0.5160132 0.0288180 0.0169465
24 0.4623522 0.6990365 0.0288180 0.0169465
16 0.4623522 0.5160132 0.0288180 0.0169465
22 0.6103719 0.6380287 0.0288180 0.0169466
13 0.3169523 0.3939977 0.0288180 0.0169466
7 0.2435975 0.6380287 0.0288180 0.0169466
7 0.3903072 0.6990365 0.0288180 0.0169465
18 0.4623522 0.4550055 0.0288180 0.0169466
3 0.6837267 0.5770209 0.0288180 0.0169466
27 0.5370170 0.5770209 0.0288180 0.0169466
