5 0.6401079 0.4957690 0.0262119 0.0159126
21 0.6401079 0.6676252 0.0262119 0.0159126
32 0.4417316 0.5005428 0.4825368 0.4073627
10 0.2397810 0.3811983 0.0262119 0.0159126
1 0.4387530 0.3811983 0.0262119 0.0159126
19 0.3732233 0.4384836 0.0262119 0.0159126
6 0.5066656 0.4384836 0.0262119 0.0159126
34 0.2397810 0.4952386 0.0619553 0.0572854
20 0.2397810 0.4957690 0.0262119 0.0159126
20 0.2397810 0.6103398 0.0262119 0.0159126
21 0.3732233 0.6103398 0.0262119 0.0159126
14 0.5066656 0.6103398 0.0262119 0.0159126
27 0.5733867 0.6103398 0.0262119 0.0159126
24 0.6401079 0.6103398 0.0262119 0.0159126
2 0.2397810 0.6676252 0.0262119 0.0159126
12 0.3732233 0.6676252 0.0262119 0.0159126
16 0.4387530 0.6676252 0.0262119 0.0159126
31 0.5733867 0.6676252 0.0262119 0.0159126
31 0.4387530 0.4957690 0.0262119 0.0159126
1 0.3732233 0.3811983 0.0262119 0.0159126
26 0.3732233 0.5530544 0.0262119 0.0159126
9 0.4387530 0.6103398 0.0262119 0.0159126
2 0.3065022 0.3811983 0.0262119 0.0159126
20 0.5066656 0.3811983 0.0262119 0.0159126
30 0.2397810 0.4384836 0.0262119 0.0159126
2 0.4387530 0.5530544 0.0262119 0.0159126
9 0.6401079 0.4384836 0.0262119 0.0159126
20 0.5066656 0.6676252 0.0262119 0.0159126
12 0.5066656 0.4957690 0.0262119 0.0159126
27 0.5733867 0.5530544 0.0262119 0.0159126
14 0.6401079 0.3811983 0.0262119 0.0159126
12 0.5733867 0.4384836 0.0262119 0.0159126
11 0.3065022 0.4957690 0.0262119 0.0159126
24 0.3065022 0.6676252 0.0262119 0.0159126
1 0.2397810 0.5530544 0.0262119 0.0159126
28 0.5733867 0.4957690 0.0262119 0.0159126
10 0.4387530 0.4384836 0.0262119 0.0159126
21 0.3732233 0.4957690 0.0262119 0.0159126
27 0.5066656 0.5530544 0.0262119 0.0159126
13 0.3065022 0.6103398 0.0262119 0.0159126
28 0.6401079 0.5530544 0.0262119 0.0159126
13 0.3065022 0.5530544 0.0262119 0.0159126
24 0.5733867 0.3811983 0.0262119 0.0159126
22 0.3065022 0.4384836 0.0262119 0.0159126
