2 0.2506819 0.4281091 0.0274636 0.0168997
9 0.2506819 0.4889477 0.0274636 0.0168996
32 0.3224616 0.4331789 0.5055791 0.4326304
16 0.2506819 0.3064317 0.0274636 0.0168996
24 0.3193407 0.3064317 0.0274635 0.0168996
17 0.4604036 0.3064317 0.0274635 0.0168996
4 0.3193407 0.3672704 0.0274635 0.0168996
3 0.1108674 0.4281091 0.0274636 0.0168997
1 0.1807747 0.4281091 0.0274635 0.0168997
29 0.5303108 0.4281091 0.0274635 0.0168997
22 0.1807747 0.4889477 0.0274635 0.0168996
31 0.4604036 0.4889477 0.0274635 0.0168996
33 0.2506819 0.5492231 0.0649139 0.0608387
13 0.2506819 0.5497864 0.0274636 0.0168996
6 0.4604036 0.5497864 0.0274635 0.0168996
5 0.5303108 0.5497864 0.0274635 0.0168996
2 0.3193407 0.6106250 0.0274635 0.0168996
13 0.4604036 0.6106250 0.0274635 0.0168996
30 0.1807747 0.3672704 0.0274635 0.0168996
10 0.5303108 0.3672704 0.0274635 0.0168996
10 0.1807747 0.5497864 0.0274635 0.0168996
7 0.1807747 0.6106250 0.0274635 0.0168996
2 0.1108674 0.4889477 0.0274636 0.0168996
27 0.5303108 0.3064317 0.0274635 0.0168996
8 0.2506819 0.3672704 0.0274636 0.0168996
5 0.1807747 0.3064317 0.0274635 0.0168996
5 0.3904963 0.3672704 0.0274635 0.0168996
26 0.3904963 0.3064317 0.0274635 0.0168996
27 0.1108674 0.3672704 0.0274636 0.0168996
17 0.3904963 0.4889477 0.0274635 0.0168996
15 0.2506819 0.6106250 0.0274636 0.0168996
11 0.3904963 0.4281091 0.0274635 0.0168997
18 0.4604036 0.4281091 0.0274635 0.0168997
9 0.1108674 0.5497864 0.0274636 0.0168996
30 0.3904963 0.6106250 0.0274635 0.0168996
29 0.5303108 0.4889477 0.0274635 0.0168996
13 0.5303108 0.6106250 0.0274635 0.0168996
25 0.3193407 0.5497864 0.0274635 0.0168996
1 0.1108674 0.3064317 0.0274636 0.0168996
8 0.4604036 0.3672704 0.0274635 0.0168996
29 0.3193407 0.4889477 0.0274635 0.0168996
17 0.1108674 0.6106250 0.0274636 0.0168996
28 0.3193407 0.4281091 0.0274635 0.0168997
20 0.3904963 0.5497864 0.0274635 0.0168996
