25 0.7786394 0.5664390 0.0263459 0.0159267
21 0.8457016 0.4517670 0.0263459 0.0159267
32 0.6463112 0.5138810 0.4850034 0.4077227
6 0.5103905 0.3944310 0.0263459 0.0159266
5 0.5774527 0.3944310 0.0263459 0.0159266
13 0.7786394 0.3944310 0.0263459 0.0159266
4 0.4433283 0.4517670 0.0263459 0.0159267
8 0.5103905 0.4517670 0.0263459 0.0159267
22 0.7786394 0.4517670 0.0263459 0.0159267
15 0.5103905 0.5091031 0.0263459 0.0159266
11 0.5774527 0.5091031 0.0263459 0.0159266
27 0.7115771 0.5091031 0.0263459 0.0159266
34 0.5774527 0.5659081 0.0622720 0.0573360
17 0.5774527 0.5664390 0.0263459 0.0159267
7 0.7115771 0.6237751 0.0263459 0.0159267
31 0.8457016 0.6237751 0.0263459 0.0159267
26 0.5103905 0.6811110 0.0263459 0.0159266
20 0.7115771 0.6811110 0.0263459 0.0159266
24 0.8457016 0.3944310 0.0263459 0.0159266
5 0.5774527 0.6811110 0.0263459 0.0159266
13 0.6433174 0.6237751 0.0263459 0.0159267
28 0.5103905 0.6237751 0.0263459 0.0159267
30 0.7115771 0.3944310 0.0263459 0.0159266
17 0.8457016 0.6811110 0.0263459 0.0159266
5 0.4433283 0.3944310 0.0263459 0.0159266
30 0.8457016 0.5664390 0.0263459 0.0159267
14 0.5103905 0.5664390 0.0263459 0.0159267
2 0.6433174 0.5664390 0.0263459 0.0159267
28 0.5774527 0.4517670 0.0263459 0.0159267
21 0.7786394 0.6237751 0.0263459 0.0159267
28 0.4433283 0.6237751 0.0263459 0.0159267
22 0.7786394 0.5091031 0.0263459 0.0159266
2 0.5774527 0.6237751 0.0263459 0.0159267
26 0.6433174 0.6811110 0.0263459 0.0159266
16 0.4433283 0.6811110 0.0263459 0.0159266
21 0.7786394 0.6811110 0.0263459 0.0159266
15 0.6433174 0.5091031 0.0263459 0.0159266
14 0.8457016 0.5091031 0.0263459 0.0159266
3 0.7115771 0.4517670 0.0263459 0.0159267
12 0.6433174 0.4517670 0.0263459 0.0159267
18 0.4433283 0.5664390 0.0263459 0.0159267
14 0.7115771 0.5664390 0.0263459 0.0159267
14 0.6433174 0.3944310 0.0263459 0.0159266
13 0.4433283 0.5091031 0.0263459 0.0159266
