13 0.7927615 0.6081944 0.0268906 0.0166981
20 0.5861924 0.3076286 0.0268907 0.0166981
32 0.5892482 0.4328644 0.4950326 0.4274713
26 0.3820679 0.3076286 0.0268907 0.0166981
6 0.4505168 0.3076286 0.0268906 0.0166981
16 0.6558636 0.3076286 0.0268906 0.0166981
7 0.5189658 0.3677418 0.0268907 0.0166981
19 0.7927615 0.3677418 0.0268906 0.0166981
18 0.5189658 0.4879681 0.0268907 0.0166981
10 0.5861924 0.4879681 0.0268907 0.0166981
8 0.6558636 0.4879681 0.0268906 0.0166981
33 0.7237015 0.4874115 0.0623374 0.0601131
16 0.7243126 0.4879681 0.0268906 0.0166981
14 0.3820679 0.5480812 0.0268907 0.0166981
30 0.6558636 0.5480812 0.0268906 0.0166981
1 0.7243126 0.5480812 0.0268906 0.0166981
31 0.5189658 0.6081944 0.0268907 0.0166981
24 0.6558636 0.6081944 0.0268906 0.0166981
13 0.4505168 0.4879681 0.0268906 0.0166981
10 0.7927615 0.4278549 0.0268906 0.0166981
20 0.5189658 0.4278549 0.0268907 0.0166981
1 0.6558636 0.4278549 0.0268906 0.0166981
19 0.5189658 0.5480812 0.0268907 0.0166981
2 0.4505168 0.6081944 0.0268906 0.0166981
8 0.5861924 0.4278549 0.0268907 0.0166981
5 0.3820679 0.4879681 0.0268907 0.0166981
6 0.7927615 0.4879681 0.0268906 0.0166981
14 0.3820679 0.4278549 0.0268907 0.0166981
22 0.7243126 0.3076286 0.0268906 0.0166981
18 0.4505168 0.3677418 0.0268906 0.0166981
1 0.5861924 0.6081944 0.0268907 0.0166981
8 0.5861924 0.3677418 0.0268907 0.0166981
28 0.7927615 0.3076286 0.0268906 0.0166981
30 0.4505168 0.4278549 0.0268906 0.0166981
30 0.4505168 0.5480812 0.0268906 0.0166981
25 0.5189658 0.3076286 0.0268907 0.0166981
20 0.7243126 0.4278549 0.0268906 0.0166981
24 0.3820679 0.3677418 0.0268907 0.0166981
31 0.7243126 0.3677418 0.0268906 0.0166981
26 0.7243126 0.6081944 0.0268906 0.0166981
28 0.3820679 0.6081944 0.0268907 0.0166981
25 0.7927615 0.5480812 0.0268906 0.0166981
6 0.6558636 0.3677418 0.0268906 0.0166981
31 0.5861924 0.5480812 0.0268907 0.0166981
