24 0.6024601 0.2329479 0.0276814 0.0164552
10 0.5319983 0.4106641 0.0276814 0.0164552
32 0.4634239 0.3563619 0.5095896 0.4212533
23 0.3206130 0.2329479 0.0276814 0.0164552
31 0.3910748 0.2329479 0.0276814 0.0164552
33 0.4602783 0.2323994 0.0654288 0.0592387
2 0.4602783 0.2329479 0.0276814 0.0164552
8 0.3910748 0.2921866 0.0276814 0.0164552
13 0.2501512 0.3514254 0.0276814 0.0164552
5 0.5319983 0.3514254 0.0276814 0.0164552
9 0.6729219 0.3514254 0.0276814 0.0164552
11 0.3206130 0.4106641 0.0276814 0.0164552
15 0.3910748 0.4106641 0.0276814 0.0164552
2 0.6024601 0.4106641 0.0276814 0.0164552
27 0.3206130 0.4699029 0.0276814 0.0164552
12 0.6729219 0.4699029 0.0276814 0.0164552
30 0.4602783 0.5291416 0.0276814 0.0164552
29 0.6024601 0.5291416 0.0276814 0.0164552
20 0.3206130 0.5291416 0.0276814 0.0164552
5 0.2501512 0.5291416 0.0276814 0.0164552
8 0.2501512 0.2329479 0.0276814 0.0164552
14 0.5319983 0.5291416 0.0276814 0.0164552
21 0.3206130 0.3514254 0.0276814 0.0164552
14 0.4602783 0.4106641 0.0276814 0.0164552
31 0.6024601 0.2921866 0.0276814 0.0164552
1 0.6024601 0.3514254 0.0276814 0.0164552
26 0.4602783 0.2921866 0.0276814 0.0164552
21 0.3910748 0.5291416 0.0276814 0.0164552
11 0.5319983 0.2329479 0.0276814 0.0164552
19 0.2501512 0.2921866 0.0276814 0.0164552
18 0.6729219 0.2921866 0.0276814 0.0164552
1 0.2501512 0.4106641 0.0276814 0.0164552
4 0.3910748 0.4699029 0.0276814 0.0164552
11 0.4602783 0.3514254 0.0276814 0.0164552
4 0.3910748 0.3514254 0.0276814 0.0164552
29 0.5319983 0.2921866 0.0276814 0.0164552
10 0.2501512 0.4699029 0.0276814 0.0164552
13 0.6729219 0.2329479 0.0276814 0.0164552
13 0.5319983 0.4699029 0.0276814 0.0164552
18 0.6729219 0.4106641 0.0276814 0.0164552
16 0.3206130 0.2921866 0.0276814 0.0164552
13 0.6024601 0.4699029 0.0276814 0.0164552
30 0.6729219 0.5291416 0.0276814 0.0164552
7 0.4602783 0.4699029 0.0276814 0.0164552
