25 0.4235740 0.7027563 0.0276625 0.0161133
14 0.6348153 0.4707240 0.0276626 0.0161133
32 0.4958739 0.5335661 0.5092423 0.4125018
14 0.3531602 0.4127160 0.0276625 0.0161133
8 0.6348153 0.4127160 0.0276626 0.0161133
1 0.7052290 0.4127160 0.0276625 0.0161133
25 0.4235740 0.4707240 0.0276625 0.0161133
18 0.4927304 0.4707240 0.0276626 0.0161133
17 0.6348153 0.5287321 0.0276626 0.0161133
20 0.5644015 0.5867402 0.0276625 0.0161133
31 0.7052290 0.5867402 0.0276625 0.0161133
15 0.2827465 0.6447483 0.0276625 0.0161133
10 0.4235740 0.6447483 0.0276625 0.0161133
4 0.5644015 0.6447483 0.0276625 0.0161133
34 0.7052290 0.6442112 0.0653841 0.0580081
1 0.7052290 0.6447483 0.0276625 0.0161133
11 0.2827465 0.7027563 0.0276625 0.0161133
30 0.4927304 0.7027563 0.0276626 0.0161133
19 0.6348153 0.6447483 0.0276626 0.0161133
12 0.2827465 0.5287321 0.0276625 0.0161133
14 0.7052290 0.4707240 0.0276625 0.0161133
1 0.4927304 0.4127160 0.0276626 0.0161133
20 0.6348153 0.5867402 0.0276626 0.0161133
9 0.4235740 0.5287321 0.0276625 0.0161133
24 0.5644015 0.4707240 0.0276625 0.0161133
25 0.2827465 0.4127160 0.0276625 0.0161133
14 0.4235740 0.4127160 0.0276625 0.0161133
11 0.4927304 0.6447483 0.0276626 0.0161133
26 0.3531602 0.7027563 0.0276625 0.0161133
3 0.2827465 0.5867402 0.0276625 0.0161133
28 0.4927304 0.5287321 0.0276626 0.0161133
13 0.5644015 0.4127160 0.0276625 0.0161133
1 0.6348153 0.7027563 0.0276626 0.0161133
26 0.7052290 0.7027563 0.0276625 0.0161133
4 0.3531602 0.4707240 0.0276625 0.0161133
25 0.3531602 0.5867402 0.0276625 0.0161133
2 0.7052290 0.5287321 0.0276625 0.0161133
12 0.3531602 0.6447483 0.0276625 0.0161133
16 0.3531602 0.5287321 0.0276625 0.0161133
14 0.2827465 0.4707240 0.0276625 0.0161133
22 0.4235740 0.5867402 0.0276625 0.0161133
26 0.5644015 0.7027563 0.0276625 0.0161133
26 0.5644015 0.5287321 0.0276625 0.0161133
26 0.4927304 0.5867402 0.0276626 0.0161133
