16 0.6249043 0.5229839 0.0278812 0.0165146
29 0.2700528 0.5824364 0.0278812 0.0165146
32 0.4848647 0.5279382 0.5132674 0.4227736
30 0.4816964 0.4040788 0.0278812 0.0165146
20 0.3410231 0.4635314 0.0278812 0.0165146
19 0.4119934 0.4635314 0.0278812 0.0165146
7 0.4816964 0.4635314 0.0278812 0.0165146
17 0.4119934 0.5229839 0.0278812 0.0165146
33 0.4816964 0.5224334 0.0659010 0.0594525
8 0.4816964 0.5229839 0.0278812 0.0165146
21 0.5539340 0.5229839 0.0278812 0.0165146
15 0.3410231 0.5824364 0.0278812 0.0165146
25 0.6249043 0.5824364 0.0278812 0.0165146
18 0.3410231 0.6418890 0.0278812 0.0165146
4 0.4816964 0.6418890 0.0278812 0.0165146
12 0.3410231 0.7013415 0.0278812 0.0165146
13 0.4816964 0.7013415 0.0278812 0.0165146
23 0.6958746 0.7013415 0.0278812 0.0165146
16 0.5539340 0.4635314 0.0278812 0.0165146
2 0.6249043 0.6418890 0.0278812 0.0165146
21 0.4119934 0.7013415 0.0278812 0.0165146
2 0.6249043 0.7013415 0.0278812 0.0165146
10 0.2700528 0.7013415 0.0278812 0.0165146
30 0.6249043 0.4040788 0.0278812 0.0165146
2 0.6249043 0.4635314 0.0278812 0.0165146
19 0.5539340 0.5824364 0.0278812 0.0165146
20 0.4119934 0.5824364 0.0278812 0.0165146
19 0.5539340 0.7013415 0.0278812 0.0165146
1 0.4816964 0.5824364 0.0278812 0.0165146
14 0.2700528 0.4635314 0.0278812 0.0165146
15 0.6958746 0.6418890 0.0278812 0.0165146
30 0.4119934 0.6418890 0.0278812 0.0165146
5 0.5539340 0.6418890 0.0278812 0.0165146
17 0.2700528 0.5229839 0.0278812 0.0165146
16 0.6958746 0.5229839 0.0278812 0.0165146
10 0.6958746 0.4635314 0.0278812 0.0165146
18 0.6958746 0.5824364 0.0278812 0.0165146
6 0.3410231 0.5229839 0.0278812 0.0165146
31 0.3410231 0.4040788 0.0278812 0.0165146
22 0.6958746 0.4040788 0.0278812 0.0165146
30 0.2700528 0.6418890 0.0278812 0.0165146
2 0.4119934 0.4040788 0.0278812 0.0165146
29 0.2700528 0.4040788 0.0278812 0.0165146
2 0.5539340 0.4040788 0.0278812 0.0165146
