18 0.4683602 0.7711048 0.0274402 0.0164558
1 0.3985124 0.7118642 0.0274402 0.0164558
32 0.5400789 0.5983198 0.5051491 0.4212661
33 0.4683602 0.4743535 0.0648586 0.0592406
23 0.4683602 0.4749020 0.0274402 0.0164557
7 0.6779035 0.4749020 0.0274402 0.0164557
9 0.3286647 0.5341426 0.0274402 0.0164557
16 0.3985124 0.5341426 0.0274402 0.0164557
17 0.5369607 0.5341426 0.0274402 0.0164557
25 0.7477513 0.5341426 0.0274402 0.0164557
8 0.4683602 0.5933831 0.0274402 0.0164556
5 0.6080557 0.5933831 0.0274402 0.0164556
30 0.6779035 0.5933831 0.0274402 0.0164556
21 0.7477513 0.5933831 0.0274402 0.0164556
10 0.4683602 0.6526237 0.0274402 0.0164556
22 0.7477513 0.6526237 0.0274402 0.0164556
26 0.5369607 0.7118642 0.0274402 0.0164558
1 0.6779035 0.7711048 0.0274402 0.0164558
13 0.6779035 0.5341426 0.0274402 0.0164557
27 0.7477513 0.7118642 0.0274402 0.0164558
8 0.4683602 0.5341426 0.0274402 0.0164557
9 0.6080557 0.5341426 0.0274402 0.0164557
20 0.6080557 0.7118642 0.0274402 0.0164558
14 0.3286647 0.7118642 0.0274402 0.0164558
22 0.5369607 0.7711048 0.0274402 0.0164558
11 0.3286647 0.5933831 0.0274402 0.0164556
26 0.3286647 0.6526237 0.0274402 0.0164556
5 0.3286647 0.7711048 0.0274402 0.0164558
8 0.3286647 0.4749020 0.0274402 0.0164557
3 0.5369607 0.5933831 0.0274402 0.0164556
1 0.5369607 0.6526237 0.0274402 0.0164556
17 0.3985124 0.5933831 0.0274402 0.0164556
19 0.6080557 0.7711048 0.0274402 0.0164558
4 0.6080557 0.6526237 0.0274402 0.0164556
4 0.4683602 0.7118642 0.0274402 0.0164558
31 0.6779035 0.7118642 0.0274402 0.0164558
5 0.3985124 0.4749020 0.0274402 0.0164557
13 0.3985124 0.6526237 0.0274402 0.0164556
26 0.7477513 0.4749020 0.0274402 0.0164557
5 0.6080557 0.4749020 0.0274402 0.0164557
5 0.3985124 0.7711048 0.0274402 0.0164558
7 0.6779035 0.6526237 0.0274402 0.0164556
21 0.7477513 0.7711048 0.0274402 0.0164558
24 0.5369607 0.4749020 0.0274402 0.0164557
