12 0.5287228 0.6855929 0.0276334 0.0171405
16 0.3189603 0.7472986 0.0276334 0.0171405
32 0.5318629 0.6290292 0.5087052 0.4387967
11 0.3189603 0.5004755 0.0276334 0.0171405
26 0.4596394 0.5004755 0.0276334 0.0171405
7 0.5287228 0.5004755 0.0276334 0.0171405
23 0.7409973 0.5004755 0.0276334 0.0171405
29 0.3189603 0.6238870 0.0276334 0.0171405
30 0.5287228 0.6238870 0.0276334 0.0171405
6 0.6003183 0.6238870 0.0276334 0.0171405
10 0.6706578 0.6238870 0.0276334 0.0171405
22 0.3189603 0.6855929 0.0276334 0.0171405
17 0.3892999 0.6855929 0.0276334 0.0171405
15 0.4596394 0.6855929 0.0276334 0.0171405
12 0.6706578 0.6855929 0.0276334 0.0171405
4 0.5287228 0.8090044 0.0276334 0.0171404
33 0.5996903 0.8084330 0.0665713 0.0617057
21 0.6003183 0.8090044 0.0276334 0.0171404
6 0.6706578 0.5004755 0.0276334 0.0171405
5 0.3892999 0.8090044 0.0276334 0.0171404
19 0.6003183 0.6855929 0.0276334 0.0171405
15 0.6706578 0.8090044 0.0276334 0.0171404
29 0.5287228 0.7472986 0.0276334 0.0171405
5 0.4596394 0.5621812 0.0276334 0.0171405
4 0.3892999 0.6238870 0.0276334 0.0171405
29 0.4596394 0.7472986 0.0276334 0.0171405
15 0.6003183 0.7472986 0.0276334 0.0171405
7 0.7409973 0.7472986 0.0276334 0.0171405
16 0.6003183 0.5621812 0.0276334 0.0171405
25 0.6706578 0.7472986 0.0276334 0.0171405
12 0.5287228 0.5621812 0.0276334 0.0171405
8 0.6003183 0.5004755 0.0276334 0.0171405
27 0.3189603 0.8090044 0.0276334 0.0171404
13 0.4596394 0.8090044 0.0276334 0.0171404
3 0.7409973 0.5621812 0.0276334 0.0171405
27 0.7409973 0.6238870 0.0276334 0.0171405
25 0.7409973 0.6855929 0.0276334 0.0171405
4 0.3189603 0.5621812 0.0276334 0.0171405
14 0.3892999 0.7472986 0.0276334 0.0171405
22 0.4596394 0.6238870 0.0276334 0.0171405
31 0.6706578 0.5621812 0.0276334 0.0171405
27 0.3892999 0.5004755 0.0276334 0.0171405
30 0.7409973 0.8090044 0.0276334 0.0171404
15 0.3892999 0.5621812 0.0276334 0.0171405
