31 0.3463415 0.6438271 0.0271733 0.0171596
3 0.4155100 0.6438271 0.0271733 0.0171596
32 0.4865313 0.5254263 0.5002367 0.4392840
26 0.4834434 0.4585042 0.0271733 0.0171596
5 0.5538470 0.4585042 0.0271733 0.0171596
17 0.6230156 0.4585042 0.0271733 0.0171596
22 0.3463415 0.5202785 0.0271733 0.0171596
11 0.6230156 0.5202785 0.0271733 0.0171596
6 0.3463415 0.5820528 0.0271733 0.0171595
34 0.5532295 0.5814808 0.0654630 0.0617744
27 0.5538470 0.5820528 0.0271733 0.0171595
31 0.6230156 0.5820528 0.0271733 0.0171595
4 0.4834434 0.6438271 0.0271733 0.0171596
21 0.6921841 0.6438271 0.0271734 0.0171596
24 0.2771729 0.7056014 0.0271733 0.0171596
15 0.4834434 0.7056014 0.0271733 0.0171596
18 0.6230156 0.7056014 0.0271733 0.0171596
17 0.3463415 0.4585042 0.0271733 0.0171596
2 0.4155100 0.5820528 0.0271733 0.0171595
11 0.4155100 0.5202785 0.0271733 0.0171596
6 0.6921841 0.5820528 0.0271734 0.0171595
17 0.6921841 0.7056014 0.0271734 0.0171596
5 0.4834434 0.5820528 0.0271733 0.0171595
16 0.6921841 0.3967298 0.0271734 0.0171595
6 0.5538470 0.3967298 0.0271733 0.0171595
6 0.4155100 0.7056014 0.0271733 0.0171596
22 0.5538470 0.6438271 0.0271733 0.0171596
13 0.2771729 0.4585042 0.0271733 0.0171596
9 0.6921841 0.5202785 0.0271734 0.0171596
24 0.3463415 0.7056014 0.0271733 0.0171596
4 0.2771729 0.6438271 0.0271733 0.0171596
25 0.4155100 0.3967298 0.0271733 0.0171595
15 0.4834434 0.3967298 0.0271733 0.0171595
18 0.2771729 0.5202785 0.0271733 0.0171596
18 0.6230156 0.3967298 0.0271733 0.0171595
2 0.5538470 0.5202785 0.0271733 0.0171596
4 0.4155100 0.4585042 0.0271733 0.0171596
21 0.2771729 0.3967298 0.0271733 0.0171595
19 0.6230156 0.6438271 0.0271733 0.0171596
22 0.6921841 0.4585042 0.0271734 0.0171596
20 0.5538470 0.7056014 0.0271733 0.0171596
8 0.4834434 0.5202785 0.0271733 0.0171596
30 0.3463415 0.3967298 0.0271733 0.0171595
22 0.2771729 0.5820528 0.0271733 0.0171595
