7 0.5187511 0.4410269 0.0269891 0.0173859
4 0.5187511 0.5662055 0.0269891 0.0173859
32 0.5892907 0.4462427 0.4968443 0.4450797
21 0.3813522 0.3158482 0.0269891 0.0173859
1 0.6561501 0.3158482 0.0269891 0.0173859
16 0.7935489 0.3158482 0.0269891 0.0173859
11 0.4500517 0.3784376 0.0269891 0.0173859
12 0.3813522 0.5036162 0.0269891 0.0173859
34 0.6555367 0.5030367 0.0650191 0.0625893
22 0.6561501 0.5036162 0.0269891 0.0173859
17 0.7248495 0.5036162 0.0269890 0.0173859
29 0.3813522 0.5662055 0.0269891 0.0173859
13 0.4500517 0.5662055 0.0269891 0.0173859
26 0.6561501 0.5662055 0.0269891 0.0173859
22 0.4500517 0.6287948 0.0269891 0.0173859
9 0.5187511 0.6287948 0.0269891 0.0173859
25 0.6561501 0.6287948 0.0269891 0.0173859
11 0.5862238 0.5036162 0.0269891 0.0173859
29 0.7248495 0.5662055 0.0269890 0.0173859
18 0.6561501 0.3784376 0.0269891 0.0173859
1 0.4500517 0.5036162 0.0269891 0.0173859
9 0.7935489 0.4410269 0.0269891 0.0173859
22 0.4500517 0.3158482 0.0269891 0.0173859
27 0.7935489 0.6287948 0.0269891 0.0173859
3 0.6561501 0.4410269 0.0269891 0.0173859
30 0.5862238 0.3784376 0.0269891 0.0173859
30 0.3813522 0.3784376 0.0269891 0.0173859
14 0.4500517 0.4410269 0.0269891 0.0173859
28 0.7248495 0.3158482 0.0269890 0.0173859
12 0.5187511 0.5036162 0.0269891 0.0173859
4 0.7935489 0.5662055 0.0269891 0.0173859
12 0.7935489 0.5036162 0.0269891 0.0173859
28 0.3813522 0.4410269 0.0269891 0.0173859
1 0.5862238 0.5662055 0.0269891 0.0173859
7 0.5862238 0.4410269 0.0269891 0.0173859
11 0.7248495 0.4410269 0.0269890 0.0173859
24 0.5862238 0.6287948 0.0269891 0.0173859
30 0.5187511 0.3158482 0.0269891 0.0173859
20 0.5862238 0.3158482 0.0269891 0.0173859
24 0.3813522 0.6287948 0.0269891 0.0173859
24 0.7248495 0.6287948 0.0269890 0.0173859
3 0.7935489 0.3784376 0.0269891 0.0173859
20 0.7248495 0.3784376 0.0269890 0.0173859
21 0.5187511 0.3784376 0.0269891 0.0173859
