12 0.5417789 0.7503248 0.0283440 0.0169182
2 0.3987706 0.5067023 0.0283440 0.0169183
32 0.5449998 0.5726834 0.5217868 0.4331066
20 0.6873638 0.4457967 0.0283440 0.0169182
27 0.7595122 0.4457967 0.0283440 0.0169182
15 0.3266223 0.5067023 0.0283440 0.0169183
25 0.6152155 0.5067023 0.0283440 0.0169183
13 0.3987706 0.5676080 0.0283440 0.0169183
19 0.4709190 0.5676080 0.0283440 0.0169183
34 0.6867197 0.5670440 0.0657065 0.0609056
28 0.6873638 0.5676080 0.0283440 0.0169183
8 0.3266223 0.6285136 0.0283440 0.0169183
11 0.5417789 0.6285136 0.0283440 0.0169183
7 0.6873638 0.6285136 0.0283440 0.0169183
21 0.7595122 0.6285136 0.0283440 0.0169183
1 0.3987706 0.6894192 0.0283440 0.0169182
17 0.4709190 0.6894192 0.0283440 0.0169182
13 0.6152155 0.6894192 0.0283440 0.0169182
30 0.6152155 0.6285136 0.0283440 0.0169183
6 0.6873638 0.5067023 0.0283440 0.0169183
13 0.6152155 0.5676080 0.0283440 0.0169183
14 0.7595122 0.6894192 0.0283440 0.0169182
18 0.7595122 0.5676080 0.0283440 0.0169183
21 0.7595122 0.7503248 0.0283440 0.0169182
16 0.3266223 0.5676080 0.0283440 0.0169183
9 0.4709190 0.4457967 0.0283440 0.0169182
25 0.3266223 0.4457967 0.0283440 0.0169182
7 0.3266223 0.6894192 0.0283440 0.0169182
16 0.5417789 0.4457967 0.0283440 0.0169182
13 0.3266223 0.7503248 0.0283440 0.0169182
4 0.6873638 0.6894192 0.0283440 0.0169182
10 0.7595122 0.5067023 0.0283440 0.0169183
10 0.5417789 0.6894192 0.0283440 0.0169182
2 0.6873638 0.7503248 0.0283440 0.0169182
25 0.3987706 0.4457967 0.0283440 0.0169182
12 0.6152155 0.4457967 0.0283440 0.0169182
16 0.3987706 0.7503248 0.0283440 0.0169182
10 0.4709190 0.6285136 0.0283440 0.0169183
28 0.4709190 0.5067023 0.0283440 0.0169183
3 0.3987706 0.6285136 0.0283440 0.0169183
22 0.6152155 0.7503248 0.0283440 0.0169182
18 0.4709190 0.7503248 0.0283440 0.0169182
17 0.5417789 0.5067023 0.0283440 0.0169183
20 0.5417789 0.5676080 0.0283440 0.0169183
