28 0.6269527 0.4249504 0.0283444 0.0163091
21 0.2662060 0.6010885 0.0283444 0.0163091
32 0.4845866 0.4298431 0.5217942 0.4175125
8 0.2662060 0.3662377 0.0283444 0.0163091
2 0.3383553 0.3662377 0.0283444 0.0163091
21 0.5548034 0.3662377 0.0283444 0.0163091
6 0.6991020 0.3662377 0.0283444 0.0163091
7 0.5548034 0.4249504 0.0283444 0.0163091
17 0.6991020 0.4249504 0.0283444 0.0163091
23 0.5548034 0.4836631 0.0283444 0.0163091
20 0.2662060 0.5423758 0.0283444 0.0163091
27 0.5548034 0.5423758 0.0283444 0.0163091
33 0.3377112 0.6005448 0.0657074 0.0587127
5 0.3383553 0.6010885 0.0283444 0.0163091
24 0.4105047 0.6010885 0.0283444 0.0163091
19 0.4813657 0.6010885 0.0283444 0.0163091
14 0.6991020 0.6010885 0.0283444 0.0163091
1 0.6269527 0.3075250 0.0283444 0.0163091
12 0.4105047 0.5423758 0.0283444 0.0163091
7 0.6991020 0.3075250 0.0283444 0.0163091
2 0.3383553 0.4836631 0.0283444 0.0163091
1 0.4813657 0.5423758 0.0283444 0.0163091
26 0.3383553 0.3075250 0.0283444 0.0163091
12 0.4105047 0.3662377 0.0283444 0.0163091
20 0.5548034 0.3075250 0.0283444 0.0163091
9 0.6269527 0.6010885 0.0283444 0.0163091
25 0.2662060 0.4249504 0.0283444 0.0163091
13 0.2662060 0.4836631 0.0283444 0.0163091
14 0.4813657 0.4249504 0.0283444 0.0163091
6 0.4813657 0.3662377 0.0283444 0.0163091
26 0.6991020 0.5423758 0.0283444 0.0163091
15 0.5548034 0.6010885 0.0283444 0.0163091
31 0.2662060 0.3075250 0.0283444 0.0163091
6 0.4813657 0.3075250 0.0283444 0.0163091
18 0.4105047 0.3075250 0.0283444 0.0163091
1 0.4105047 0.4249504 0.0283444 0.0163091
27 0.6269527 0.4836631 0.0283444 0.0163091
18 0.4813657 0.4836631 0.0283444 0.0163091
18 0.3383553 0.5423758 0.0283444 0.0163091
19 0.4105047 0.4836631 0.0283444 0.0163091
11 0.6269527 0.3662377 0.0283444 0.0163091
16 0.6269527 0.5423758 0.0283444 0.0163091
30 0.3383553 0.4249504 0.0283444 0.0163091
16 0.6991020 0.4836631 0.0283444 0.0163091
