14 0.4862699 0.4949492 0.0287688 0.0158953
31 0.4862699 0.7238416 0.0287688 0.0158953
32 0.5614613 0.6141640 0.5296083 0.4069198
22 0.5581920 0.4949492 0.0287688 0.0158953
29 0.6327295 0.4949492 0.0287689 0.0158953
14 0.7059593 0.4949492 0.0287688 0.0158953
1 0.6327295 0.5521723 0.0287689 0.0158953
6 0.3398103 0.6093953 0.0287688 0.0158953
3 0.7059593 0.6093953 0.0287688 0.0158953
24 0.6327295 0.6666185 0.0287689 0.0158953
18 0.5581920 0.7238416 0.0287688 0.0158953
34 0.6320757 0.7233118 0.0693068 0.0572231
20 0.6327295 0.7238416 0.0287689 0.0158953
10 0.7791891 0.7238416 0.0287688 0.0158953
7 0.4130401 0.7810647 0.0287688 0.0158953
9 0.4862699 0.7810647 0.0287688 0.0158953
26 0.5581920 0.7810647 0.0287688 0.0158953
4 0.4862699 0.6093953 0.0287688 0.0158953
2 0.4862699 0.6666185 0.0287688 0.0158953
30 0.4130401 0.5521723 0.0287688 0.0158953
1 0.5581920 0.6666185 0.0287688 0.0158953
2 0.3398103 0.5521723 0.0287688 0.0158953
11 0.7791891 0.6666185 0.0287688 0.0158953
11 0.7791891 0.4949492 0.0287688 0.0158953
12 0.7791891 0.6093953 0.0287688 0.0158953
1 0.7059593 0.7238416 0.0287688 0.0158953
6 0.7059593 0.6666185 0.0287688 0.0158953
29 0.7791891 0.5521723 0.0287688 0.0158953
29 0.4130401 0.6666185 0.0287688 0.0158953
5 0.6327295 0.6093953 0.0287689 0.0158953
18 0.4130401 0.7238416 0.0287688 0.0158953
21 0.3398103 0.6666185 0.0287688 0.0158953
21 0.4130401 0.6093953 0.0287688 0.0158953
19 0.5581920 0.5521723 0.0287688 0.0158953
24 0.6327295 0.7810647 0.0287689 0.0158953
18 0.7791891 0.7810647 0.0287688 0.0158953
30 0.7059593 0.5521723 0.0287688 0.0158953
18 0.5581920 0.6093953 0.0287688 0.0158953
18 0.3398103 0.7238416 0.0287688 0.0158953
22 0.3398103 0.4949492 0.0287688 0.0158953
24 0.7059593 0.7810647 0.0287688 0.0158953
11 0.3398103 0.7810647 0.0287688 0.0158953
16 0.4130401 0.4949492 0.0287688 0.0158953
31 0.4862699 0.5521723 0.0287688 0.0158953
