22 0.4316888 0.4432432 0.0288517 0.0167284
20 0.7988929 0.5034655 0.0288518 0.0167284
32 0.5805376 0.4482617 0.5311345 0.4282474
13 0.6520113 0.3227986 0.0288517 0.0167284
24 0.4316888 0.3830209 0.0288517 0.0167284
30 0.5772590 0.3830209 0.0288517 0.0167284
22 0.7254521 0.3830209 0.0288518 0.0167284
2 0.3582480 0.4432432 0.0288518 0.0167284
34 0.5772590 0.5029079 0.0681951 0.0602223
29 0.5772590 0.5034655 0.0288517 0.0167284
25 0.6520113 0.5034655 0.0288517 0.0167284
8 0.3582480 0.5636878 0.0288518 0.0167284
23 0.4316888 0.5636878 0.0288517 0.0167284
11 0.5772590 0.5636878 0.0288517 0.0167284
9 0.7254521 0.5636878 0.0288518 0.0167284
31 0.7988929 0.5636878 0.0288518 0.0167284
12 0.7254521 0.6239100 0.0288518 0.0167284
8 0.5051296 0.3830209 0.0288518 0.0167284
24 0.4316888 0.3227986 0.0288517 0.0167284
10 0.7988929 0.3227986 0.0288518 0.0167284
25 0.5051296 0.3227986 0.0288518 0.0167284
29 0.5051296 0.4432432 0.0288518 0.0167284
4 0.7254521 0.5034655 0.0288518 0.0167284
5 0.6520113 0.3830209 0.0288517 0.0167284
18 0.4316888 0.5034655 0.0288517 0.0167284
19 0.4316888 0.6239100 0.0288517 0.0167284
13 0.5772590 0.3227986 0.0288517 0.0167284
6 0.3582480 0.3830209 0.0288518 0.0167284
8 0.5051296 0.5034655 0.0288518 0.0167284
26 0.5051296 0.5636878 0.0288518 0.0167284
4 0.5772590 0.4432432 0.0288517 0.0167284
28 0.6520113 0.5636878 0.0288517 0.0167284
7 0.6520113 0.4432432 0.0288517 0.0167284
19 0.5051296 0.6239100 0.0288518 0.0167284
29 0.6520113 0.6239100 0.0288517 0.0167284
2 0.7988929 0.6239100 0.0288518 0.0167284
19 0.7254521 0.4432432 0.0288518 0.0167284
1 0.3582480 0.6239100 0.0288518 0.0167284
27 0.3582480 0.3227986 0.0288518 0.0167284
1 0.7988929 0.4432432 0.0288518 0.0167284
25 0.3582480 0.5034655 0.0288518 0.0167284
2 0.7988929 0.3830209 0.0288518 0.0167284
22 0.7254521 0.3227986 0.0288518 0.0167284
7 0.5772590 0.6239100 0.0288517 0.0167284
