25 0.8271990 0.4736688 0.0283778 0.0159756
7 0.4660263 0.7612306 0.0283779 0.0159757
32 0.6124303 0.5934862 0.5224105 0.4089768
8 0.5382609 0.4736688 0.0283778 0.0159756
4 0.6827299 0.4736688 0.0283778 0.0159756
24 0.3937918 0.5311812 0.0283779 0.0159757
17 0.6827299 0.5311812 0.0283778 0.0159757
23 0.7549645 0.5311812 0.0283778 0.0159757
1 0.3937918 0.5886936 0.0283779 0.0159757
20 0.4660263 0.5886936 0.0283779 0.0159757
27 0.4660263 0.6462059 0.0283779 0.0159756
21 0.7549645 0.6462059 0.0283778 0.0159756
15 0.4660263 0.7037183 0.0283779 0.0159757
25 0.5382609 0.7037183 0.0283778 0.0159757
11 0.6827299 0.7612306 0.0283778 0.0159757
33 0.8271991 0.7606981 0.0670750 0.0575123
13 0.8271990 0.7612306 0.0283778 0.0159757
11 0.6092055 0.7612306 0.0283779 0.0159757
29 0.5382609 0.5886936 0.0283778 0.0159757
9 0.6827299 0.6462059 0.0283778 0.0159756
26 0.8271990 0.5311812 0.0283778 0.0159757
31 0.6092055 0.6462059 0.0283779 0.0159756
29 0.3937918 0.7612306 0.0283779 0.0159757
11 0.8271990 0.6462059 0.0283778 0.0159756
11 0.7549645 0.7037183 0.0283778 0.0159757
27 0.6827299 0.5886936 0.0283778 0.0159757
13 0.4660263 0.5311812 0.0283779 0.0159757
6 0.7549645 0.4736688 0.0283778 0.0159756
6 0.6092055 0.5886936 0.0283779 0.0159757
27 0.5382609 0.6462059 0.0283778 0.0159756
27 0.7549645 0.5886936 0.0283778 0.0159757
7 0.3937918 0.6462059 0.0283779 0.0159756
31 0.7549645 0.7612306 0.0283778 0.0159757
20 0.6092055 0.4736688 0.0283779 0.0159756
6 0.6092055 0.5311812 0.0283779 0.0159757
10 0.6092055 0.7037183 0.0283779 0.0159757
22 0.3937918 0.7037183 0.0283779 0.0159757
1 0.5382609 0.5311812 0.0283778 0.0159757
18 0.3937918 0.4736688 0.0283779 0.0159756
3 0.6827299 0.7037183 0.0283778 0.0159757
22 0.8271990 0.7037183 0.0283778 0.0159757
29 0.4660263 0.4736688 0.0283779 0.0159756
12 0.8271990 0.5886936 0.0283778 0.0159757
22 0.5382609 0.7612306 0.0283778 0.0159757
