22 0.2544003 0.3361475 0.0272062 0.0160506
31 0.6699129 0.3939296 0.0272061 0.0160506
32 0.4640116 0.3409627 0.5008411 0.4108959
21 0.3929045 0.2205830 0.0272062 0.0160506
25 0.4609200 0.2205830 0.0272062 0.0160506
8 0.5314087 0.2205830 0.0272062 0.0160506
15 0.3929045 0.2783652 0.0272062 0.0160506
31 0.6006608 0.2783652 0.0272062 0.0160506
5 0.6699129 0.3361475 0.0272061 0.0160506
29 0.2544003 0.3939296 0.0272062 0.0160506
12 0.3929045 0.3939296 0.0272062 0.0160506
26 0.5314087 0.4517119 0.0272062 0.0160506
24 0.6006608 0.4517119 0.0272062 0.0160506
33 0.2544003 0.5089591 0.0643055 0.0577822
19 0.2544003 0.5094942 0.0272062 0.0160506
22 0.6006608 0.5094942 0.0272062 0.0160506
10 0.6699129 0.5094942 0.0272061 0.0160506
9 0.3929045 0.4517119 0.0272062 0.0160506
5 0.5314087 0.2783652 0.0272062 0.0160506
17 0.4609200 0.5094942 0.0272062 0.0160506
27 0.6699129 0.2205830 0.0272061 0.0160506
30 0.3236524 0.3361475 0.0272062 0.0160506
3 0.3236524 0.4517119 0.0272062 0.0160506
12 0.3929045 0.5094942 0.0272062 0.0160506
24 0.2544003 0.2783652 0.0272062 0.0160506
3 0.4609200 0.2783652 0.0272062 0.0160506
24 0.6006608 0.3361475 0.0272062 0.0160506
28 0.3236524 0.2783652 0.0272062 0.0160506
2 0.5314087 0.3939296 0.0272062 0.0160506
11 0.4609200 0.3939296 0.0272062 0.0160506
30 0.4609200 0.3361475 0.0272062 0.0160506
5 0.4609200 0.4517119 0.0272062 0.0160506
17 0.5314087 0.3361475 0.0272062 0.0160506
14 0.3929045 0.3361475 0.0272062 0.0160506
28 0.2544003 0.4517119 0.0272062 0.0160506
17 0.5314087 0.5094942 0.0272062 0.0160506
28 0.3236524 0.2205830 0.0272062 0.0160506
9 0.3236524 0.5094942 0.0272062 0.0160506
28 0.6006608 0.2205830 0.0272062 0.0160506
31 0.2544003 0.2205830 0.0272062 0.0160506
4 0.3236524 0.3939296 0.0272062 0.0160506
5 0.6006608 0.3939296 0.0272062 0.0160506
27 0.6699129 0.4517119 0.0272061 0.0160506
4 0.6699129 0.2783652 0.0272061 0.0160506
