8 0.4273735 0.3861908 0.0277406 0.0158830
27 0.3580219 0.2146537 0.0277406 0.0158831
32 0.4305258 0.3337767 0.5106796 0.4066063
17 0.4992469 0.2146537 0.0277406 0.0158831
12 0.6404719 0.2146537 0.0277406 0.0158831
6 0.2167970 0.2718328 0.0277406 0.0158830
29 0.4273735 0.2718328 0.0277406 0.0158830
13 0.2874094 0.3290117 0.0277406 0.0158830
5 0.5698594 0.3861908 0.0277406 0.0158830
15 0.6404719 0.3861908 0.0277406 0.0158830
33 0.4273735 0.4428403 0.0655687 0.0571790
25 0.4273735 0.4433698 0.0277406 0.0158830
25 0.4992469 0.4433698 0.0277406 0.0158830
9 0.6404719 0.4433698 0.0277406 0.0158830
8 0.3580219 0.5005488 0.0277406 0.0158831
11 0.4273735 0.5005488 0.0277406 0.0158831
19 0.5698594 0.5005488 0.0277406 0.0158831
7 0.4992469 0.3290117 0.0277406 0.0158830
16 0.4992469 0.3861908 0.0277406 0.0158830
15 0.5698594 0.3290117 0.0277406 0.0158830
16 0.2874094 0.3861908 0.0277406 0.0158830
16 0.4273735 0.3290117 0.0277406 0.0158830
4 0.2167970 0.5005488 0.0277406 0.0158831
13 0.4992469 0.2718328 0.0277406 0.0158830
29 0.3580219 0.4433698 0.0277406 0.0158830
21 0.4273735 0.2146537 0.0277406 0.0158831
16 0.2167970 0.3290117 0.0277406 0.0158830
16 0.2874094 0.5005488 0.0277406 0.0158831
27 0.3580219 0.2718328 0.0277406 0.0158830
7 0.2167970 0.3861908 0.0277406 0.0158830
8 0.2167970 0.4433698 0.0277406 0.0158830
4 0.6404719 0.5005488 0.0277406 0.0158831
28 0.5698594 0.2146537 0.0277406 0.0158831
13 0.5698594 0.4433698 0.0277406 0.0158830
1 0.6404719 0.3290117 0.0277406 0.0158830
31 0.3580219 0.3290117 0.0277406 0.0158830
18 0.4992469 0.5005488 0.0277406 0.0158831
16 0.3580219 0.3861908 0.0277406 0.0158830
26 0.2874094 0.2718328 0.0277406 0.0158830
21 0.2167970 0.2146537 0.0277406 0.0158831
7 0.6404719 0.2718328 0.0277406 0.0158830
21 0.2874094 0.2146537 0.0277406 0.0158831
30 0.5698594 0.2718328 0.0277406 0.0158830
21 0.2874094 0.4433698 0.0277406 0.0158830
