8 0.1920002 0.4047688 0.0281948 0.0167643
15 0.1920002 0.5254717 0.0281948 0.0167643
32 0.2656913 0.3494467 0.5190414 0.4291659
10 0.1202316 0.2237145 0.0281948 0.0167643
17 0.3355376 0.2237145 0.0281948 0.0167643
24 0.4073063 0.2237145 0.0281948 0.0167643
27 0.4790749 0.2237145 0.0281948 0.0167643
15 0.3355376 0.2840660 0.0281948 0.0167643
20 0.4073063 0.2840660 0.0281948 0.0167643
30 0.0484629 0.3444174 0.0281948 0.0167643
8 0.2624873 0.3444174 0.0281948 0.0167643
7 0.3355376 0.3444174 0.0281948 0.0167643
34 0.4790749 0.3438586 0.0666423 0.0603514
11 0.4790749 0.3444174 0.0281948 0.0167643
3 0.1202316 0.4047688 0.0281948 0.0167643
9 0.2624873 0.4651203 0.0281948 0.0167643
29 0.4073063 0.5254717 0.0281948 0.0167643
14 0.1920002 0.2840660 0.0281948 0.0167643
24 0.4790749 0.5254717 0.0281948 0.0167643
15 0.0484629 0.4651203 0.0281948 0.0167643
5 0.4073063 0.4651203 0.0281948 0.0167643
4 0.1202316 0.4651203 0.0281948 0.0167643
22 0.2624873 0.4047688 0.0281948 0.0167643
10 0.0484629 0.2237145 0.0281948 0.0167643
17 0.3355376 0.5254717 0.0281948 0.0167643
27 0.0484629 0.4047688 0.0281948 0.0167643
7 0.4790749 0.4651203 0.0281948 0.0167643
7 0.1920002 0.3444174 0.0281948 0.0167643
7 0.3355376 0.4651203 0.0281948 0.0167643
24 0.1202316 0.2840660 0.0281948 0.0167643
2 0.1202316 0.3444174 0.0281948 0.0167643
13 0.2624873 0.2237145 0.0281948 0.0167643
25 0.2624873 0.2840660 0.0281948 0.0167643
2 0.0484629 0.5254717 0.0281948 0.0167643
21 0.1202316 0.5254717 0.0281948 0.0167643
9 0.4790749 0.2840660 0.0281948 0.0167643
22 0.4073063 0.4047688 0.0281948 0.0167643
19 0.1920002 0.4651203 0.0281948 0.0167643
10 0.3355376 0.4047688 0.0281948 0.0167643
28 0.4790749 0.4047688 0.0281948 0.0167643
14 0.0484629 0.2840660 0.0281948 0.0167643
24 0.4073063 0.3444174 0.0281948 0.0167643
3 0.1920002 0.2237145 0.0281948 0.0167643
17 0.2624873 0.5254717 0.0281948 0.0167643
