7 0.4710289 0.5915152 0.0275233 0.0166172
14 0.4710289 0.4120501 0.0275233 0.0166172
32 0.4741565 0.5366786 0.5066785 0.4253986
20 0.4022207 0.4120501 0.0275233 0.0166172
31 0.6824577 0.4120501 0.0275233 0.0166172
33 0.4022207 0.4713179 0.0650550 0.0598217
21 0.4022207 0.4718718 0.0275233 0.0166172
6 0.4710289 0.4718718 0.0275233 0.0166172
26 0.6123985 0.4718718 0.0275233 0.0166172
23 0.2621022 0.5316935 0.0275233 0.0166171
24 0.4710289 0.5316935 0.0275233 0.0166171
29 0.6123985 0.5316935 0.0275233 0.0166171
14 0.6824577 0.5316935 0.0275233 0.0166171
5 0.5423392 0.5915152 0.0275233 0.0166172
22 0.3321614 0.6513368 0.0275233 0.0166171
8 0.2621022 0.7111585 0.0275233 0.0166172
10 0.6824577 0.7111585 0.0275233 0.0166172
4 0.2621022 0.4718718 0.0275233 0.0166172
3 0.6123985 0.4120501 0.0275233 0.0166172
28 0.5423392 0.6513368 0.0275233 0.0166171
11 0.6123985 0.5915152 0.0275233 0.0166172
15 0.3321614 0.7111585 0.0275233 0.0166172
17 0.6123985 0.7111585 0.0275233 0.0166172
16 0.5423392 0.5316935 0.0275233 0.0166171
14 0.2621022 0.5915152 0.0275233 0.0166172
25 0.3321614 0.4718718 0.0275233 0.0166172
5 0.6824577 0.4718718 0.0275233 0.0166172
26 0.4022207 0.5915152 0.0275233 0.0166172
12 0.6824577 0.6513368 0.0275233 0.0166171
29 0.2621022 0.4120501 0.0275233 0.0166172
3 0.6824577 0.5915152 0.0275233 0.0166172
28 0.6123985 0.6513368 0.0275233 0.0166171
30 0.4022207 0.7111585 0.0275233 0.0166172
11 0.4022207 0.5316935 0.0275233 0.0166171
3 0.4022207 0.6513368 0.0275233 0.0166171
25 0.3321614 0.5915152 0.0275233 0.0166172
12 0.4710289 0.6513368 0.0275233 0.0166171
10 0.2621022 0.6513368 0.0275233 0.0166171
15 0.3321614 0.4120501 0.0275233 0.0166172
10 0.4710289 0.7111585 0.0275233 0.0166172
16 0.5423392 0.7111585 0.0275233 0.0166172
27 0.5423392 0.4718718 0.0275233 0.0166172
4 0.5423392 0.4120501 0.0275233 0.0166172
20 0.3321614 0.5316935 0.0275233 0.0166171
