2 0.7941428 0.4273029 0.0264769 0.0159240
2 0.5919555 0.5419561 0.0264769 0.0159240
32 0.6611565 0.5467333 0.4874158 0.4076556
33 0.4571639 0.4267721 0.0625818 0.0573266
15 0.4571639 0.4273029 0.0264769 0.0159240
20 0.5245597 0.4273029 0.0264769 0.0159240
3 0.6581477 0.4846295 0.0264770 0.0159241
31 0.6581477 0.5419561 0.0264770 0.0159240
7 0.5245597 0.5992826 0.0264769 0.0159241
9 0.6581477 0.5992826 0.0264770 0.0159241
19 0.8615386 0.5992826 0.0264769 0.0159241
5 0.4571639 0.6566092 0.0264769 0.0159241
4 0.6581477 0.6566092 0.0264770 0.0159241
17 0.7267471 0.6566092 0.0264769 0.0159241
22 0.7941428 0.6566092 0.0264769 0.0159241
11 0.5245597 0.7139358 0.0264769 0.0159240
15 0.5919555 0.7139358 0.0264769 0.0159240
6 0.6581477 0.7139358 0.0264770 0.0159240
28 0.8615386 0.6566092 0.0264769 0.0159241
31 0.8615386 0.4846295 0.0264769 0.0159241
25 0.7941428 0.4846295 0.0264769 0.0159241
5 0.7267471 0.4273029 0.0264769 0.0159240
5 0.5919555 0.6566092 0.0264769 0.0159241
22 0.4571639 0.5419561 0.0264769 0.0159240
19 0.8615386 0.5419561 0.0264769 0.0159240
19 0.5919555 0.4846295 0.0264769 0.0159241
29 0.7941428 0.5992826 0.0264769 0.0159241
29 0.7267471 0.5419561 0.0264769 0.0159240
24 0.5919555 0.4273029 0.0264769 0.0159240
10 0.5919555 0.5992826 0.0264769 0.0159241
6 0.7267471 0.4846295 0.0264769 0.0159241
29 0.4571639 0.7139358 0.0264769 0.0159240
22 0.8615386 0.4273029 0.0264769 0.0159240
4 0.8615386 0.7139358 0.0264769 0.0159240
26 0.4571639 0.4846295 0.0264769 0.0159241
21 0.7267471 0.7139358 0.0264769 0.0159240
12 0.5245597 0.5419561 0.0264769 0.0159240
4 0.7267471 0.5992826 0.0264769 0.0159241
24 0.4571639 0.5992826 0.0264769 0.0159241
5 0.7941428 0.7139358 0.0264769 0.0159240
8 0.5245597 0.6566092 0.0264769 0.0159241
2 0.5245597 0.4846295 0.0264769 0.0159241
3 0.6581477 0.4273029 0.0264770 0.0159240
21 0.7941428 0.5419561 0.0264769 0.0159240
