22 0.7239261 0.6561864 0.0287386 0.0174627
12 0.3581626 0.4047229 0.0287386 0.0174627
32 0.5064274 0.5356935 0.5290507 0.4470462
20 0.2850099 0.4047229 0.0287386 0.0174627
3 0.5776207 0.4047229 0.0287386 0.0174627
16 0.6507734 0.4047229 0.0287386 0.0174627
25 0.2850099 0.5304546 0.0287386 0.0174627
34 0.5031617 0.5298725 0.0679276 0.0628659
25 0.5031617 0.5304546 0.0287386 0.0174627
23 0.6507734 0.5304546 0.0287386 0.0174627
29 0.3581626 0.5933205 0.0287386 0.0174627
26 0.5776207 0.5933205 0.0287386 0.0174627
2 0.7239261 0.5933205 0.0287386 0.0174627
11 0.3581626 0.6561864 0.0287386 0.0174627
12 0.4313153 0.6561864 0.0287386 0.0174627
30 0.2850099 0.7190523 0.0287386 0.0174627
31 0.5776207 0.7190523 0.0287386 0.0174627
30 0.7239261 0.4047229 0.0287386 0.0174627
13 0.3581626 0.7190523 0.0287386 0.0174627
30 0.5031617 0.7190523 0.0287386 0.0174627
24 0.5776207 0.5304546 0.0287386 0.0174627
9 0.6507734 0.4675888 0.0287386 0.0174627
14 0.3581626 0.4675888 0.0287386 0.0174627
8 0.7239261 0.7190523 0.0287386 0.0174627
20 0.6507734 0.7190523 0.0287386 0.0174627
14 0.2850099 0.4675888 0.0287386 0.0174627
31 0.2850099 0.6561864 0.0287386 0.0174627
7 0.6507734 0.5933205 0.0287386 0.0174627
8 0.5031617 0.4675888 0.0287386 0.0174627
2 0.4313153 0.5304546 0.0287386 0.0174627
7 0.4313153 0.7190523 0.0287386 0.0174627
7 0.5776207 0.6561864 0.0287386 0.0174627
2 0.4313153 0.4675888 0.0287386 0.0174627
21 0.5031617 0.5933205 0.0287386 0.0174627
15 0.5031617 0.6561864 0.0287386 0.0174627
10 0.4313153 0.4047229 0.0287386 0.0174627
20 0.7239261 0.4675888 0.0287386 0.0174627
21 0.7239261 0.5304546 0.0287386 0.0174627
10 0.4313153 0.5933205 0.0287386 0.0174627
31 0.2850099 0.5933205 0.0287386 0.0174627
31 0.6507734 0.6561864 0.0287386 0.0174627
1 0.5776207 0.4675888 0.0287386 0.0174627
6 0.3581626 0.5304546 0.0287386 0.0174627
30 0.5031617 0.4047229 0.0287386 0.0174627
