17 0.5106417 0.3581921 0.0284628 0.0173428
18 0.8004446 0.3581921 0.0284628 0.0173428
32 0.5850331 0.3633950 0.5239740 0.4439763
1 0.5817987 0.2333238 0.0284628 0.0173428
7 0.7279939 0.2333238 0.0284628 0.0173428
25 0.4381910 0.2957580 0.0284628 0.0173428
3 0.5817987 0.2957580 0.0284628 0.0173428
33 0.7273470 0.2951799 0.0659819 0.0624341
10 0.7279939 0.2957580 0.0284628 0.0173428
21 0.8004446 0.2957580 0.0284628 0.0173428
16 0.5106417 0.4206263 0.0284628 0.0173429
9 0.5817987 0.4206263 0.0284628 0.0173429
17 0.8004446 0.4206263 0.0284628 0.0173429
14 0.7279939 0.4830605 0.0284628 0.0173428
4 0.8004446 0.4830605 0.0284628 0.0173428
19 0.3657403 0.5454947 0.0284628 0.0173428
27 0.4381910 0.5454947 0.0284628 0.0173428
25 0.5817987 0.3581921 0.0284628 0.0173428
8 0.6555432 0.4830605 0.0284628 0.0173428
21 0.5817987 0.5454947 0.0284628 0.0173428
14 0.6555432 0.2957580 0.0284628 0.0173428
3 0.4381910 0.2333238 0.0284628 0.0173428
6 0.7279939 0.5454947 0.0284628 0.0173428
7 0.5817987 0.4830605 0.0284628 0.0173428
7 0.8004446 0.2333238 0.0284628 0.0173428
14 0.5106417 0.4830605 0.0284628 0.0173428
30 0.7279939 0.4206263 0.0284628 0.0173429
9 0.4381910 0.4830605 0.0284628 0.0173428
9 0.4381910 0.4206263 0.0284628 0.0173429
29 0.8004446 0.5454947 0.0284628 0.0173428
26 0.5106417 0.2957580 0.0284628 0.0173428
30 0.3657403 0.2333238 0.0284628 0.0173428
24 0.6555432 0.3581921 0.0284628 0.0173428
9 0.3657403 0.3581921 0.0284628 0.0173428
22 0.5106417 0.5454947 0.0284628 0.0173428
13 0.3657403 0.4830605 0.0284628 0.0173428
1 0.6555432 0.4206263 0.0284628 0.0173429
21 0.6555432 0.2333238 0.0284628 0.0173428
13 0.7279939 0.3581921 0.0284628 0.0173428
19 0.4381910 0.3581921 0.0284628 0.0173428
1 0.5106417 0.2333238 0.0284628 0.0173428
7 0.6555432 0.5454947 0.0284628 0.0173428
3 0.3657403 0.2957580 0.0284628 0.0173428
15 0.3657403 0.4206263 0.0284628 0.0173429
