21 0.6707384 0.3993978 0.0287755 0.0164202
30 0.7439851 0.2220601 0.0287755 0.0164202
32 0.5262071 0.3452112 0.5297303 0.4203560
4 0.3045052 0.2220601 0.0287755 0.0164202
17 0.3777518 0.2220601 0.0287755 0.0164202
34 0.4509985 0.2215128 0.0680148 0.0591125
11 0.4509985 0.2220601 0.0287755 0.0164202
3 0.3045052 0.2811727 0.0287755 0.0164202
25 0.5229372 0.2811727 0.0287755 0.0164202
20 0.6707384 0.2811727 0.0287755 0.0164202
27 0.7439851 0.2811727 0.0287755 0.0164202
8 0.4509985 0.3402852 0.0287755 0.0164202
16 0.7439851 0.3402852 0.0287755 0.0164202
12 0.5974918 0.4585104 0.0287755 0.0164202
29 0.3045052 0.5176229 0.0287755 0.0164202
15 0.6707384 0.5176229 0.0287755 0.0164202
18 0.7439851 0.5176229 0.0287755 0.0164202
26 0.3045052 0.4585104 0.0287755 0.0164202
7 0.5974918 0.3993978 0.0287755 0.0164202
5 0.5974918 0.3402852 0.0287755 0.0164202
15 0.5974918 0.5176229 0.0287755 0.0164202
22 0.6707384 0.2220601 0.0287755 0.0164202
15 0.5229372 0.5176229 0.0287755 0.0164202
20 0.4509985 0.4585104 0.0287755 0.0164202
31 0.3777518 0.3402852 0.0287755 0.0164202
27 0.5974918 0.2811727 0.0287755 0.0164202
20 0.7439851 0.3993978 0.0287755 0.0164202
20 0.3777518 0.5176229 0.0287755 0.0164202
8 0.3045052 0.3402852 0.0287755 0.0164202
8 0.5974918 0.2220601 0.0287755 0.0164202
10 0.6707384 0.4585104 0.0287755 0.0164202
4 0.4509985 0.5176229 0.0287755 0.0164202
18 0.4509985 0.2811727 0.0287755 0.0164202
21 0.5229372 0.3402852 0.0287755 0.0164202
28 0.5229372 0.3993978 0.0287755 0.0164202
5 0.7439851 0.4585104 0.0287755 0.0164202
11 0.5229372 0.2220601 0.0287755 0.0164202
7 0.6707384 0.3402852 0.0287755 0.0164202
5 0.3777518 0.2811727 0.0287755 0.0164202
9 0.3777518 0.3993978 0.0287755 0.0164202
17 0.4509985 0.3993978 0.0287755 0.0164202
29 0.5229372 0.4585104 0.0287755 0.0164202
7 0.3045052 0.3993978 0.0287755 0.0164202
10 0.3777518 0.4585104 0.0287755 0.0164202
