20 0.5635472 0.5365660 0.0270205 0.0166416
29 0.4272165 0.7762057 0.0270205 0.0166416
32 0.5666178 0.6014684 0.4974230 0.4260262
15 0.3584370 0.4766560 0.0270205 0.0166416
13 0.3584370 0.5365660 0.0270205 0.0166416
20 0.6335550 0.5365660 0.0270205 0.0166416
29 0.7023344 0.5365660 0.0270205 0.0166416
7 0.3584370 0.6563858 0.0270205 0.0166416
34 0.4266024 0.6558312 0.0626384 0.0599099
8 0.4272165 0.6563858 0.0270205 0.0166416
22 0.4959960 0.6563858 0.0270205 0.0166416
11 0.6335550 0.6563858 0.0270205 0.0166416
31 0.7711139 0.6563858 0.0270205 0.0166416
3 0.5635472 0.7162958 0.0270205 0.0166416
2 0.7023344 0.7162958 0.0270205 0.0166416
8 0.3584370 0.7762057 0.0270205 0.0166416
23 0.7711139 0.7762057 0.0270205 0.0166416
8 0.4272165 0.4766560 0.0270205 0.0166416
25 0.4272165 0.7162958 0.0270205 0.0166416
4 0.7023344 0.5964759 0.0270205 0.0166416
27 0.4959960 0.5964759 0.0270205 0.0166416
19 0.7711139 0.4766560 0.0270205 0.0166416
19 0.3584370 0.7162958 0.0270205 0.0166416
12 0.7711139 0.5964759 0.0270205 0.0166416
31 0.6335550 0.5964759 0.0270205 0.0166416
31 0.6335550 0.4766560 0.0270205 0.0166416
18 0.5635472 0.4766560 0.0270205 0.0166416
27 0.3584370 0.5964759 0.0270205 0.0166416
5 0.4959960 0.7162958 0.0270205 0.0166416
14 0.4959960 0.5365660 0.0270205 0.0166416
11 0.5635472 0.7762057 0.0270205 0.0166416
7 0.5635472 0.6563858 0.0270205 0.0166416
18 0.7711139 0.7162958 0.0270205 0.0166416
10 0.6335550 0.7162958 0.0270205 0.0166416
9 0.6335550 0.7762057 0.0270205 0.0166416
3 0.4272165 0.5365660 0.0270205 0.0166416
3 0.7023344 0.6563858 0.0270205 0.0166416
25 0.4959960 0.7762057 0.0270205 0.0166416
29 0.5635472 0.5964759 0.0270205 0.0166416
15 0.4959960 0.4766560 0.0270205 0.0166416
6 0.4272165 0.5964759 0.0270205 0.0166416
22 0.7023344 0.4766560 0.0270205 0.0166416
31 0.7711139 0.5365660 0.0270205 0.0166416
11 0.7023344 0.7762057 0.0270205 0.0166416
