5 0.1338983 0.3803751 0.0269150 0.0158968
8 0.3394310 0.4376037 0.0269150 0.0158968
32 0.2727552 0.4423727 0.4954806 0.4069587
29 0.2024092 0.3231466 0.0269150 0.0158968
33 0.3388193 0.3226166 0.0648407 0.0572286
26 0.3394310 0.3231466 0.0269150 0.0158968
16 0.4079419 0.3231466 0.0269150 0.0158968
14 0.2024092 0.3803751 0.0269150 0.0158968
19 0.3394310 0.3803751 0.0269150 0.0158968
6 0.4764528 0.4376037 0.0269150 0.0158968
27 0.2024092 0.4948323 0.0269150 0.0158969
9 0.2696967 0.4948323 0.0269150 0.0158969
30 0.4079419 0.4948323 0.0269150 0.0158969
5 0.4764528 0.4948323 0.0269150 0.0158969
10 0.4079419 0.5520608 0.0269150 0.0158968
13 0.4764528 0.5520608 0.0269150 0.0158968
25 0.4764528 0.6092894 0.0269150 0.0158969
24 0.2696967 0.4376037 0.0269150 0.0158968
28 0.3394310 0.6092894 0.0269150 0.0158969
11 0.2024092 0.6092894 0.0269150 0.0158969
16 0.2696967 0.5520608 0.0269150 0.0158968
10 0.0653874 0.3231466 0.0269150 0.0158968
25 0.0653874 0.3803751 0.0269150 0.0158968
25 0.4079419 0.3803751 0.0269150 0.0158968
4 0.2024092 0.4376037 0.0269150 0.0158968
5 0.3394310 0.5520608 0.0269150 0.0158968
7 0.1338983 0.4376037 0.0269150 0.0158968
26 0.3394310 0.4948323 0.0269150 0.0158969
12 0.2696967 0.3231466 0.0269150 0.0158968
17 0.1338983 0.6092894 0.0269150 0.0158969
12 0.2696967 0.3803751 0.0269150 0.0158968
11 0.2024092 0.5520608 0.0269150 0.0158968
18 0.1338983 0.5520608 0.0269150 0.0158968
16 0.2696967 0.6092894 0.0269150 0.0158969
18 0.0653874 0.4948323 0.0269150 0.0158969
10 0.4079419 0.6092894 0.0269150 0.0158969
13 0.4764528 0.3231466 0.0269150 0.0158968
9 0.0653874 0.5520608 0.0269150 0.0158968
5 0.1338983 0.4948323 0.0269150 0.0158969
9 0.1338983 0.3231466 0.0269150 0.0158968
16 0.4079419 0.4376037 0.0269150 0.0158968
27 0.0653874 0.4376037 0.0269150 0.0158968
28 0.0653874 0.6092894 0.0269150 0.0158969
5 0.4764528 0.3803751 0.0269150 0.0158968
