20 0.5000124 0.3279631 0.0269540 0.0172500
11 0.4314023 0.5763634 0.0269540 0.0172500
32 0.3646300 0.3952381 0.4961980 0.4416005
1 0.2941821 0.2658630 0.0269540 0.0172500
7 0.1569620 0.3279631 0.0269540 0.0172500
33 0.2941821 0.3273881 0.0637094 0.0621001
28 0.2941821 0.3279631 0.0269540 0.0172500
11 0.3615670 0.3279631 0.0269540 0.0172500
23 0.5686225 0.3279631 0.0269540 0.0172500
18 0.1569620 0.3900631 0.0269540 0.0172500
8 0.3615670 0.3900631 0.0269540 0.0172500
5 0.1569620 0.4521632 0.0269540 0.0172500
6 0.2255721 0.4521632 0.0269540 0.0172500
4 0.4314023 0.4521632 0.0269540 0.0172500
26 0.3615670 0.5142633 0.0269540 0.0172500
29 0.5000124 0.5142633 0.0269540 0.0172500
24 0.5000124 0.5763634 0.0269540 0.0172500
8 0.5686225 0.5142633 0.0269540 0.0172500
7 0.3615670 0.5763634 0.0269540 0.0172500
8 0.2255721 0.3900631 0.0269540 0.0172500
1 0.4314023 0.3279631 0.0269540 0.0172500
30 0.5686225 0.4521632 0.0269540 0.0172500
17 0.1569620 0.2658630 0.0269540 0.0172500
26 0.2941821 0.5763634 0.0269540 0.0172500
28 0.5000124 0.3900631 0.0269540 0.0172500
10 0.5686225 0.5763634 0.0269540 0.0172500
9 0.3615670 0.4521632 0.0269540 0.0172500
8 0.5686225 0.3900631 0.0269540 0.0172500
7 0.2255721 0.5763634 0.0269540 0.0172500
28 0.2941821 0.5142633 0.0269540 0.0172500
10 0.4314023 0.3900631 0.0269540 0.0172500
9 0.2941821 0.3900631 0.0269540 0.0172500
10 0.2255721 0.2658630 0.0269540 0.0172500
30 0.5000124 0.4521632 0.0269540 0.0172500
27 0.1569620 0.5763634 0.0269540 0.0172500
11 0.2941821 0.4521632 0.0269540 0.0172500
12 0.2255721 0.3279631 0.0269540 0.0172500
26 0.5686225 0.2658630 0.0269540 0.0172500
24 0.3615670 0.2658630 0.0269540 0.0172500
15 0.5000124 0.2658630 0.0269540 0.0172500
6 0.4314023 0.5142633 0.0269540 0.0172500
28 0.2255721 0.5142633 0.0269540 0.0172500
18 0.4314023 0.2658630 0.0269540 0.0172500
26 0.1569620 0.5142633 0.0269540 0.0172500
