27 0.4903328 0.4104181 0.0278640 0.0168231
30 0.4194062 0.4104181 0.0278640 0.0168231
32 0.3503794 0.4154650 0.5129514 0.4306704
30 0.2066263 0.2892920 0.0278640 0.0168231
34 0.2775529 0.2887312 0.0658604 0.0605630
30 0.2775529 0.2892920 0.0278640 0.0168231
1 0.5612594 0.2892920 0.0278640 0.0168231
8 0.1356997 0.3498551 0.0278640 0.0168231
29 0.4194062 0.3498551 0.0278640 0.0168231
27 0.2775529 0.4104181 0.0278640 0.0168231
18 0.3472130 0.4104181 0.0278640 0.0168231
12 0.1356997 0.4709811 0.0278640 0.0168231
11 0.2775529 0.4709811 0.0278640 0.0168231
20 0.2066263 0.5315441 0.0278640 0.0168231
22 0.4194062 0.5315441 0.0278640 0.0168231
13 0.4194062 0.5921071 0.0278640 0.0168231
7 0.5612594 0.5921071 0.0278640 0.0168231
4 0.2775529 0.3498551 0.0278640 0.0168231
17 0.2775529 0.5315441 0.0278640 0.0168231
21 0.1356997 0.5315441 0.0278640 0.0168231
5 0.3472130 0.5315441 0.0278640 0.0168231
20 0.5612594 0.4709811 0.0278640 0.0168231
24 0.1356997 0.4104181 0.0278640 0.0168231
16 0.3472130 0.4709811 0.0278640 0.0168231
29 0.4903328 0.2892920 0.0278640 0.0168231
19 0.3472130 0.3498551 0.0278640 0.0168231
5 0.1356997 0.5921071 0.0278640 0.0168231
26 0.5612594 0.4104181 0.0278640 0.0168231
11 0.2066263 0.3498551 0.0278640 0.0168231
5 0.2775529 0.5921071 0.0278640 0.0168231
25 0.5612594 0.3498551 0.0278640 0.0168231
20 0.3472130 0.5921071 0.0278640 0.0168231
9 0.4903328 0.3498551 0.0278640 0.0168231
15 0.4903328 0.5921071 0.0278640 0.0168231
10 0.2066263 0.4709811 0.0278640 0.0168231
26 0.2066263 0.5921071 0.0278640 0.0168231
21 0.4903328 0.5315441 0.0278640 0.0168231
1 0.3472130 0.2892920 0.0278640 0.0168231
1 0.4194062 0.2892920 0.0278640 0.0168231
9 0.2066263 0.4104181 0.0278640 0.0168231
25 0.1356997 0.2892920 0.0278640 0.0168231
12 0.4903328 0.4709811 0.0278640 0.0168231
28 0.5612594 0.5315441 0.0278640 0.0168231
3 0.4194062 0.4709811 0.0278640 0.0168231
