12 0.2641937 0.6691564 0.0286889 0.0167268
20 0.4089425 0.6691564 0.0286889 0.0167268
32 0.4122026 0.6139582 0.5281373 0.4282045
2 0.2641937 0.4885076 0.0286889 0.0167267
22 0.6293256 0.4885076 0.0286889 0.0167267
13 0.1911673 0.5487239 0.0286889 0.0167267
1 0.4089425 0.5487239 0.0286889 0.0167267
26 0.4832729 0.5487239 0.0286889 0.0167267
11 0.1911673 0.6089402 0.0286889 0.0167266
8 0.3372201 0.6089402 0.0286889 0.0167266
21 0.6293256 0.6691564 0.0286889 0.0167268
15 0.1911673 0.7293726 0.0286889 0.0167268
23 0.3372201 0.7293726 0.0286889 0.0167268
33 0.1911673 0.7890314 0.0678102 0.0602163
4 0.1911673 0.7895890 0.0286889 0.0167268
27 0.4089425 0.7895890 0.0286889 0.0167268
25 0.6293256 0.7895890 0.0286889 0.0167268
21 0.1911673 0.6691564 0.0286889 0.0167268
17 0.4832729 0.6691564 0.0286889 0.0167268
28 0.2641937 0.7293726 0.0286889 0.0167268
15 0.4832729 0.7293726 0.0286889 0.0167268
27 0.4832729 0.6089402 0.0286889 0.0167266
25 0.6293256 0.5487239 0.0286889 0.0167267
8 0.5562993 0.4885076 0.0286889 0.0167267
11 0.5562993 0.6691564 0.0286889 0.0167268
13 0.4089425 0.4885076 0.0286889 0.0167267
21 0.4832729 0.7895890 0.0286889 0.0167268
20 0.3372201 0.7895890 0.0286889 0.0167268
19 0.5562993 0.7895890 0.0286889 0.0167268
29 0.2641937 0.5487239 0.0286889 0.0167267
28 0.3372201 0.5487239 0.0286889 0.0167267
15 0.1911673 0.4885076 0.0286889 0.0167267
3 0.5562993 0.6089402 0.0286889 0.0167266
16 0.4832729 0.4885076 0.0286889 0.0167267
21 0.4089425 0.6089402 0.0286889 0.0167266
27 0.6293256 0.6089402 0.0286889 0.0167266
27 0.5562993 0.5487239 0.0286889 0.0167267
19 0.3372201 0.6691564 0.0286889 0.0167268
31 0.2641937 0.6089402 0.0286889 0.0167266
4 0.4089425 0.7293726 0.0286889 0.0167268
13 0.2641937 0.7895890 0.0286889 0.0167268
27 0.5562993 0.7293726 0.0286889 0.0167268
21 0.3372201 0.4885076 0.0286889 0.0167267
22 0.6293256 0.7293726 0.0286889 0.0167268
