8 0.6626604 0.5128728 0.0277444 0.0167025
4 0.2389273 0.3926147 0.0277444 0.0167025
32 0.4526855 0.5178836 0.5107497 0.4275844
1 0.4495327 0.3926147 0.0277444 0.0167025
14 0.5920382 0.3926147 0.0277444 0.0167025
26 0.2389273 0.4527437 0.0277444 0.0167025
4 0.3095495 0.4527437 0.0277444 0.0167025
6 0.5920382 0.4527437 0.0277444 0.0167025
8 0.3095495 0.5128728 0.0277444 0.0167025
7 0.3801717 0.5128728 0.0277444 0.0167025
21 0.4495327 0.5128728 0.0277444 0.0167025
31 0.4495327 0.5730018 0.0277444 0.0167025
20 0.2389273 0.6331308 0.0277444 0.0167025
33 0.5207854 0.6325742 0.0668389 0.0601291
16 0.5214160 0.6331308 0.0277444 0.0167025
18 0.3095495 0.6932600 0.0277444 0.0167025
30 0.5920382 0.6932600 0.0277444 0.0167025
14 0.5214160 0.4527437 0.0277444 0.0167025
25 0.5214160 0.5730018 0.0277444 0.0167025
18 0.3801717 0.4527437 0.0277444 0.0167025
1 0.3095495 0.5730018 0.0277444 0.0167025
3 0.2389273 0.6932600 0.0277444 0.0167025
13 0.5920382 0.5128728 0.0277444 0.0167025
30 0.3095495 0.3926147 0.0277444 0.0167025
2 0.5920382 0.5730018 0.0277444 0.0167025
6 0.6626604 0.6932600 0.0277444 0.0167025
31 0.5214160 0.6932600 0.0277444 0.0167025
26 0.3801717 0.6331308 0.0277444 0.0167025
22 0.3801717 0.6932600 0.0277444 0.0167025
29 0.4495327 0.6932600 0.0277444 0.0167025
26 0.5920382 0.6331308 0.0277444 0.0167025
6 0.5214160 0.5128728 0.0277444 0.0167025
19 0.4495327 0.6331308 0.0277444 0.0167025
22 0.3801717 0.5730018 0.0277444 0.0167025
2 0.2389273 0.5128728 0.0277444 0.0167025
4 0.2389273 0.5730018 0.0277444 0.0167025
9 0.6626604 0.4527437 0.0277444 0.0167025
10 0.6626604 0.5730018 0.0277444 0.0167025
18 0.3095495 0.6331308 0.0277444 0.0167025
4 0.6626604 0.3926147 0.0277444 0.0167025
2 0.5214160 0.3926147 0.0277444 0.0167025
31 0.6626604 0.6331308 0.0277444 0.0167025
5 0.4495327 0.4527437 0.0277444 0.0167025
6 0.3801717 0.3926147 0.0277444 0.0167025
