9 0.3959982 0.6807179 0.0286766 0.0168741
27 0.2487049 0.4377315 0.0286766 0.0168741
32 0.2585842 0.5642869 0.5146684 0.4319759
16 0.3959982 0.4377315 0.0286766 0.0168741
25 0.4689931 0.4377315 0.0286766 0.0168741
22 0.0310236 0.4984781 0.0286766 0.0168741
33 0.2487049 0.4979156 0.0677810 0.0607466
2 0.2487049 0.4984781 0.0286766 0.0168741
17 0.4689931 0.4984781 0.0286766 0.0168741
26 0.1040185 0.5592247 0.0286766 0.0168741
14 0.1770134 0.5592247 0.0286766 0.0168741
19 0.2487049 0.5592247 0.0286766 0.0168741
13 0.3230033 0.5592247 0.0286766 0.0168741
2 0.3959982 0.6199713 0.0286766 0.0168741
12 0.0310236 0.6807179 0.0286766 0.0168741
21 0.3230033 0.6807179 0.0286766 0.0168741
15 0.2487049 0.7414646 0.0286766 0.0168741
7 0.1770134 0.4377315 0.0286766 0.0168741
29 0.1040185 0.6807179 0.0286766 0.0168741
29 0.2487049 0.6807179 0.0286766 0.0168741
31 0.1040185 0.4984781 0.0286766 0.0168741
22 0.1770134 0.7414646 0.0286766 0.0168741
21 0.2487049 0.6199713 0.0286766 0.0168741
22 0.3230033 0.4984781 0.0286766 0.0168741
1 0.4689931 0.6807179 0.0286766 0.0168741
21 0.3230033 0.4377315 0.0286766 0.0168741
19 0.4689931 0.7414646 0.0286766 0.0168741
30 0.3959982 0.5592247 0.0286766 0.0168741
1 0.4689931 0.6199713 0.0286766 0.0168741
30 0.0310236 0.5592247 0.0286766 0.0168741
9 0.0310236 0.7414646 0.0286766 0.0168741
18 0.0310236 0.4377315 0.0286766 0.0168741
6 0.1770134 0.6199713 0.0286766 0.0168741
11 0.1770134 0.6807179 0.0286766 0.0168741
6 0.1040185 0.4377315 0.0286766 0.0168741
2 0.3959982 0.4984781 0.0286766 0.0168741
21 0.3959982 0.7414646 0.0286766 0.0168741
20 0.3230033 0.6199713 0.0286766 0.0168741
29 0.3230033 0.7414646 0.0286766 0.0168741
25 0.0310236 0.6199713 0.0286766 0.0168741
2 0.1040185 0.7414646 0.0286766 0.0168741
3 0.1040185 0.6199713 0.0286766 0.0168741
9 0.1770134 0.4984781 0.0286766 0.0168741
5 0.4689931 0.5592247 0.0286766 0.0168741
