2 0.3519505 0.5889931 0.0265962 0.0172067
19 0.4885584 0.4651050 0.0265962 0.0172067
32 0.3549728 0.5941550 0.4896124 0.4404907
8 0.2177604 0.4651050 0.0265962 0.0172067
31 0.1500610 0.5270491 0.0265962 0.0172067
21 0.4208589 0.5270491 0.0265962 0.0172067
2 0.5562579 0.5270491 0.0265962 0.0172067
6 0.2854599 0.5889931 0.0265962 0.0172067
25 0.4208589 0.5889931 0.0265962 0.0172067
16 0.4885584 0.5889931 0.0265962 0.0172067
30 0.4208589 0.6509370 0.0265962 0.0172066
22 0.5562579 0.6509370 0.0265962 0.0172066
34 0.1500610 0.7123075 0.0628638 0.0619440
5 0.1500610 0.7128810 0.0265962 0.0172067
1 0.5562579 0.7128810 0.0265962 0.0172067
4 0.2854599 0.7748250 0.0265962 0.0172067
11 0.3519505 0.7748250 0.0265962 0.0172067
21 0.2177604 0.5270491 0.0265962 0.0172067
6 0.1500610 0.7748250 0.0265962 0.0172067
22 0.2177604 0.6509370 0.0265962 0.0172066
8 0.4885584 0.6509370 0.0265962 0.0172066
3 0.2854599 0.5270491 0.0265962 0.0172067
17 0.4885584 0.7128810 0.0265962 0.0172067
26 0.2854599 0.6509370 0.0265962 0.0172066
31 0.4208589 0.7128810 0.0265962 0.0172067
6 0.2854599 0.4651050 0.0265962 0.0172067
24 0.5562579 0.4651050 0.0265962 0.0172067
27 0.4885584 0.7748250 0.0265962 0.0172067
25 0.4885584 0.5270491 0.0265962 0.0172067
25 0.4208589 0.4651050 0.0265962 0.0172067
15 0.4208589 0.7748250 0.0265962 0.0172067
28 0.1500610 0.4651050 0.0265962 0.0172067
1 0.5562579 0.5889931 0.0265962 0.0172067
18 0.1500610 0.5889931 0.0265962 0.0172067
17 0.1500610 0.6509370 0.0265962 0.0172066
18 0.5562579 0.7748250 0.0265962 0.0172067
10 0.3519505 0.6509370 0.0265962 0.0172066
14 0.3519505 0.5270491 0.0265962 0.0172067
17 0.2854599 0.7128810 0.0265962 0.0172067
18 0.2177604 0.7128810 0.0265962 0.0172067
24 0.2177604 0.5889931 0.0265962 0.0172067
21 0.2177604 0.7748250 0.0265962 0.0172067
28 0.3519505 0.4651050 0.0265962 0.0172067
11 0.3519505 0.7128810 0.0265962 0.0172067
