26 0.4629320 0.6046365 0.0278163 0.0160470
4 0.3921269 0.6624057 0.0278163 0.0160470
32 0.2548498 0.4939123 0.5071996 0.4108032
31 0.1797117 0.3735598 0.0278163 0.0160470
34 0.2492524 0.3730249 0.0657476 0.0577692
11 0.2492524 0.3735598 0.0278163 0.0160470
11 0.3921269 0.3735598 0.0278163 0.0160470
10 0.1089067 0.4313289 0.0278163 0.0160470
21 0.3213219 0.4313289 0.0278163 0.0160470
25 0.3921269 0.4890981 0.0278163 0.0160470
3 0.0381016 0.5468673 0.0278163 0.0160470
30 0.1797117 0.5468673 0.0278163 0.0160470
15 0.2492524 0.5468673 0.0278163 0.0160470
7 0.0381016 0.6046365 0.0278163 0.0160470
23 0.3213219 0.6046365 0.0278163 0.0160470
16 0.3921269 0.6046365 0.0278163 0.0160470
13 0.1797117 0.6624057 0.0278163 0.0160470
1 0.2492524 0.4890981 0.0278163 0.0160470
21 0.3213219 0.5468673 0.0278163 0.0160470
1 0.1089067 0.5468673 0.0278163 0.0160470
13 0.0381016 0.6624057 0.0278163 0.0160470
28 0.1089067 0.4890981 0.0278163 0.0160470
20 0.3213219 0.4890981 0.0278163 0.0160470
7 0.0381016 0.4313289 0.0278163 0.0160470
25 0.1089067 0.6624057 0.0278163 0.0160470
13 0.3213219 0.6624057 0.0278163 0.0160470
1 0.3921269 0.5468673 0.0278163 0.0160470
19 0.0381016 0.4890981 0.0278163 0.0160470
14 0.4629320 0.3735598 0.0278163 0.0160470
8 0.0381016 0.3735598 0.0278163 0.0160470
18 0.1089067 0.6046365 0.0278163 0.0160470
17 0.1797117 0.4890981 0.0278163 0.0160470
9 0.1797117 0.6046365 0.0278163 0.0160470
13 0.2492524 0.4313289 0.0278163 0.0160470
2 0.4629320 0.6624057 0.0278163 0.0160470
9 0.4629320 0.4890981 0.0278163 0.0160470
29 0.2492524 0.6046365 0.0278163 0.0160470
24 0.3921269 0.4313289 0.0278163 0.0160470
5 0.1797117 0.4313289 0.0278163 0.0160470
1 0.4629320 0.5468673 0.0278163 0.0160470
7 0.4629320 0.4313289 0.0278163 0.0160470
20 0.1089067 0.3735598 0.0278163 0.0160470
24 0.2492524 0.6624057 0.0278163 0.0160470
30 0.3213219 0.3735598 0.0278163 0.0160470
