28 0.6198271 0.6746136 0.0263157 0.0174590
14 0.5540379 0.7374658 0.0263157 0.0174589
32 0.6228175 0.5541470 0.4844480 0.4469485
8 0.6880087 0.4232051 0.0263157 0.0174589
23 0.6198271 0.4860572 0.0263157 0.0174589
30 0.6880087 0.4860572 0.0263157 0.0174589
20 0.8219794 0.4860572 0.0263158 0.0174589
4 0.5540379 0.5489093 0.0263157 0.0174590
1 0.6198271 0.5489093 0.0263157 0.0174590
13 0.6880087 0.5489093 0.0263157 0.0174590
33 0.5540379 0.6111795 0.0622007 0.0628522
23 0.5540379 0.6117615 0.0263157 0.0174589
27 0.4200671 0.6746136 0.0263157 0.0174590
25 0.6880087 0.6746136 0.0263157 0.0174590
6 0.4200671 0.7374658 0.0263157 0.0174589
7 0.4870525 0.7374658 0.0263157 0.0174589
26 0.6198271 0.7374658 0.0263157 0.0174589
6 0.7549940 0.5489093 0.0263156 0.0174590
17 0.4870525 0.6746136 0.0263157 0.0174590
6 0.4200671 0.5489093 0.0263157 0.0174590
19 0.4870525 0.4860572 0.0263157 0.0174589
3 0.7549940 0.6746136 0.0263156 0.0174590
13 0.4200671 0.6117615 0.0263157 0.0174589
6 0.8219794 0.4232051 0.0263158 0.0174589
3 0.8219794 0.5489093 0.0263158 0.0174590
17 0.5540379 0.4860572 0.0263157 0.0174589
8 0.4200671 0.4232051 0.0263157 0.0174589
10 0.7549940 0.6117615 0.0263156 0.0174589
10 0.5540379 0.6746136 0.0263157 0.0174590
19 0.6880087 0.6117615 0.0263157 0.0174589
2 0.8219794 0.7374658 0.0263158 0.0174589
20 0.4200671 0.4860572 0.0263157 0.0174589
2 0.4870525 0.4232051 0.0263157 0.0174589
5 0.6880087 0.7374658 0.0263157 0.0174589
5 0.7549940 0.4860572 0.0263156 0.0174589
3 0.4870525 0.6117615 0.0263157 0.0174589
26 0.4870525 0.5489093 0.0263157 0.0174590
4 0.7549940 0.7374658 0.0263156 0.0174589
25 0.8219794 0.6746136 0.0263158 0.0174590
27 0.6198271 0.4232051 0.0263157 0.0174589
9 0.6198271 0.6117615 0.0263157 0.0174589
24 0.7549940 0.4232051 0.0263156 0.0174589
4 0.5540379 0.4232051 0.0263157 0.0174589
14 0.8219794 0.6117615 0.0263158 0.0174589
