15 0.5353969 0.5911522 0.0266615 0.0170465
31 0.4008773 0.3456823 0.0266615 0.0170465
32 0.5384266 0.4121637 0.4908147 0.4363910
24 0.4008773 0.2843148 0.0266615 0.0170465
12 0.3330116 0.3456823 0.0266615 0.0170465
1 0.5353969 0.3456823 0.0266615 0.0170465
18 0.5353969 0.4070497 0.0266615 0.0170465
5 0.6044745 0.4070497 0.0266615 0.0170465
30 0.3330116 0.4684172 0.0266615 0.0170465
23 0.4687431 0.4684172 0.0266616 0.0170465
7 0.6044745 0.4684172 0.0266615 0.0170465
14 0.6723402 0.4684172 0.0266615 0.0170465
13 0.7402059 0.4684172 0.0266615 0.0170465
19 0.3330116 0.5911522 0.0266615 0.0170465
33 0.4002714 0.5905839 0.0618063 0.0613675
24 0.4008773 0.5911522 0.0266615 0.0170465
17 0.4687431 0.5911522 0.0266616 0.0170465
30 0.3330116 0.2843148 0.0266615 0.0170465
14 0.7402059 0.5297846 0.0266615 0.0170465
4 0.6044745 0.2843148 0.0266615 0.0170465
13 0.7402059 0.2843148 0.0266615 0.0170465
4 0.4687431 0.5297846 0.0266616 0.0170465
13 0.7402059 0.5911522 0.0266615 0.0170465
18 0.5353969 0.2843148 0.0266615 0.0170465
12 0.6723402 0.2843148 0.0266615 0.0170465
31 0.4008773 0.5297846 0.0266615 0.0170465
27 0.6723402 0.4070497 0.0266615 0.0170465
3 0.7402059 0.4070497 0.0266615 0.0170465
5 0.4687431 0.3456823 0.0266616 0.0170465
11 0.5353969 0.4684172 0.0266615 0.0170465
16 0.5353969 0.5297846 0.0266615 0.0170465
19 0.6044745 0.5911522 0.0266615 0.0170465
12 0.4008773 0.4070497 0.0266615 0.0170465
5 0.6723402 0.5297846 0.0266615 0.0170465
30 0.4687431 0.4070497 0.0266616 0.0170465
14 0.7402059 0.3456823 0.0266615 0.0170465
25 0.3330116 0.5297846 0.0266615 0.0170465
13 0.6723402 0.3456823 0.0266615 0.0170465
26 0.3330116 0.4070497 0.0266615 0.0170465
30 0.6723402 0.5911522 0.0266615 0.0170465
15 0.4687431 0.2843148 0.0266616 0.0170465
19 0.4008773 0.4684172 0.0266615 0.0170465
1 0.6044745 0.5297846 0.0266615 0.0170465
15 0.6044745 0.3456823 0.0266615 0.0170465
