31 0.6425200 0.5629813 0.0282133 0.0165684
8 0.7156179 0.4436888 0.0282133 0.0165684
32 0.6457259 0.5679518 0.5193803 0.4241511
31 0.5719868 0.4436888 0.0282133 0.0165684
7 0.8592490 0.4436888 0.0282133 0.0165684
34 0.4995300 0.5027828 0.0654034 0.0596462
5 0.5001712 0.5033351 0.0282133 0.0165684
24 0.5719868 0.5033351 0.0282133 0.0165684
13 0.7874335 0.5033351 0.0282132 0.0165684
18 0.5001712 0.5629813 0.0282133 0.0165684
9 0.7874335 0.6226276 0.0282132 0.0165683
10 0.7874335 0.6822738 0.0282132 0.0165683
25 0.8592490 0.6822738 0.0282133 0.0165683
15 0.4283557 0.7419201 0.0282133 0.0165683
2 0.5001712 0.7419201 0.0282133 0.0165683
8 0.7156179 0.7419201 0.0282133 0.0165683
26 0.8592490 0.7419201 0.0282133 0.0165683
9 0.5001712 0.4436888 0.0282133 0.0165684
20 0.5719868 0.6822738 0.0282133 0.0165683
31 0.6425200 0.7419201 0.0282133 0.0165683
8 0.4283557 0.5629813 0.0282133 0.0165684
13 0.4283557 0.6226276 0.0282133 0.0165683
25 0.8592490 0.6226276 0.0282133 0.0165683
22 0.7156179 0.5033351 0.0282133 0.0165684
30 0.4283557 0.4436888 0.0282133 0.0165684
6 0.7156179 0.6226276 0.0282133 0.0165683
20 0.5719868 0.7419201 0.0282133 0.0165683
26 0.6425200 0.4436888 0.0282133 0.0165684
4 0.5001712 0.6822738 0.0282133 0.0165683
19 0.7874335 0.4436888 0.0282132 0.0165684
27 0.7874335 0.7419201 0.0282132 0.0165683
22 0.4283557 0.6822738 0.0282133 0.0165683
20 0.6425200 0.6226276 0.0282133 0.0165683
10 0.4283557 0.5033351 0.0282133 0.0165684
27 0.7874335 0.5629813 0.0282132 0.0165684
31 0.5719868 0.5629813 0.0282133 0.0165684
7 0.8592490 0.5033351 0.0282133 0.0165684
28 0.6425200 0.6822738 0.0282133 0.0165683
12 0.8592490 0.5629813 0.0282133 0.0165684
30 0.5001712 0.6226276 0.0282133 0.0165683
1 0.7156179 0.6822738 0.0282133 0.0165683
9 0.6425200 0.5033351 0.0282133 0.0165684
16 0.5719868 0.6226276 0.0282133 0.0165683
12 0.7156179 0.5629813 0.0282133 0.0165684
