5 0.4254147 0.3964834 0.0271825 0.0166905
8 0.4958420 0.3964834 0.0271825 0.0166905
32 0.4285036 0.4014905 0.5004044 0.4272786
6 0.2190751 0.2763113 0.0271825 0.0166906
11 0.4958420 0.3363973 0.0271825 0.0166906
4 0.5650337 0.3363973 0.0271825 0.0166906
27 0.3574585 0.3964834 0.0271824 0.0166905
25 0.6342254 0.3964834 0.0271824 0.0166905
22 0.2190751 0.4565695 0.0271825 0.0166906
16 0.4254147 0.4565695 0.0271825 0.0166906
7 0.5650337 0.4565695 0.0271825 0.0166906
31 0.2882668 0.5166555 0.0271825 0.0166905
3 0.4958420 0.5166555 0.0271825 0.0166905
20 0.5650337 0.5166555 0.0271825 0.0166905
21 0.2882668 0.5767415 0.0271825 0.0166906
34 0.4254147 0.5761852 0.0642495 0.0600861
3 0.4254147 0.5767415 0.0271825 0.0166906
27 0.2882668 0.3363973 0.0271825 0.0166906
6 0.3574585 0.2763113 0.0271824 0.0166906
13 0.5650337 0.2763113 0.0271825 0.0166906
29 0.4958420 0.4565695 0.0271825 0.0166906
28 0.5650337 0.5767415 0.0271825 0.0166906
3 0.6342254 0.3363973 0.0271824 0.0166906
28 0.4958420 0.2763113 0.0271825 0.0166906
30 0.2882668 0.3964834 0.0271825 0.0166905
2 0.2190751 0.3363973 0.0271825 0.0166906
24 0.3574585 0.5166555 0.0271824 0.0166905
15 0.3574585 0.3363973 0.0271824 0.0166906
2 0.6342254 0.4565695 0.0271824 0.0166906
7 0.6342254 0.2763113 0.0271824 0.0166906
1 0.2190751 0.5166555 0.0271825 0.0166905
7 0.3574585 0.4565695 0.0271824 0.0166906
24 0.6342254 0.5767415 0.0271824 0.0166906
17 0.3574585 0.5767415 0.0271824 0.0166906
5 0.4254147 0.2763113 0.0271825 0.0166906
8 0.2190751 0.3964834 0.0271825 0.0166905
21 0.2882668 0.4565695 0.0271825 0.0166906
5 0.4254147 0.3363973 0.0271825 0.0166906
1 0.4254147 0.5166555 0.0271825 0.0166905
5 0.4958420 0.5767415 0.0271825 0.0166906
21 0.2190751 0.5767415 0.0271825 0.0166906
11 0.2882668 0.2763113 0.0271825 0.0166906
20 0.6342254 0.5166555 0.0271824 0.0166905
21 0.5650337 0.3964834 0.0271825 0.0166905
