28 0.4388873 0.4593539 0.0286707 0.0172597
8 0.5848472 0.5836232 0.0286707 0.0172596
32 0.3678622 0.4023971 0.5278012 0.4418465
10 0.2199475 0.2729499 0.0286707 0.0172597
29 0.3646042 0.2729499 0.0286707 0.0172597
1 0.5118672 0.2729499 0.0286707 0.0172597
24 0.3646042 0.3350846 0.0286707 0.0172596
25 0.4388873 0.3350846 0.0286707 0.0172596
26 0.3646042 0.3972192 0.0286707 0.0172597
4 0.1469676 0.4593539 0.0286707 0.0172597
33 0.1469676 0.5209133 0.0677671 0.0621347
12 0.1469676 0.5214886 0.0286707 0.0172597
14 0.5118672 0.5214886 0.0286707 0.0172597
7 0.1469676 0.5836232 0.0286707 0.0172596
8 0.2929275 0.5836232 0.0286707 0.0172596
16 0.4388873 0.5836232 0.0286707 0.0172596
19 0.5118672 0.5836232 0.0286707 0.0172596
17 0.4388873 0.3972192 0.0286707 0.0172597
20 0.2199475 0.3350846 0.0286707 0.0172596
17 0.3646042 0.4593539 0.0286707 0.0172597
27 0.2929275 0.3350846 0.0286707 0.0172596
6 0.2199475 0.5836232 0.0286707 0.0172596
7 0.2929275 0.3972192 0.0286707 0.0172597
15 0.4388873 0.5214886 0.0286707 0.0172597
7 0.1469676 0.3350846 0.0286707 0.0172596
3 0.1469676 0.2729499 0.0286707 0.0172597
11 0.2199475 0.3972192 0.0286707 0.0172597
9 0.3646042 0.5214886 0.0286707 0.0172597
8 0.5848472 0.5214886 0.0286707 0.0172597
18 0.5118672 0.3972192 0.0286707 0.0172597
12 0.3646042 0.5836232 0.0286707 0.0172596
25 0.5118672 0.4593539 0.0286707 0.0172597
26 0.5848472 0.4593539 0.0286707 0.0172597
7 0.2199475 0.4593539 0.0286707 0.0172597
14 0.2929275 0.5214886 0.0286707 0.0172597
4 0.2929275 0.4593539 0.0286707 0.0172597
21 0.2929275 0.2729499 0.0286707 0.0172597
29 0.5848472 0.3350846 0.0286707 0.0172596
11 0.5848472 0.2729499 0.0286707 0.0172597
14 0.5118672 0.3350846 0.0286707 0.0172596
18 0.4388873 0.2729499 0.0286707 0.0172597
30 0.5848472 0.3972192 0.0286707 0.0172597
3 0.1469676 0.3972192 0.0286707 0.0172597
8 0.2199475 0.5214886 0.0286707 0.0172597
