13 0.7237721 0.6387702 0.0286356 0.0161024
12 0.6508813 0.7547072 0.0286356 0.0161024
32 0.5799430 0.5856324 0.5271566 0.4122204
8 0.3593182 0.5228332 0.0286357 0.0161024
20 0.4322089 0.5228332 0.0286357 0.0161024
34 0.5766889 0.5222964 0.0676843 0.0579685
15 0.5766889 0.5228332 0.0286357 0.0161024
7 0.6508813 0.5228332 0.0286356 0.0161024
27 0.3593182 0.6387702 0.0286357 0.0161024
19 0.7966629 0.6387702 0.0286356 0.0161024
16 0.3593182 0.6967387 0.0286357 0.0161024
17 0.4322089 0.6967387 0.0286357 0.0161024
6 0.5766889 0.6967387 0.0286357 0.0161024
14 0.6508813 0.6967387 0.0286356 0.0161024
21 0.7237721 0.6967387 0.0286356 0.0161024
30 0.3593182 0.7547072 0.0286357 0.0161024
10 0.5766889 0.7547072 0.0286357 0.0161024
10 0.6508813 0.6387702 0.0286356 0.0161024
1 0.5050998 0.6967387 0.0286356 0.0161024
6 0.4322089 0.5808017 0.0286357 0.0161023
4 0.7966629 0.6967387 0.0286356 0.0161024
5 0.7966629 0.5228332 0.0286356 0.0161024
27 0.5050998 0.5228332 0.0286356 0.0161024
11 0.5050998 0.5808017 0.0286356 0.0161023
8 0.6508813 0.4648647 0.0286356 0.0161023
16 0.5050998 0.7547072 0.0286356 0.0161024
24 0.7966629 0.7547072 0.0286356 0.0161024
2 0.7237721 0.5228332 0.0286356 0.0161024
4 0.3593182 0.5808017 0.0286357 0.0161023
29 0.7966629 0.5808017 0.0286356 0.0161023
8 0.7237721 0.7547072 0.0286356 0.0161024
20 0.5766889 0.6387702 0.0286357 0.0161024
4 0.5050998 0.4648647 0.0286356 0.0161023
21 0.6508813 0.5808017 0.0286356 0.0161023
22 0.4322089 0.6387702 0.0286357 0.0161024
4 0.5766889 0.5808017 0.0286357 0.0161023
11 0.4322089 0.4648647 0.0286357 0.0161023
24 0.4322089 0.7547072 0.0286357 0.0161024
17 0.3593182 0.4648647 0.0286357 0.0161023
4 0.7966629 0.4648647 0.0286356 0.0161023
4 0.5766889 0.4648647 0.0286357 0.0161023
11 0.5050998 0.6387702 0.0286356 0.0161024
28 0.7237721 0.4648647 0.0286356 0.0161023
28 0.7237721 0.5808017 0.0286356 0.0161023
