7 0.5413242 0.4857402 0.0275238 0.0163785
19 0.1910206 0.6036656 0.0275239 0.0163785
32 0.3330187 0.4906538 0.5066892 0.4192904
7 0.1209599 0.3678148 0.0275239 0.0163785
1 0.5413242 0.3678148 0.0275238 0.0163785
16 0.4012028 0.4267775 0.0275238 0.0163785
34 0.2610813 0.4851943 0.0650564 0.0589627
26 0.2610813 0.4857402 0.0275239 0.0163785
2 0.2610813 0.5447029 0.0275239 0.0163786
19 0.4012028 0.5447029 0.0275238 0.0163786
4 0.4712635 0.5447029 0.0275238 0.0163786
27 0.5413242 0.5447029 0.0275238 0.0163786
12 0.1209599 0.6036656 0.0275239 0.0163785
21 0.1209599 0.6626283 0.0275239 0.0163785
5 0.1910206 0.6626283 0.0275239 0.0163785
3 0.4012028 0.6626283 0.0275238 0.0163785
13 0.4712635 0.6626283 0.0275238 0.0163785
18 0.1910206 0.3678148 0.0275239 0.0163785
26 0.3298910 0.3678148 0.0275238 0.0163785
3 0.4012028 0.4857402 0.0275238 0.0163785
9 0.3298910 0.5447029 0.0275238 0.0163786
15 0.4712635 0.4857402 0.0275238 0.0163785
3 0.4012028 0.6036656 0.0275238 0.0163785
21 0.2610813 0.3678148 0.0275239 0.0163785
21 0.4712635 0.4267775 0.0275238 0.0163785
6 0.1910206 0.4267775 0.0275239 0.0163785
6 0.1209599 0.4857402 0.0275239 0.0163785
22 0.3298910 0.4857402 0.0275238 0.0163785
11 0.3298910 0.6626283 0.0275238 0.0163785
1 0.4712635 0.6036656 0.0275238 0.0163785
16 0.4012028 0.3678148 0.0275238 0.0163785
13 0.4712635 0.3678148 0.0275238 0.0163785
1 0.2610813 0.6036656 0.0275239 0.0163785
12 0.3298910 0.4267775 0.0275238 0.0163785
7 0.5413242 0.4267775 0.0275238 0.0163785
18 0.2610813 0.4267775 0.0275239 0.0163785
16 0.3298910 0.6036656 0.0275238 0.0163785
13 0.1910206 0.4857402 0.0275239 0.0163785
22 0.5413242 0.6036656 0.0275238 0.0163785
21 0.1209599 0.4267775 0.0275239 0.0163785
26 0.1910206 0.5447029 0.0275239 0.0163786
17 0.1209599 0.5447029 0.0275239 0.0163786
19 0.5413242 0.6626283 0.0275238 0.0163785
6 0.2610813 0.6626283 0.0275239 0.0163785
