25 0.4906442 0.3020937 0.0276960 0.0170719
21 0.0676500 0.4864697 0.0276960 0.0170719
32 0.2810355 0.3686739 0.5098591 0.4370394
9 0.4201452 0.2406350 0.0276960 0.0170719
19 0.2086481 0.3020937 0.0276961 0.0170719
29 0.3496461 0.3020937 0.0276960 0.0170719
34 0.4906442 0.3629833 0.0654634 0.0614587
11 0.4906442 0.3635523 0.0276960 0.0170719
5 0.4201452 0.4250110 0.0276960 0.0170719
24 0.1381490 0.4864697 0.0276960 0.0170719
7 0.2086481 0.4864697 0.0276961 0.0170719
22 0.2778882 0.4864697 0.0276961 0.0170719
4 0.3496461 0.4864697 0.0276960 0.0170719
23 0.4906442 0.4864697 0.0276960 0.0170719
20 0.1381490 0.5479284 0.0276960 0.0170719
18 0.2778882 0.5479284 0.0276961 0.0170719
28 0.4201452 0.4864697 0.0276960 0.0170719
20 0.4201452 0.3020937 0.0276960 0.0170719
24 0.2086481 0.5479284 0.0276961 0.0170719
31 0.1381490 0.3020937 0.0276960 0.0170719
6 0.0676500 0.2406350 0.0276960 0.0170719
3 0.2778882 0.3020937 0.0276961 0.0170719
14 0.1381490 0.3635523 0.0276960 0.0170719
29 0.2086481 0.4250110 0.0276961 0.0170719
7 0.2086481 0.3635523 0.0276961 0.0170719
10 0.2778882 0.3635523 0.0276961 0.0170719
21 0.3496461 0.5479284 0.0276960 0.0170719
17 0.4906442 0.2406350 0.0276960 0.0170719
1 0.3496461 0.2406350 0.0276960 0.0170719
13 0.1381490 0.4250110 0.0276960 0.0170719
25 0.1381490 0.2406350 0.0276960 0.0170719
17 0.2778882 0.4250110 0.0276961 0.0170719
29 0.0676500 0.5479284 0.0276960 0.0170719
16 0.2778882 0.2406350 0.0276961 0.0170719
15 0.0676500 0.3635523 0.0276960 0.0170719
9 0.4906442 0.4250110 0.0276960 0.0170719
7 0.4201452 0.5479284 0.0276960 0.0170719
27 0.2086481 0.2406350 0.0276961 0.0170719
31 0.3496461 0.4250110 0.0276960 0.0170719
18 0.3496461 0.3635523 0.0276960 0.0170719
24 0.0676500 0.3020937 0.0276960 0.0170719
12 0.4201452 0.3635523 0.0276960 0.0170719
8 0.4906442 0.5479284 0.0276960 0.0170719
18 0.0676500 0.4250110 0.0276960 0.0170719
