29 0.4250941 0.5311668 0.0274502 0.0159698
10 0.2167222 0.3586928 0.0274502 0.0159698
32 0.4282134 0.4209751 0.5053329 0.4088273
33 0.2167222 0.3006691 0.0648823 0.0574914
23 0.2167222 0.3012014 0.0274502 0.0159698
14 0.2865954 0.3012014 0.0274502 0.0159698
18 0.3564686 0.3012014 0.0274502 0.0159698
19 0.3564686 0.4161841 0.0274502 0.0159698
15 0.4250941 0.4161841 0.0274502 0.0159698
8 0.4962150 0.4161841 0.0274502 0.0159698
1 0.5660882 0.4161841 0.0274502 0.0159698
3 0.2167222 0.4736755 0.0274502 0.0159698
27 0.2865954 0.4736755 0.0274502 0.0159698
2 0.4250941 0.4736755 0.0274502 0.0159698
4 0.5660882 0.4736755 0.0274502 0.0159698
16 0.6359614 0.4736755 0.0274502 0.0159698
20 0.6359614 0.5886582 0.0274502 0.0159698
14 0.4962150 0.5886582 0.0274502 0.0159698
15 0.2865954 0.5886582 0.0274502 0.0159698
7 0.2167222 0.4161841 0.0274502 0.0159698
21 0.3564686 0.5311668 0.0274502 0.0159698
20 0.5660882 0.5886582 0.0274502 0.0159698
1 0.2865954 0.5311668 0.0274502 0.0159698
21 0.6359614 0.5311668 0.0274502 0.0159698
13 0.2167222 0.5886582 0.0274502 0.0159698
17 0.4962150 0.5311668 0.0274502 0.0159698
8 0.6359614 0.3012014 0.0274502 0.0159698
12 0.2865954 0.3586928 0.0274502 0.0159698
9 0.4250941 0.3012014 0.0274502 0.0159698
19 0.4250941 0.5886582 0.0274502 0.0159698
26 0.3564686 0.4736755 0.0274502 0.0159698
29 0.3564686 0.3586928 0.0274502 0.0159698
28 0.2167222 0.5311668 0.0274502 0.0159698
24 0.4962150 0.4736755 0.0274502 0.0159698
13 0.5660882 0.5311668 0.0274502 0.0159698
8 0.3564686 0.5886582 0.0274502 0.0159698
24 0.5660882 0.3586928 0.0274502 0.0159698
13 0.4250941 0.3586928 0.0274502 0.0159698
20 0.6359614 0.3586928 0.0274502 0.0159698
3 0.4962150 0.3012014 0.0274502 0.0159698
14 0.2865954 0.4161841 0.0274502 0.0159698
15 0.4962150 0.3586928 0.0274502 0.0159698
24 0.5660882 0.3012014 0.0274502 0.0159698
14 0.6359614 0.4161841 0.0274502 0.0159698
