29 0.4578127 0.5488833 0.0264960 0.0158424
27 0.7275908 0.6629487 0.0264960 0.0158424
32 0.5270638 0.4966033 0.4877685 0.4055659
2 0.3903682 0.3777852 0.0264960 0.0158424
9 0.4578127 0.3777852 0.0264960 0.0158424
17 0.5240528 0.3777852 0.0264960 0.0158424
30 0.6601463 0.4348179 0.0264960 0.0158424
31 0.7275908 0.4348179 0.0264960 0.0158424
11 0.5240528 0.4918506 0.0264960 0.0158424
10 0.3903682 0.5488833 0.0264960 0.0158424
19 0.7275908 0.5488833 0.0264960 0.0158424
24 0.3229236 0.6059160 0.0264960 0.0158424
20 0.3229236 0.6629487 0.0264960 0.0158424
34 0.3897660 0.6624207 0.0614227 0.0570327
21 0.3903682 0.6629487 0.0264960 0.0158424
27 0.6601463 0.6629487 0.0264960 0.0158424
27 0.7275908 0.3777852 0.0264960 0.0158424
4 0.3903682 0.4348179 0.0264960 0.0158424
21 0.6601463 0.4918506 0.0264960 0.0158424
14 0.5927018 0.5488833 0.0264960 0.0158424
21 0.3229236 0.4918506 0.0264960 0.0158424
30 0.5240528 0.6059160 0.0264960 0.0158424
27 0.7275908 0.6059160 0.0264960 0.0158424
5 0.3229236 0.4348179 0.0264960 0.0158424
29 0.5240528 0.5488833 0.0264960 0.0158424
30 0.5927018 0.6629487 0.0264960 0.0158424
10 0.5240528 0.6629487 0.0264960 0.0158424
20 0.5240528 0.4348179 0.0264960 0.0158424
22 0.4578127 0.4348179 0.0264960 0.0158424
3 0.4578127 0.6059160 0.0264960 0.0158424
16 0.6601463 0.3777852 0.0264960 0.0158424
13 0.5927018 0.6059160 0.0264960 0.0158424
22 0.7275908 0.4918506 0.0264960 0.0158424
4 0.3229236 0.3777852 0.0264960 0.0158424
14 0.4578127 0.4918506 0.0264960 0.0158424
21 0.3903682 0.6059160 0.0264960 0.0158424
19 0.3229236 0.5488833 0.0264960 0.0158424
4 0.5927018 0.4918506 0.0264960 0.0158424
12 0.5927018 0.4348179 0.0264960 0.0158424
29 0.5927018 0.3777852 0.0264960 0.0158424
7 0.3903682 0.4918506 0.0264960 0.0158424
30 0.6601463 0.6059160 0.0264960 0.0158424
7 0.6601463 0.5488833 0.0264960 0.0158424
22 0.4578127 0.6629487 0.0264960 0.0158424
