11 0.4375367 0.4142629 0.0277122 0.0162330
5 0.1553763 0.2389456 0.0277122 0.0162331
32 0.2983460 0.3606937 0.5101561 0.4155670
13 0.2259164 0.2389456 0.0277122 0.0162331
2 0.2951969 0.2389456 0.0277122 0.0162331
8 0.4375367 0.2389456 0.0277122 0.0162331
23 0.2259164 0.2973847 0.0277122 0.0162331
4 0.4375367 0.2973847 0.0277122 0.0162331
9 0.1553763 0.3558238 0.0277122 0.0162331
27 0.2259164 0.3558238 0.0277122 0.0162331
20 0.2951969 0.3558238 0.0277122 0.0162331
29 0.1553763 0.4142629 0.0277122 0.0162330
6 0.0848363 0.4727020 0.0277122 0.0162330
14 0.1553763 0.5311411 0.0277122 0.0162331
34 0.3663668 0.5306000 0.0667612 0.0584391
7 0.3669967 0.5311411 0.0277122 0.0162331
7 0.1553763 0.4727020 0.0277122 0.0162330
16 0.2951969 0.2973847 0.0277122 0.0162331
19 0.5080769 0.2389456 0.0277122 0.0162331
2 0.5080769 0.3558238 0.0277122 0.0162331
22 0.2951969 0.5311411 0.0277122 0.0162331
28 0.3669967 0.3558238 0.0277122 0.0162331
22 0.0848363 0.4142629 0.0277122 0.0162330
10 0.4375367 0.5311411 0.0277122 0.0162331
30 0.0848363 0.2973847 0.0277122 0.0162331
1 0.2951969 0.4727020 0.0277122 0.0162330
10 0.4375367 0.3558238 0.0277122 0.0162331
21 0.0848363 0.2389456 0.0277122 0.0162331
1 0.3669967 0.2973847 0.0277122 0.0162331
25 0.0848363 0.3558238 0.0277122 0.0162331
18 0.1553763 0.2973847 0.0277122 0.0162331
6 0.3669967 0.2389456 0.0277122 0.0162331
8 0.3669967 0.4727020 0.0277122 0.0162330
9 0.5080769 0.4142629 0.0277122 0.0162330
20 0.0848363 0.5311411 0.0277122 0.0162331
27 0.2259164 0.4142629 0.0277122 0.0162330
1 0.2259164 0.4727020 0.0277122 0.0162330
17 0.2259164 0.5311411 0.0277122 0.0162331
22 0.2951969 0.4142629 0.0277122 0.0162330
18 0.5080769 0.5311411 0.0277122 0.0162331
5 0.4375367 0.4727020 0.0277122 0.0162330
3 0.5080769 0.2973847 0.0277122 0.0162331
2 0.3669967 0.4142629 0.0277122 0.0162330
30 0.5080769 0.4727020 0.0277122 0.0162330
