27 0.4860143 0.2720056 0.0284940 0.0166383
25 0.2684237 0.5115962 0.0284940 0.0166382
32 0.4154269 0.3368948 0.5245489 0.4259388
7 0.1958935 0.2121080 0.0284940 0.0166383
10 0.1958935 0.2720056 0.0284940 0.0166383
25 0.3409539 0.3319033 0.0284940 0.0166383
19 0.4121889 0.3319033 0.0284940 0.0166383
24 0.4860143 0.3319033 0.0284940 0.0166383
5 0.3409539 0.3918009 0.0284940 0.0166383
31 0.6310748 0.3918009 0.0284940 0.0166383
3 0.4121889 0.4516986 0.0284940 0.0166383
34 0.5578970 0.4511440 0.0660543 0.0598977
18 0.5585445 0.4516986 0.0284940 0.0166383
17 0.6310748 0.4516986 0.0284940 0.0166383
9 0.1958935 0.5115962 0.0284940 0.0166382
18 0.6310748 0.5115962 0.0284940 0.0166382
31 0.4860143 0.3918009 0.0284940 0.0166383
15 0.3409539 0.5115962 0.0284940 0.0166382
5 0.4121889 0.2121080 0.0284940 0.0166383
4 0.2684237 0.4516986 0.0284940 0.0166383
31 0.6310748 0.2121080 0.0284940 0.0166383
18 0.4121889 0.5115962 0.0284940 0.0166382
4 0.2684237 0.2121080 0.0284940 0.0166383
9 0.4860143 0.4516986 0.0284940 0.0166383
26 0.6310748 0.3319033 0.0284940 0.0166383
13 0.4121889 0.3918009 0.0284940 0.0166383
22 0.1958935 0.3319033 0.0284940 0.0166383
5 0.3409539 0.2720056 0.0284940 0.0166383
24 0.4860143 0.2121080 0.0284940 0.0166383
2 0.4121889 0.2720056 0.0284940 0.0166383
16 0.1958935 0.3918009 0.0284940 0.0166383
1 0.2684237 0.3319033 0.0284940 0.0166383
25 0.4860143 0.5115962 0.0284940 0.0166382
18 0.3409539 0.2121080 0.0284940 0.0166383
31 0.5585445 0.3918009 0.0284940 0.0166383
16 0.5585445 0.2121080 0.0284940 0.0166383
19 0.3409539 0.4516986 0.0284940 0.0166383
11 0.5585445 0.2720056 0.0284940 0.0166383
1 0.2684237 0.3918009 0.0284940 0.0166383
7 0.5585445 0.5115962 0.0284940 0.0166382
22 0.5585445 0.3319033 0.0284940 0.0166383
19 0.6310748 0.2720056 0.0284940 0.0166383
2 0.1958935 0.4516986 0.0284940 0.0166383
31 0.2684237 0.2720056 0.0284940 0.0166383
