29 0.6708434 0.4492661 0.0262163 0.0170853
22 0.5373788 0.4492661 0.0262163 0.0170853
32 0.6058986 0.5158989 0.4826178 0.4373846
2 0.6029195 0.3877589 0.0262163 0.0170853
21 0.6708434 0.3877589 0.0262163 0.0170853
34 0.8043081 0.3871894 0.0619658 0.0615072
15 0.8043081 0.3877589 0.0262163 0.0170853
12 0.4706464 0.4492661 0.0262163 0.0170853
31 0.6029195 0.5107733 0.0262163 0.0170854
8 0.7375758 0.5107733 0.0262163 0.0170854
13 0.4039141 0.5722805 0.0262163 0.0170853
26 0.6708434 0.5722805 0.0262163 0.0170853
18 0.8043081 0.5722805 0.0262163 0.0170853
16 0.6708434 0.6337877 0.0262163 0.0170853
6 0.8043081 0.6337877 0.0262163 0.0170853
3 0.5373788 0.6952949 0.0262163 0.0170854
27 0.4039141 0.6952949 0.0262163 0.0170854
26 0.4039141 0.6337877 0.0262163 0.0170853
21 0.8043081 0.6952949 0.0262163 0.0170854
10 0.4039141 0.4492661 0.0262163 0.0170853
5 0.5373788 0.5722805 0.0262163 0.0170853
11 0.7375758 0.6952949 0.0262163 0.0170854
30 0.4039141 0.5107733 0.0262163 0.0170854
26 0.6029195 0.6337877 0.0262163 0.0170853
16 0.4706464 0.5107733 0.0262163 0.0170854
28 0.5373788 0.5107733 0.0262163 0.0170854
11 0.6708434 0.6952949 0.0262163 0.0170854
29 0.5373788 0.6337877 0.0262163 0.0170853
2 0.4706464 0.3877589 0.0262163 0.0170853
25 0.6029195 0.4492661 0.0262163 0.0170853
25 0.7375758 0.4492661 0.0262163 0.0170853
10 0.6708434 0.5107733 0.0262163 0.0170854
18 0.4706464 0.6337877 0.0262163 0.0170853
18 0.8043081 0.4492661 0.0262163 0.0170853
18 0.7375758 0.6337877 0.0262163 0.0170853
22 0.7375758 0.5722805 0.0262163 0.0170853
29 0.4706464 0.5722805 0.0262163 0.0170853
16 0.6029195 0.6952949 0.0262163 0.0170854
22 0.4706464 0.6952949 0.0262163 0.0170854
2 0.4039141 0.3877589 0.0262163 0.0170853
27 0.8043081 0.5107733 0.0262163 0.0170854
7 0.6029195 0.5722805 0.0262163 0.0170853
21 0.5373788 0.3877589 0.0262163 0.0170853
5 0.7375758 0.3877589 0.0262163 0.0170853
