5 0.2861760 0.6819446 0.0263187 0.0166410
27 0.2203792 0.4423140 0.0263187 0.0166410
32 0.2891667 0.5072139 0.4845033 0.4260100
9 0.0863931 0.4423140 0.0263187 0.0166410
15 0.1533862 0.4423140 0.0263187 0.0166410
23 0.4213584 0.4423140 0.0263187 0.0166410
17 0.4883514 0.4423140 0.0263187 0.0166410
33 0.2861760 0.5016669 0.0622078 0.0599077
31 0.2861760 0.5022216 0.0263187 0.0166410
3 0.4883514 0.5022216 0.0263187 0.0166410
11 0.0863931 0.5621292 0.0263187 0.0166410
29 0.1533862 0.5621292 0.0263187 0.0166410
19 0.2203792 0.5621292 0.0263187 0.0166410
31 0.3543653 0.6220369 0.0263187 0.0166410
22 0.0863931 0.6819446 0.0263187 0.0166410
2 0.1533862 0.6819446 0.0263187 0.0166410
26 0.4213584 0.3824063 0.0263187 0.0166410
26 0.3543653 0.4423140 0.0263187 0.0166410
2 0.4213584 0.5022216 0.0263187 0.0166410
21 0.3543653 0.5621292 0.0263187 0.0166410
27 0.3543653 0.5022216 0.0263187 0.0166410
30 0.4213584 0.6220369 0.0263187 0.0166410
12 0.2203792 0.3824063 0.0263187 0.0166410
3 0.2861760 0.3824063 0.0263187 0.0166410
1 0.0863931 0.6220369 0.0263187 0.0166410
11 0.1533862 0.6220369 0.0263187 0.0166410
16 0.2203792 0.6220369 0.0263187 0.0166410
30 0.2203792 0.5022216 0.0263187 0.0166410
16 0.4213584 0.5621292 0.0263187 0.0166410
11 0.3543653 0.3824063 0.0263187 0.0166410
28 0.2861760 0.5621292 0.0263187 0.0166410
2 0.2861760 0.6220369 0.0263187 0.0166410
6 0.4883514 0.3824063 0.0263187 0.0166410
28 0.0863931 0.5022216 0.0263187 0.0166410
11 0.0863931 0.3824063 0.0263187 0.0166410
10 0.1533862 0.3824063 0.0263187 0.0166410
11 0.3543653 0.6819446 0.0263187 0.0166410
9 0.2203792 0.6819446 0.0263187 0.0166410
14 0.4883514 0.6819446 0.0263187 0.0166410
9 0.4883514 0.6220369 0.0263187 0.0166410
5 0.2861760 0.4423140 0.0263187 0.0166410
11 0.4883514 0.5621292 0.0263187 0.0166410
19 0.4213584 0.6819446 0.0263187 0.0166410
10 0.1533862 0.5022216 0.0263187 0.0166410
