11 0.4029457 0.5668575 0.0261922 0.0171597
18 0.7363012 0.5668575 0.0261922 0.0171597
32 0.5380737 0.6337804 0.4821749 0.4392889
6 0.6696301 0.5050825 0.0261922 0.0171597
4 0.5350973 0.5668575 0.0261922 0.0171597
11 0.6029590 0.5668575 0.0261922 0.0171597
16 0.6696301 0.5668575 0.0261922 0.0171597
9 0.5350973 0.6286325 0.0261922 0.0171598
23 0.5350973 0.6904075 0.0261922 0.0171597
34 0.6023637 0.7516105 0.0630994 0.0617750
10 0.6029590 0.7521825 0.0261922 0.0171598
31 0.3362746 0.8139575 0.0261922 0.0171597
26 0.5350973 0.8139575 0.0261922 0.0171597
29 0.6029590 0.8139575 0.0261922 0.0171597
10 0.6696301 0.8139575 0.0261922 0.0171597
22 0.7363012 0.8139575 0.0261922 0.0171597
30 0.6029590 0.6286325 0.0261922 0.0171598
15 0.6696301 0.7521825 0.0261922 0.0171598
11 0.4029457 0.7521825 0.0261922 0.0171598
16 0.5350973 0.5050825 0.0261922 0.0171597
22 0.4696168 0.6286325 0.0261922 0.0171598
6 0.3362746 0.6286325 0.0261922 0.0171598
15 0.7363012 0.5050825 0.0261922 0.0171597
20 0.6029590 0.6904075 0.0261922 0.0171597
16 0.4696168 0.6904075 0.0261922 0.0171597
25 0.4029457 0.6286325 0.0261922 0.0171598
27 0.6029590 0.5050825 0.0261922 0.0171597
17 0.4696168 0.5050825 0.0261922 0.0171597
2 0.3362746 0.7521825 0.0261922 0.0171598
13 0.4029457 0.5050825 0.0261922 0.0171597
19 0.4696168 0.5668575 0.0261922 0.0171597
29 0.3362746 0.6904075 0.0261922 0.0171597
20 0.7363012 0.6904075 0.0261922 0.0171597
7 0.3362746 0.5050825 0.0261922 0.0171597
29 0.7363012 0.6286325 0.0261922 0.0171598
13 0.5350973 0.7521825 0.0261922 0.0171598
29 0.4029457 0.6904075 0.0261922 0.0171597
17 0.6696301 0.6904075 0.0261922 0.0171597
27 0.4696168 0.7521825 0.0261922 0.0171598
9 0.6696301 0.6286325 0.0261922 0.0171598
11 0.7363012 0.7521825 0.0261922 0.0171598
19 0.4696168 0.8139575 0.0261922 0.0171597
29 0.4029457 0.8139575 0.0261922 0.0171597
4 0.3362746 0.5668575 0.0261922 0.0171597
