3 0.5668488 0.6393682 0.0277404 0.0170973
29 0.4949759 0.5162676 0.0277404 0.0170973
32 0.4981283 0.4598464 0.5106755 0.4376912
6 0.6374607 0.3316166 0.0277404 0.0170973
22 0.2844011 0.3931669 0.0277404 0.0170973
34 0.5662183 0.4541473 0.0668291 0.0615503
8 0.5668488 0.4547172 0.0277404 0.0170974
3 0.7080727 0.4547172 0.0277405 0.0170974
1 0.2844011 0.5162676 0.0277404 0.0170973
9 0.5668488 0.5162676 0.0277404 0.0170973
30 0.7080727 0.5162676 0.0277405 0.0170973
14 0.2844011 0.5778179 0.0277404 0.0170973
5 0.3550130 0.5778179 0.0277404 0.0170973
11 0.3550130 0.6393682 0.0277404 0.0170973
18 0.4949759 0.6393682 0.0277404 0.0170973
17 0.7080727 0.6393682 0.0277405 0.0170973
28 0.4949759 0.3316166 0.0277404 0.0170973
26 0.2844011 0.4547172 0.0277404 0.0170974
22 0.4256250 0.3316166 0.0277404 0.0170973
21 0.3550130 0.5162676 0.0277404 0.0170973
1 0.4256250 0.4547172 0.0277404 0.0170974
29 0.4256250 0.6393682 0.0277404 0.0170973
19 0.5668488 0.5778179 0.0277404 0.0170973
17 0.2844011 0.3316166 0.0277404 0.0170973
2 0.5668488 0.3931669 0.0277404 0.0170973
24 0.6374607 0.5778179 0.0277404 0.0170973
20 0.7080727 0.3931669 0.0277405 0.0170973
4 0.4949759 0.5778179 0.0277404 0.0170973
4 0.4949759 0.4547172 0.0277404 0.0170974
1 0.4256250 0.3931669 0.0277404 0.0170973
29 0.4256250 0.5162676 0.0277404 0.0170973
20 0.4949759 0.3931669 0.0277404 0.0170973
25 0.6374607 0.4547172 0.0277404 0.0170974
13 0.3550130 0.3931669 0.0277404 0.0170973
20 0.6374607 0.6393682 0.0277404 0.0170973
25 0.6374607 0.5162676 0.0277404 0.0170973
3 0.5668488 0.3316166 0.0277404 0.0170973
14 0.3550130 0.3316166 0.0277404 0.0170973
20 0.7080727 0.3316166 0.0277405 0.0170973
20 0.3550130 0.4547172 0.0277404 0.0170974
14 0.4256250 0.5778179 0.0277404 0.0170973
8 0.6374607 0.3931669 0.0277404 0.0170973
16 0.7080727 0.5778179 0.0277405 0.0170973
17 0.2844011 0.6393682 0.0277404 0.0170973
