9 0.4623406 0.5250001 0.0282584 0.0168867
1 0.6794165 0.7681698 0.0282584 0.0168868
32 0.4655518 0.5908586 0.5202114 0.4323017
17 0.5355556 0.4642077 0.0282584 0.0168868
14 0.6794165 0.4642077 0.0282584 0.0168868
18 0.3197641 0.5250001 0.0282584 0.0168867
30 0.3916946 0.5250001 0.0282584 0.0168867
9 0.5355556 0.5250001 0.0282584 0.0168867
2 0.5355556 0.5857925 0.0282584 0.0168867
34 0.5349133 0.6460221 0.0680770 0.0607924
16 0.5355556 0.6465849 0.0282584 0.0168868
13 0.6794165 0.6465849 0.0282584 0.0168868
24 0.3197641 0.7681698 0.0282584 0.0168868
20 0.3916946 0.7681698 0.0282584 0.0168868
21 0.4623406 0.7681698 0.0282584 0.0168868
26 0.6074860 0.7681698 0.0282584 0.0168868
18 0.2478337 0.4642077 0.0282584 0.0168868
15 0.6074860 0.4642077 0.0282584 0.0168868
1 0.3916946 0.5857925 0.0282584 0.0168867
1 0.5355556 0.7073774 0.0282584 0.0168868
30 0.4623406 0.5857925 0.0282584 0.0168867
12 0.3197641 0.6465849 0.0282584 0.0168868
9 0.3197641 0.7073774 0.0282584 0.0168868
18 0.2478337 0.5857925 0.0282584 0.0168867
11 0.5355556 0.7681698 0.0282584 0.0168868
2 0.3197641 0.4642077 0.0282584 0.0168868
12 0.3197641 0.5857925 0.0282584 0.0168867
7 0.2478337 0.7681698 0.0282584 0.0168868
11 0.3916946 0.7073774 0.0282584 0.0168868
12 0.6074860 0.7073774 0.0282584 0.0168868
25 0.6074860 0.5857925 0.0282584 0.0168867
14 0.2478337 0.5250001 0.0282584 0.0168867
30 0.4623406 0.7073774 0.0282584 0.0168868
16 0.2478337 0.7073774 0.0282584 0.0168868
28 0.3916946 0.4642077 0.0282584 0.0168868
29 0.3916946 0.6465849 0.0282584 0.0168868
29 0.6794165 0.7073774 0.0282584 0.0168868
7 0.6794165 0.5250001 0.0282584 0.0168867
10 0.2478337 0.6465849 0.0282584 0.0168868
14 0.6794165 0.5857925 0.0282584 0.0168867
13 0.4623406 0.6465849 0.0282584 0.0168868
11 0.4623406 0.4642077 0.0282584 0.0168868
24 0.6074860 0.6465849 0.0282584 0.0168868
29 0.6074860 0.5250001 0.0282584 0.0168867
