17 0.6711992 0.4750703 0.0276270 0.0169673
14 0.3899062 0.4750703 0.0276270 0.0169673
32 0.6027596 0.5412429 0.5085879 0.4343640
21 0.4602294 0.4139878 0.0276270 0.0169673
29 0.8118457 0.4750703 0.0276270 0.0169673
8 0.4602294 0.5361527 0.0276270 0.0169673
6 0.5305527 0.5361527 0.0276270 0.0169673
5 0.5996201 0.5361527 0.0276270 0.0169673
7 0.3899062 0.5972352 0.0276270 0.0169674
33 0.5305527 0.5966696 0.0653002 0.0610825
26 0.5305527 0.5972352 0.0276270 0.0169674
3 0.6711992 0.6583176 0.0276270 0.0169674
25 0.8118457 0.6583176 0.0276270 0.0169674
12 0.4602294 0.7194000 0.0276270 0.0169674
23 0.5305527 0.7194000 0.0276270 0.0169674
4 0.5996201 0.7194000 0.0276270 0.0169674
21 0.5305527 0.4750703 0.0276270 0.0169673
11 0.7415224 0.5972352 0.0276270 0.0169674
21 0.5996201 0.6583176 0.0276270 0.0169674
5 0.8118457 0.4139878 0.0276270 0.0169673
17 0.5996201 0.5972352 0.0276270 0.0169674
9 0.7415224 0.7194000 0.0276270 0.0169674
14 0.6711992 0.5361527 0.0276270 0.0169673
4 0.3899062 0.6583176 0.0276270 0.0169674
8 0.3899062 0.7194000 0.0276270 0.0169674
22 0.8118457 0.5972352 0.0276270 0.0169674
18 0.7415224 0.6583176 0.0276270 0.0169674
13 0.7415224 0.4750703 0.0276270 0.0169673
29 0.4602294 0.6583176 0.0276270 0.0169674
18 0.5305527 0.6583176 0.0276270 0.0169674
3 0.6711992 0.4139878 0.0276270 0.0169673
7 0.5305527 0.4139878 0.0276270 0.0169673
25 0.7415224 0.4139878 0.0276270 0.0169673
8 0.5996201 0.4139878 0.0276270 0.0169673
12 0.8118457 0.5361527 0.0276270 0.0169673
18 0.4602294 0.5972352 0.0276270 0.0169674
20 0.8118457 0.7194000 0.0276270 0.0169674
31 0.3899062 0.5361527 0.0276270 0.0169673
18 0.7415224 0.5361527 0.0276270 0.0169673
9 0.4602294 0.4750703 0.0276270 0.0169673
27 0.6711992 0.5972352 0.0276270 0.0169674
12 0.3899062 0.4139878 0.0276270 0.0169673
31 0.5996201 0.4750703 0.0276270 0.0169673
7 0.6711992 0.7194000 0.0276270 0.0169674
