13 0.3006688 0.2670560 0.0261365 0.0159405
22 0.2353275 0.3818276 0.0261366 0.0159406
32 0.3036389 0.3866097 0.4811499 0.4080767
19 0.1022687 0.2670560 0.0261365 0.0159405
33 0.3677922 0.2665247 0.0629653 0.0573858
23 0.3683862 0.2670560 0.0261366 0.0159405
20 0.1687981 0.3244418 0.0261365 0.0159405
31 0.2353275 0.3244418 0.0261366 0.0159405
15 0.3683862 0.3244418 0.0261366 0.0159405
5 0.2353275 0.4392133 0.0261366 0.0159405
30 0.4349156 0.4392133 0.0261366 0.0159405
18 0.5014450 0.4392133 0.0261366 0.0159405
17 0.1022687 0.4965991 0.0261365 0.0159405
10 0.1687981 0.5539849 0.0261365 0.0159405
26 0.3006688 0.5539849 0.0261365 0.0159405
16 0.4349156 0.5539849 0.0261366 0.0159405
6 0.3006688 0.4392133 0.0261365 0.0159405
15 0.3006688 0.4965991 0.0261365 0.0159405
3 0.3683862 0.4392133 0.0261366 0.0159405
9 0.1687981 0.4965991 0.0261365 0.0159405
28 0.3006688 0.3244418 0.0261365 0.0159405
29 0.2353275 0.2670560 0.0261366 0.0159405
15 0.5014450 0.2670560 0.0261366 0.0159405
15 0.2353275 0.4965991 0.0261366 0.0159405
22 0.1687981 0.3818276 0.0261365 0.0159406
30 0.5014450 0.3244418 0.0261366 0.0159405
11 0.4349156 0.3244418 0.0261366 0.0159405
18 0.5014450 0.5539849 0.0261366 0.0159405
7 0.3006688 0.3818276 0.0261365 0.0159406
22 0.1022687 0.5539849 0.0261365 0.0159405
2 0.4349156 0.2670560 0.0261366 0.0159405
26 0.3683862 0.5539849 0.0261366 0.0159405
31 0.1022687 0.3818276 0.0261365 0.0159406
10 0.4349156 0.3818276 0.0261366 0.0159406
4 0.1687981 0.2670560 0.0261365 0.0159405
2 0.4349156 0.4965991 0.0261366 0.0159405
5 0.1022687 0.4392133 0.0261365 0.0159405
20 0.3683862 0.4965991 0.0261366 0.0159405
21 0.1687981 0.4392133 0.0261365 0.0159405
18 0.5014450 0.3818276 0.0261366 0.0159406
10 0.3683862 0.3818276 0.0261366 0.0159406
10 0.5014450 0.4965991 0.0261366 0.0159405
31 0.2353275 0.5539849 0.0261366 0.0159405
19 0.1022687 0.3244418 0.0261365 0.0159405
