1 0.4149157 0.4761819 0.0276279 0.0169803
7 0.5555666 0.4150529 0.0276278 0.0169803
32 0.6277757 0.4812760 0.5086035 0.4346951
33 0.6955896 0.3533579 0.0665580 0.0611290
7 0.6962174 0.3539240 0.0276279 0.0169803
23 0.4149157 0.4150529 0.0276279 0.0169803
29 0.4852412 0.4150529 0.0276279 0.0169803
10 0.6246362 0.4150529 0.0276278 0.0169803
13 0.7665428 0.4150529 0.0276279 0.0169803
16 0.6246362 0.4761819 0.0276278 0.0169803
24 0.7665428 0.4761819 0.0276279 0.0169803
9 0.4149157 0.5373109 0.0276279 0.0169803
27 0.6962174 0.5373109 0.0276279 0.0169803
8 0.8368683 0.5373109 0.0276279 0.0169803
25 0.4852412 0.5984399 0.0276279 0.0169803
11 0.5555666 0.6595690 0.0276278 0.0169803
19 0.4852412 0.4761819 0.0276279 0.0169803
7 0.8368683 0.6595690 0.0276279 0.0169803
28 0.4149157 0.3539240 0.0276279 0.0169803
10 0.6246362 0.5984399 0.0276278 0.0169803
24 0.6962174 0.4761819 0.0276279 0.0169803
3 0.4852412 0.6595690 0.0276279 0.0169803
9 0.5555666 0.5984399 0.0276278 0.0169803
24 0.6246362 0.6595690 0.0276278 0.0169803
8 0.8368683 0.5984399 0.0276279 0.0169803
4 0.6962174 0.5984399 0.0276279 0.0169803
28 0.7665428 0.3539240 0.0276279 0.0169803
10 0.4852412 0.5373109 0.0276279 0.0169803
25 0.7665428 0.6595690 0.0276279 0.0169803
9 0.7665428 0.5373109 0.0276279 0.0169803
8 0.8368683 0.3539240 0.0276279 0.0169803
15 0.8368683 0.4761819 0.0276279 0.0169803
28 0.7665428 0.5984399 0.0276279 0.0169803
31 0.6246362 0.5373109 0.0276278 0.0169803
26 0.5555666 0.3539240 0.0276278 0.0169803
28 0.5555666 0.4761819 0.0276278 0.0169803
28 0.4149157 0.6595690 0.0276279 0.0169803
4 0.4149157 0.5984399 0.0276279 0.0169803
1 0.4852412 0.3539240 0.0276279 0.0169803
18 0.6246362 0.3539240 0.0276278 0.0169803
30 0.6962174 0.4150529 0.0276279 0.0169803
31 0.6962174 0.6595690 0.0276279 0.0169803
30 0.8368683 0.4150529 0.0276279 0.0169803
14 0.5555666 0.5373109 0.0276278 0.0169803
