13 0.4033237 0.4792205 0.0277103 0.0166874
8 0.5456542 0.4792205 0.0277104 0.0166874
32 0.4064726 0.3640770 0.5101225 0.4271990
23 0.1929769 0.2389211 0.0277104 0.0166875
34 0.3340478 0.2383648 0.0654972 0.0600749
5 0.3340478 0.2389211 0.0277103 0.0166875
27 0.4033237 0.2389211 0.0277103 0.0166875
16 0.4751188 0.2389211 0.0277103 0.0166875
19 0.4033237 0.2989960 0.0277103 0.0166875
30 0.3340478 0.3590708 0.0277103 0.0166875
29 0.4033237 0.3590708 0.0277103 0.0166875
18 0.1929769 0.4191457 0.0277104 0.0166875
17 0.2635123 0.5392954 0.0277104 0.0166874
22 0.3340478 0.5392954 0.0277103 0.0166874
26 0.4751188 0.5392954 0.0277103 0.0166874
21 0.5456542 0.5392954 0.0277104 0.0166874
28 0.1929769 0.2989960 0.0277104 0.0166875
6 0.6161897 0.5392954 0.0277103 0.0166874
28 0.5456542 0.2989960 0.0277104 0.0166875
31 0.5456542 0.4191457 0.0277104 0.0166875
18 0.6161897 0.4191457 0.0277103 0.0166875
5 0.6161897 0.2989960 0.0277103 0.0166875
8 0.2635123 0.2989960 0.0277104 0.0166875
21 0.6161897 0.2389211 0.0277103 0.0166875
19 0.6161897 0.4792205 0.0277103 0.0166874
14 0.3340478 0.2989960 0.0277103 0.0166875
9 0.1929769 0.3590708 0.0277104 0.0166875
3 0.1929769 0.5392954 0.0277104 0.0166874
21 0.1929769 0.4792205 0.0277104 0.0166874
12 0.3340478 0.4191457 0.0277103 0.0166875
20 0.4751188 0.2989960 0.0277103 0.0166875
28 0.5456542 0.2389211 0.0277104 0.0166875
11 0.2635123 0.4191457 0.0277104 0.0166875
19 0.5456542 0.3590708 0.0277104 0.0166875
26 0.4033237 0.4191457 0.0277103 0.0166875
14 0.2635123 0.3590708 0.0277104 0.0166875
8 0.4751188 0.4191457 0.0277103 0.0166875
24 0.6161897 0.3590708 0.0277103 0.0166875
14 0.4751188 0.3590708 0.0277103 0.0166875
7 0.2635123 0.2389211 0.0277104 0.0166875
16 0.4033237 0.5392954 0.0277103 0.0166874
27 0.4751188 0.4792205 0.0277103 0.0166874
4 0.2635123 0.4792205 0.0277104 0.0166874
19 0.3340478 0.4792205 0.0277103 0.0166874
