31 0.2893050 0.3402713 0.0261680 0.0171006
5 0.4903233 0.5249570 0.0261681 0.0171006
32 0.2922787 0.4069633 0.4817302 0.4377736
25 0.4903233 0.2787093 0.0261681 0.0171005
19 0.4237137 0.3402713 0.0261681 0.0171006
18 0.4903233 0.3402713 0.0261681 0.0171006
3 0.1572753 0.4018332 0.0261681 0.0171006
22 0.2238849 0.4018332 0.0261681 0.0171006
17 0.2893050 0.4018332 0.0261680 0.0171006
15 0.4903233 0.4018332 0.0261681 0.0171006
31 0.3571041 0.4633951 0.0261681 0.0171005
30 0.1572753 0.5249570 0.0261681 0.0171006
34 0.1566805 0.5859489 0.0606623 0.0615620
22 0.1572753 0.5865190 0.0261681 0.0171005
16 0.3571041 0.5865190 0.0261681 0.0171005
20 0.4237137 0.5865190 0.0261681 0.0171005
17 0.2238849 0.2787093 0.0261681 0.0171005
26 0.2893050 0.5865190 0.0261680 0.0171005
5 0.1572753 0.4633951 0.0261681 0.0171005
29 0.4237137 0.4633951 0.0261681 0.0171005
7 0.4237137 0.2787093 0.0261681 0.0171005
10 0.4903233 0.4633951 0.0261681 0.0171005
21 0.2893050 0.5249570 0.0261680 0.0171006
27 0.4237137 0.4018332 0.0261681 0.0171006
22 0.4903233 0.5865190 0.0261681 0.0171005
17 0.0906657 0.5865190 0.0261681 0.0171005
31 0.3571041 0.5249570 0.0261681 0.0171006
20 0.2893050 0.2787093 0.0261680 0.0171005
5 0.2238849 0.4633951 0.0261681 0.0171005
27 0.1572753 0.3402713 0.0261681 0.0171006
30 0.0906657 0.4633951 0.0261681 0.0171005
15 0.0906657 0.2787093 0.0261681 0.0171005
21 0.2238849 0.5865190 0.0261681 0.0171005
7 0.3571041 0.4018332 0.0261681 0.0171006
9 0.2238849 0.3402713 0.0261681 0.0171006
6 0.2238849 0.5249570 0.0261681 0.0171006
19 0.3571041 0.3402713 0.0261681 0.0171006
14 0.0906657 0.5249570 0.0261681 0.0171006
20 0.4237137 0.5249570 0.0261681 0.0171006
11 0.0906657 0.3402713 0.0261681 0.0171006
14 0.1572753 0.2787093 0.0261681 0.0171005
7 0.0906657 0.4018332 0.0261681 0.0171006
30 0.2893050 0.4633951 0.0261680 0.0171005
10 0.3571041 0.2787093 0.0261681 0.0171005
