21 0.5631087 0.5890704 0.0273127 0.0161776
11 0.2850154 0.3561126 0.0273127 0.0161776
32 0.4259243 0.4774448 0.5028026 0.4141472
23 0.4228206 0.3561126 0.0273127 0.0161776
18 0.6326321 0.4143521 0.0273128 0.0161776
5 0.2154921 0.4725915 0.0273127 0.0161776
25 0.3545388 0.4725915 0.0273127 0.0161776
22 0.4228206 0.4725915 0.0273127 0.0161776
26 0.2154921 0.5308310 0.0273127 0.0161776
34 0.2843947 0.5302917 0.0633159 0.0582395
25 0.2850154 0.5308310 0.0273127 0.0161776
6 0.3545388 0.5308310 0.0273127 0.0161776
4 0.2154921 0.6473098 0.0273127 0.0161776
19 0.3545388 0.6473098 0.0273127 0.0161776
21 0.4228206 0.6473098 0.0273127 0.0161776
24 0.4935854 0.6473098 0.0273127 0.0161776
13 0.4228206 0.5308310 0.0273127 0.0161776
20 0.3545388 0.5890704 0.0273127 0.0161776
5 0.3545388 0.4143521 0.0273127 0.0161776
9 0.5631087 0.6473098 0.0273127 0.0161776
12 0.5631087 0.3561126 0.0273127 0.0161776
1 0.4935854 0.4725915 0.0273127 0.0161776
10 0.6326321 0.3561126 0.0273128 0.0161776
16 0.2850154 0.4143521 0.0273127 0.0161776
6 0.2850154 0.4725915 0.0273127 0.0161776
31 0.4228206 0.5890704 0.0273127 0.0161776
2 0.2850154 0.6473098 0.0273127 0.0161776
24 0.6326321 0.6473098 0.0273128 0.0161776
26 0.4228206 0.4143521 0.0273127 0.0161776
2 0.2850154 0.5890704 0.0273127 0.0161776
10 0.4935854 0.4143521 0.0273127 0.0161776
18 0.4935854 0.3561126 0.0273127 0.0161776
30 0.6326321 0.4725915 0.0273128 0.0161776
2 0.5631087 0.4725915 0.0273127 0.0161776
19 0.4935854 0.5890704 0.0273127 0.0161776
8 0.6326321 0.5308310 0.0273128 0.0161776
8 0.4935854 0.5308310 0.0273127 0.0161776
17 0.2154921 0.5890704 0.0273127 0.0161776
4 0.2154921 0.4143521 0.0273127 0.0161776
29 0.3545388 0.3561126 0.0273127 0.0161776
17 0.2154921 0.3561126 0.0273127 0.0161776
15 0.6326321 0.5890704 0.0273128 0.0161776
24 0.5631087 0.4143521 0.0273127 0.0161776
24 0.5631087 0.5308310 0.0273127 0.0161776
