16 0.2510844 0.4129074 0.0276197 0.0168412
14 0.3213892 0.4129074 0.0276197 0.0168412
32 0.4638817 0.3573314 0.5084536 0.4311349
33 0.4607431 0.2304610 0.0652829 0.0606283
13 0.4607431 0.2310224 0.0276197 0.0168412
2 0.6026080 0.2310224 0.0276197 0.0168412
29 0.6729127 0.2310224 0.0276198 0.0168412
24 0.2510844 0.2916507 0.0276197 0.0168412
26 0.5323033 0.2916507 0.0276197 0.0168412
22 0.6026080 0.2916507 0.0276197 0.0168412
18 0.3916938 0.4129074 0.0276197 0.0168412
31 0.2510844 0.4735357 0.0276197 0.0168412
21 0.6026080 0.4735357 0.0276197 0.0168412
12 0.2510844 0.5341640 0.0276197 0.0168412
15 0.5323033 0.5341640 0.0276197 0.0168412
25 0.6729127 0.5341640 0.0276198 0.0168412
27 0.4607431 0.5341640 0.0276197 0.0168412
8 0.3213892 0.4735357 0.0276197 0.0168412
30 0.4607431 0.3522790 0.0276197 0.0168412
26 0.3916938 0.5341640 0.0276197 0.0168412
16 0.6729127 0.2916507 0.0276198 0.0168412
25 0.6026080 0.5341640 0.0276197 0.0168412
29 0.4607431 0.4735357 0.0276197 0.0168412
14 0.3916938 0.4735357 0.0276197 0.0168412
3 0.3213892 0.2310224 0.0276197 0.0168412
30 0.6729127 0.3522790 0.0276198 0.0168412
2 0.6026080 0.3522790 0.0276197 0.0168412
2 0.5323033 0.3522790 0.0276197 0.0168412
11 0.6729127 0.4735357 0.0276198 0.0168412
24 0.3213892 0.5341640 0.0276197 0.0168412
29 0.3213892 0.3522790 0.0276197 0.0168412
14 0.6026080 0.4129074 0.0276197 0.0168412
12 0.5323033 0.4129074 0.0276197 0.0168412
10 0.2510844 0.2310224 0.0276197 0.0168412
15 0.2510844 0.3522790 0.0276197 0.0168412
29 0.5323033 0.2310224 0.0276197 0.0168412
5 0.3916938 0.2310224 0.0276197 0.0168412
28 0.4607431 0.2916507 0.0276197 0.0168412
12 0.5323033 0.4735357 0.0276197 0.0168412
4 0.6729127 0.4129074 0.0276198 0.0168412
30 0.4607431 0.4129074 0.0276197 0.0168412
9 0.3916938 0.3522790 0.0276197 0.0168412
17 0.3916938 0.2916507 0.0276197 0.0168412
15 0.3213892 0.2916507 0.0276197 0.0168412
