20 0.5613548 0.4825605 0.0281114 0.0168863
10 0.3466859 0.4825605 0.0281114 0.0168863
32 0.4917152 0.4876263 0.5175054 0.4322869
20 0.6329111 0.3609798 0.0281114 0.0168862
13 0.2751296 0.4217701 0.0281114 0.0168862
11 0.4182422 0.4217701 0.0281114 0.0168862
24 0.7044675 0.4217701 0.0281114 0.0168862
8 0.2751296 0.4825605 0.0281114 0.0168863
17 0.6329111 0.4825605 0.0281114 0.0168863
27 0.5613548 0.5433508 0.0281114 0.0168863
9 0.6329111 0.5433508 0.0281114 0.0168863
16 0.7044675 0.5433508 0.0281114 0.0168863
3 0.6329111 0.6041412 0.0281114 0.0168862
33 0.6322723 0.6643686 0.0651674 0.0607904
26 0.6329111 0.6649315 0.0281114 0.0168862
23 0.7044675 0.6649315 0.0281114 0.0168862
5 0.3466859 0.4217701 0.0281114 0.0168862
17 0.4885207 0.3609798 0.0281114 0.0168862
11 0.4182422 0.4825605 0.0281114 0.0168863
5 0.6329111 0.4217701 0.0281114 0.0168862
12 0.5613548 0.6649315 0.0281114 0.0168862
25 0.4885207 0.6041412 0.0281114 0.0168862
20 0.7044675 0.4825605 0.0281114 0.0168863
18 0.4885207 0.6649315 0.0281114 0.0168862
12 0.5613548 0.4217701 0.0281114 0.0168862
25 0.2751296 0.6041412 0.0281114 0.0168862
8 0.5613548 0.3609798 0.0281114 0.0168862
13 0.3466859 0.6041412 0.0281114 0.0168862
8 0.2751296 0.6649315 0.0281114 0.0168862
8 0.4182422 0.5433508 0.0281114 0.0168863
28 0.4182422 0.6041412 0.0281114 0.0168862
3 0.7044675 0.6041412 0.0281114 0.0168862
31 0.4885207 0.5433508 0.0281114 0.0168863
22 0.3466859 0.5433508 0.0281114 0.0168863
1 0.5613548 0.6041412 0.0281114 0.0168862
31 0.4885207 0.4825605 0.0281114 0.0168863
18 0.3466859 0.6649315 0.0281114 0.0168862
10 0.4182422 0.3609798 0.0281114 0.0168862
6 0.4182422 0.6649315 0.0281114 0.0168862
30 0.7044675 0.3609798 0.0281114 0.0168862
6 0.4885207 0.4217701 0.0281114 0.0168862
9 0.2751296 0.3609798 0.0281114 0.0168862
11 0.2751296 0.5433508 0.0281114 0.0168863
25 0.3466859 0.3609798 0.0281114 0.0168862
