6 0.0916254 0.4370507 0.0273872 0.0174441
16 0.1613382 0.5626480 0.0273872 0.0174441
32 0.3026311 0.4422839 0.5041727 0.4465681
16 0.0916254 0.3114535 0.0273872 0.0174441
7 0.2310510 0.3742521 0.0273872 0.0174441
2 0.3704766 0.3742521 0.0273872 0.0174441
31 0.1613382 0.4370507 0.0273872 0.0174441
4 0.2310510 0.4370507 0.0273872 0.0174441
24 0.4401893 0.4370507 0.0273872 0.0174441
18 0.5099021 0.4370507 0.0273872 0.0174441
25 0.0916254 0.4998493 0.0273872 0.0174441
10 0.4401893 0.5626480 0.0273872 0.0174441
17 0.0916254 0.6254466 0.0273872 0.0174441
34 0.1607158 0.6248652 0.0634884 0.0627986
27 0.1613382 0.6254466 0.0273872 0.0174441
3 0.3704766 0.6254466 0.0273872 0.0174441
4 0.3704766 0.3114535 0.0273872 0.0174441
14 0.2995189 0.4370507 0.0273872 0.0174441
9 0.1613382 0.3742521 0.0273872 0.0174441
10 0.3704766 0.4998493 0.0273872 0.0174441
15 0.5099021 0.3114535 0.0273872 0.0174441
2 0.5099021 0.4998493 0.0273872 0.0174441
8 0.2995189 0.5626480 0.0273872 0.0174441
1 0.4401893 0.3114535 0.0273872 0.0174441
5 0.5099021 0.5626480 0.0273872 0.0174441
29 0.2995189 0.4998493 0.0273872 0.0174441
24 0.4401893 0.4998493 0.0273872 0.0174441
17 0.1613382 0.4998493 0.0273872 0.0174441
11 0.4401893 0.6254466 0.0273872 0.0174441
3 0.2995189 0.3114535 0.0273872 0.0174441
26 0.2995189 0.3742521 0.0273872 0.0174441
1 0.0916254 0.3742521 0.0273872 0.0174441
13 0.3704766 0.5626480 0.0273872 0.0174441
28 0.5099021 0.3742521 0.0273872 0.0174441
13 0.2310510 0.3114535 0.0273872 0.0174441
10 0.1613382 0.3114535 0.0273872 0.0174441
9 0.4401893 0.3742521 0.0273872 0.0174441
22 0.2310510 0.4998493 0.0273872 0.0174441
30 0.5099021 0.6254466 0.0273872 0.0174441
14 0.2995189 0.6254466 0.0273872 0.0174441
31 0.0916254 0.5626480 0.0273872 0.0174441
28 0.2310510 0.6254466 0.0273872 0.0174441
30 0.3704766 0.4370507 0.0273872 0.0174441
20 0.2310510 0.5626480 0.0273872 0.0174441
