15 0.3882999 0.6011601 0.0274370 0.0167495
16 0.6676588 0.4805636 0.0274371 0.0167495
32 0.5996898 0.6061850 0.5050909 0.4287876
20 0.8073383 0.5408619 0.0274370 0.0167495
33 0.8073383 0.6006018 0.0648512 0.0602983
9 0.8073383 0.6011601 0.0274370 0.0167495
16 0.3882999 0.6614584 0.0274370 0.0167495
25 0.8073383 0.6614584 0.0274370 0.0167495
13 0.3882999 0.7217567 0.0274370 0.0167495
23 0.4581396 0.7217567 0.0274371 0.0167495
27 0.6676588 0.7217567 0.0274371 0.0167495
3 0.3882999 0.7820550 0.0274370 0.0167495
26 0.4581396 0.7820550 0.0274371 0.0167495
11 0.5965720 0.7820550 0.0274370 0.0167495
29 0.6676588 0.7820550 0.0274371 0.0167495
31 0.8073383 0.7820550 0.0274370 0.0167495
1 0.5965720 0.4805636 0.0274370 0.0167495
26 0.7374986 0.6614584 0.0274371 0.0167495
31 0.4581396 0.6011601 0.0274371 0.0167495
2 0.5279794 0.7217567 0.0274370 0.0167495
10 0.6676588 0.6011601 0.0274371 0.0167495
8 0.7374986 0.7820550 0.0274371 0.0167495
1 0.5965720 0.7217567 0.0274370 0.0167495
3 0.7374986 0.7217567 0.0274371 0.0167495
15 0.4581396 0.6614584 0.0274371 0.0167495
6 0.6676588 0.6614584 0.0274371 0.0167495
18 0.4581396 0.5408619 0.0274371 0.0167495
30 0.3882999 0.4805636 0.0274370 0.0167495
11 0.5279794 0.4805636 0.0274370 0.0167495
12 0.5279794 0.7820550 0.0274370 0.0167495
19 0.8073383 0.4805636 0.0274370 0.0167495
2 0.7374986 0.4805636 0.0274371 0.0167495
17 0.7374986 0.6011601 0.0274371 0.0167495
17 0.4581396 0.4805636 0.0274371 0.0167495
3 0.5279794 0.6614584 0.0274370 0.0167495
7 0.6676588 0.5408619 0.0274371 0.0167495
4 0.5279794 0.5408619 0.0274370 0.0167495
24 0.5279794 0.6011601 0.0274370 0.0167495
3 0.8073383 0.7217567 0.0274370 0.0167495
14 0.3882999 0.5408619 0.0274370 0.0167495
12 0.7374986 0.5408619 0.0274371 0.0167495
8 0.5965720 0.6614584 0.0274370 0.0167495
15 0.5965720 0.5408619 0.0274370 0.0167495
27 0.5965720 0.6011601 0.0274370 0.0167495
