3 0.4578709 0.2778130 0.0278870 0.0159585
26 0.7418117 0.5650668 0.0278870 0.0159585
32 0.6017427 0.3975021 0.5133751 0.4085387
14 0.8127969 0.2778130 0.0278870 0.0159585
12 0.4578709 0.3352637 0.0278870 0.0159586
16 0.8127969 0.3352637 0.0278870 0.0159586
3 0.3868857 0.3927145 0.0278870 0.0159585
11 0.4578709 0.3927145 0.0278870 0.0159585
27 0.5985737 0.3927145 0.0278870 0.0159585
19 0.7418117 0.3927145 0.0278870 0.0159585
13 0.5985737 0.4501653 0.0278870 0.0159585
15 0.7418117 0.4501653 0.0278870 0.0159585
24 0.3868857 0.5076160 0.0278870 0.0159585
1 0.5985737 0.5076160 0.0278870 0.0159585
33 0.4572371 0.5645348 0.0646472 0.0574508
22 0.4578709 0.5650668 0.0278870 0.0159585
13 0.6708265 0.5076160 0.0278871 0.0159585
14 0.8127969 0.5650668 0.0278870 0.0159585
13 0.7418117 0.2778130 0.0278870 0.0159585
21 0.6708265 0.3927145 0.0278871 0.0159585
21 0.3868857 0.5650668 0.0278870 0.0159585
18 0.3868857 0.2778130 0.0278870 0.0159585
24 0.6708265 0.2778130 0.0278871 0.0159585
15 0.8127969 0.3927145 0.0278870 0.0159585
3 0.5985737 0.5650668 0.0278870 0.0159585
14 0.7418117 0.3352637 0.0278870 0.0159586
27 0.5288561 0.4501653 0.0278870 0.0159585
22 0.5288561 0.2778130 0.0278870 0.0159585
22 0.4578709 0.5076160 0.0278870 0.0159585
29 0.4578709 0.4501653 0.0278870 0.0159585
6 0.5288561 0.3927145 0.0278870 0.0159585
2 0.8127969 0.5076160 0.0278870 0.0159585
28 0.5288561 0.3352637 0.0278870 0.0159586
12 0.3868857 0.3352637 0.0278870 0.0159586
14 0.3868857 0.4501653 0.0278870 0.0159585
4 0.8127969 0.4501653 0.0278870 0.0159585
18 0.5985737 0.2778130 0.0278870 0.0159585
25 0.5288561 0.5650668 0.0278870 0.0159585
8 0.6708265 0.5650668 0.0278871 0.0159585
20 0.5288561 0.5076160 0.0278870 0.0159585
4 0.5985737 0.3352637 0.0278870 0.0159586
26 0.6708265 0.3352637 0.0278871 0.0159586
22 0.6708265 0.4501653 0.0278871 0.0159585
5 0.7418117 0.5076160 0.0278870 0.0159585
