5 0.1927652 0.7079890 0.0278643 0.0170132
19 0.4764741 0.7079890 0.0278643 0.0170132
32 0.3365195 0.5905977 0.5129559 0.4355384
15 0.1218379 0.4629986 0.0278643 0.0170132
30 0.3333531 0.5242462 0.0278643 0.0170132
3 0.4764741 0.5242462 0.0278643 0.0170132
12 0.2636924 0.5854938 0.0278643 0.0170132
29 0.4055469 0.5854938 0.0278643 0.0170132
26 0.5474014 0.5854938 0.0278643 0.0170132
9 0.1927652 0.6467414 0.0278643 0.0170132
5 0.3333531 0.6467414 0.0278643 0.0170132
34 0.2636924 0.7074219 0.0658610 0.0612476
23 0.2636924 0.7079890 0.0278643 0.0170132
18 0.3333531 0.7079890 0.0278643 0.0170132
25 0.1218379 0.7692366 0.0278643 0.0170132
6 0.4764741 0.7692366 0.0278643 0.0170132
29 0.4055469 0.6467414 0.0278643 0.0170132
25 0.1927652 0.5242462 0.0278643 0.0170132
21 0.5474014 0.6467414 0.0278643 0.0170132
1 0.4055469 0.7079890 0.0278643 0.0170132
31 0.2636924 0.7692366 0.0278643 0.0170132
17 0.1218379 0.5242462 0.0278643 0.0170132
7 0.1218379 0.7079890 0.0278643 0.0170132
24 0.4764741 0.4629986 0.0278643 0.0170132
17 0.1218379 0.6467414 0.0278643 0.0170132
14 0.1927652 0.4629986 0.0278643 0.0170132
10 0.2636924 0.4629986 0.0278643 0.0170132
22 0.2636924 0.5242462 0.0278643 0.0170132
29 0.4764741 0.5854938 0.0278643 0.0170132
28 0.1218379 0.5854938 0.0278643 0.0170132
8 0.3333531 0.7692366 0.0278643 0.0170132
12 0.4055469 0.7692366 0.0278643 0.0170132
4 0.5474014 0.4629986 0.0278643 0.0170132
30 0.4764741 0.6467414 0.0278643 0.0170132
3 0.5474014 0.5242462 0.0278643 0.0170132
18 0.1927652 0.5854938 0.0278643 0.0170132
14 0.3333531 0.4629986 0.0278643 0.0170132
9 0.4055469 0.5242462 0.0278643 0.0170132
6 0.4055469 0.4629986 0.0278643 0.0170132
11 0.1927652 0.7692366 0.0278643 0.0170132
2 0.5474014 0.7079890 0.0278643 0.0170132
11 0.5474014 0.7692366 0.0278643 0.0170132
8 0.2636924 0.6467414 0.0278643 0.0170132
12 0.3333531 0.5854938 0.0278643 0.0170132
