9 0.3433349 0.5220367 0.0261992 0.0174011
10 0.4100238 0.5220367 0.0261992 0.0174011
32 0.4784990 0.4646129 0.4823037 0.4454700
12 0.2766460 0.3341041 0.0261992 0.0174012
8 0.4100238 0.3967483 0.0261992 0.0174011
18 0.6100906 0.3967483 0.0261992 0.0174011
5 0.3433349 0.4593925 0.0261992 0.0174012
26 0.4100238 0.4593925 0.0261992 0.0174012
22 0.6100906 0.4593925 0.0261992 0.0174012
25 0.6767795 0.4593925 0.0261993 0.0174012
33 0.2766460 0.5841009 0.0619254 0.0626442
30 0.2766460 0.5846810 0.0261992 0.0174012
27 0.6100906 0.5846810 0.0261992 0.0174012
2 0.6767795 0.5846810 0.0261993 0.0174012
31 0.3433349 0.6473252 0.0261992 0.0174012
17 0.4755219 0.6473252 0.0261992 0.0174012
2 0.6767795 0.3967483 0.0261993 0.0174011
1 0.6100906 0.6473252 0.0261992 0.0174012
5 0.5434016 0.5220367 0.0261992 0.0174011
12 0.4100238 0.3341041 0.0261992 0.0174012
20 0.4755219 0.5846810 0.0261992 0.0174012
24 0.4100238 0.6473252 0.0261992 0.0174012
20 0.4755219 0.3967483 0.0261992 0.0174011
4 0.2766460 0.4593925 0.0261992 0.0174012
3 0.4100238 0.5846810 0.0261992 0.0174012
17 0.4755219 0.4593925 0.0261992 0.0174012
16 0.5434016 0.3967483 0.0261992 0.0174011
31 0.4755219 0.5220367 0.0261992 0.0174011
13 0.2766460 0.6473252 0.0261992 0.0174012
10 0.3433349 0.3967483 0.0261992 0.0174011
22 0.6767795 0.3341041 0.0261993 0.0174012
20 0.4755219 0.3341041 0.0261992 0.0174012
7 0.5434016 0.4593925 0.0261992 0.0174012
14 0.2766460 0.3967483 0.0261992 0.0174011
22 0.6100906 0.3341041 0.0261992 0.0174012
25 0.3433349 0.5846810 0.0261992 0.0174012
24 0.5434016 0.3341041 0.0261992 0.0174012
6 0.6100906 0.5220367 0.0261992 0.0174011
26 0.6767795 0.6473252 0.0261993 0.0174012
29 0.5434016 0.6473252 0.0261992 0.0174012
12 0.6767795 0.5220367 0.0261993 0.0174011
6 0.2766460 0.5220367 0.0261992 0.0174011
29 0.5434016 0.5846810 0.0261992 0.0174012
27 0.3433349 0.3341041 0.0261992 0.0174012
