22 0.5779042 0.7136509 0.0286932 0.0166015
29 0.2857554 0.6538854 0.0286932 0.0166015
32 0.3607490 0.5991005 0.5282154 0.4249984
22 0.3574884 0.4745892 0.0286932 0.0166015
11 0.1396810 0.5343546 0.0286932 0.0166015
31 0.2127182 0.5941200 0.0286932 0.0166015
15 0.2857554 0.5941200 0.0286932 0.0166015
21 0.3574884 0.5941200 0.0286932 0.0166015
20 0.5048670 0.5941200 0.0286932 0.0166015
13 0.2127182 0.6538854 0.0286932 0.0166015
23 0.2127182 0.7136509 0.0286932 0.0166015
10 0.4318298 0.7136509 0.0286932 0.0166015
34 0.5042149 0.7130975 0.0665160 0.0597654
23 0.5048670 0.7136509 0.0286932 0.0166015
3 0.4318298 0.7734162 0.0286932 0.0166015
5 0.5779042 0.7734162 0.0286932 0.0166015
29 0.4318298 0.4745892 0.0286932 0.0166015
19 0.3574884 0.5343546 0.0286932 0.0166015
17 0.2857554 0.5343546 0.0286932 0.0166015
16 0.5048670 0.5343546 0.0286932 0.0166015
14 0.1396810 0.7734162 0.0286932 0.0166015
2 0.5779042 0.5343546 0.0286932 0.0166015
5 0.3574884 0.7136509 0.0286932 0.0166015
6 0.5779042 0.5941200 0.0286932 0.0166015
19 0.1396810 0.6538854 0.0286932 0.0166015
13 0.1396810 0.4745892 0.0286932 0.0166015
28 0.2857554 0.4745892 0.0286932 0.0166015
31 0.3574884 0.7734162 0.0286932 0.0166015
14 0.4318298 0.5941200 0.0286932 0.0166015
21 0.4318298 0.5343546 0.0286932 0.0166015
15 0.5779042 0.6538854 0.0286932 0.0166015
17 0.5779042 0.4745892 0.0286932 0.0166015
9 0.2127182 0.4745892 0.0286932 0.0166015
27 0.1396810 0.5941200 0.0286932 0.0166015
14 0.2857554 0.7734162 0.0286932 0.0166015
11 0.2127182 0.7734162 0.0286932 0.0166015
18 0.5048670 0.7734162 0.0286932 0.0166015
4 0.5048670 0.4745892 0.0286932 0.0166015
9 0.3574884 0.6538854 0.0286932 0.0166015
6 0.4318298 0.6538854 0.0286932 0.0166015
26 0.5048670 0.6538854 0.0286932 0.0166015
12 0.2857554 0.7136509 0.0286932 0.0166015
7 0.2127182 0.5343546 0.0286932 0.0166015
1 0.1396810 0.7136509 0.0286932 0.0166015
