21 0.6894328 0.4056175 0.0280691 0.0171994
21 0.6167083 0.3436998 0.0280691 0.0171993
32 0.6198980 0.4726950 0.5167265 0.4403034
20 0.8323300 0.3436998 0.0280692 0.0171993
29 0.4750870 0.4056175 0.0280691 0.0171994
30 0.5465356 0.4056175 0.0280691 0.0171994
17 0.7608813 0.4056175 0.0280691 0.0171994
1 0.4750870 0.4675352 0.0280691 0.0171994
2 0.7608813 0.4675352 0.0280691 0.0171994
33 0.8323300 0.4669618 0.0663452 0.0619177
1 0.8323300 0.4675352 0.0280692 0.0171994
21 0.4750870 0.5294529 0.0280691 0.0171993
4 0.7608813 0.5294529 0.0280691 0.0171993
24 0.4750870 0.6532882 0.0280691 0.0171994
22 0.6894328 0.6532882 0.0280691 0.0171994
12 0.7608813 0.6532882 0.0280691 0.0171994
29 0.6894328 0.5294529 0.0280691 0.0171993
3 0.6167083 0.4675352 0.0280691 0.0171994
27 0.4036384 0.5294529 0.0280691 0.0171993
28 0.4750870 0.5913706 0.0280691 0.0171994
4 0.6167083 0.4056175 0.0280691 0.0171994
1 0.7608813 0.3436998 0.0280691 0.0171993
4 0.6894328 0.4675352 0.0280691 0.0171994
5 0.6894328 0.5913706 0.0280691 0.0171994
28 0.4036384 0.3436998 0.0280691 0.0171993
10 0.8323300 0.6532882 0.0280692 0.0171994
15 0.4036384 0.5913706 0.0280691 0.0171994
28 0.5465356 0.5294529 0.0280691 0.0171993
15 0.4036384 0.6532882 0.0280691 0.0171994
17 0.8323300 0.4056175 0.0280692 0.0171994
29 0.6894328 0.3436998 0.0280691 0.0171993
27 0.5465356 0.3436998 0.0280691 0.0171993
13 0.5465356 0.6532882 0.0280691 0.0171994
17 0.4036384 0.4675352 0.0280691 0.0171994
7 0.4750870 0.3436998 0.0280691 0.0171993
10 0.6167083 0.5913706 0.0280691 0.0171994
8 0.5465356 0.4675352 0.0280691 0.0171994
22 0.8323300 0.5294529 0.0280692 0.0171993
12 0.6167083 0.5294529 0.0280691 0.0171993
20 0.6167083 0.6532882 0.0280691 0.0171994
16 0.5465356 0.5913706 0.0280691 0.0171994
8 0.7608813 0.5913706 0.0280691 0.0171994
30 0.8323300 0.5913706 0.0280692 0.0171994
5 0.4036384 0.4056175 0.0280691 0.0171994
