17 0.2497383 0.6619059 0.0266867 0.0158601
14 0.5214578 0.6048096 0.0266867 0.0158601
32 0.3874176 0.4953748 0.4912786 0.4060186
14 0.3843851 0.3764241 0.0266867 0.0158601
34 0.5893877 0.3758954 0.0630777 0.0570964
16 0.5893877 0.3764241 0.0266867 0.0158601
11 0.1818084 0.4335204 0.0266867 0.0158601
8 0.3843851 0.4335204 0.0266867 0.0158601
29 0.1818084 0.4906168 0.0266867 0.0158601
1 0.2497383 0.4906168 0.0266867 0.0158601
31 0.5214578 0.4906168 0.0266867 0.0158601
26 0.1818084 0.5477132 0.0266867 0.0158601
15 0.3176682 0.5477132 0.0266867 0.0158601
3 0.1818084 0.6048096 0.0266867 0.0158601
7 0.2497383 0.6048096 0.0266867 0.0158601
21 0.3843851 0.6048096 0.0266867 0.0158601
13 0.5214578 0.6619059 0.0266867 0.0158601
12 0.5214578 0.3764241 0.0266867 0.0158601
14 0.3176682 0.3764241 0.0266867 0.0158601
20 0.3176682 0.6048096 0.0266867 0.0158601
4 0.3176682 0.4906168 0.0266867 0.0158601
22 0.5214578 0.4335204 0.0266867 0.0158601
5 0.2497383 0.4335204 0.0266867 0.0158601
17 0.4535280 0.5477132 0.0266867 0.0158601
19 0.5893877 0.6619059 0.0266867 0.0158601
8 0.2497383 0.3764241 0.0266867 0.0158601
25 0.1818084 0.3764241 0.0266867 0.0158601
31 0.4535280 0.4335204 0.0266867 0.0158601
16 0.5893877 0.6048096 0.0266867 0.0158601
21 0.5893877 0.5477132 0.0266867 0.0158601
8 0.3176682 0.6619059 0.0266867 0.0158601
11 0.5214578 0.5477132 0.0266867 0.0158601
12 0.4535280 0.4906168 0.0266867 0.0158601
30 0.1818084 0.6619059 0.0266867 0.0158601
10 0.2497383 0.5477132 0.0266867 0.0158601
19 0.3843851 0.6619059 0.0266867 0.0158601
10 0.4535280 0.6619059 0.0266867 0.0158601
13 0.5893877 0.4906168 0.0266867 0.0158601
26 0.3843851 0.5477132 0.0266867 0.0158601
18 0.3843851 0.4906168 0.0266867 0.0158601
2 0.3176682 0.4335204 0.0266867 0.0158601
11 0.4535280 0.3764241 0.0266867 0.0158601
6 0.4535280 0.6048096 0.0266867 0.0158601
21 0.5893877 0.4335204 0.0266867 0.0158601
