21 0.1578662 0.7565211 0.0269016 0.0164823
1 0.4317731 0.5191751 0.0269016 0.0164824
32 0.3651306 0.5834562 0.4952334 0.4219484
2 0.2948197 0.4598385 0.0269016 0.0164824
22 0.3620736 0.4598385 0.0269016 0.0164824
30 0.2263429 0.5191751 0.0269016 0.0164824
27 0.5002498 0.5191751 0.0269016 0.0164824
21 0.4317731 0.5785116 0.0269016 0.0164823
26 0.1578662 0.6378480 0.0269016 0.0164824
24 0.4317731 0.6378480 0.0269016 0.0164824
13 0.5002498 0.6378480 0.0269016 0.0164824
14 0.5687265 0.6378480 0.0269016 0.0164824
19 0.2263429 0.6971846 0.0269016 0.0164823
18 0.3620736 0.6971846 0.0269016 0.0164823
33 0.2948196 0.7559717 0.0635855 0.0593365
18 0.2948197 0.7565211 0.0269016 0.0164823
15 0.3620736 0.6378480 0.0269016 0.0164824
14 0.5687265 0.6971846 0.0269016 0.0164823
9 0.1578662 0.4598385 0.0269016 0.0164824
13 0.5687265 0.5785116 0.0269016 0.0164823
11 0.4317731 0.4598385 0.0269016 0.0164824
13 0.5002498 0.4598385 0.0269016 0.0164824
16 0.2948197 0.5785116 0.0269016 0.0164823
26 0.2263429 0.5785116 0.0269016 0.0164823
9 0.4317731 0.7565211 0.0269016 0.0164823
31 0.2263429 0.4598385 0.0269016 0.0164824
31 0.3620736 0.5785116 0.0269016 0.0164823
4 0.5002498 0.5785116 0.0269016 0.0164823
28 0.4317731 0.6971846 0.0269016 0.0164823
19 0.2948197 0.5191751 0.0269016 0.0164824
20 0.5002498 0.6971846 0.0269016 0.0164823
10 0.1578662 0.5785116 0.0269016 0.0164823
30 0.2263429 0.7565211 0.0269016 0.0164823
25 0.5687265 0.7565211 0.0269016 0.0164823
2 0.1578662 0.6971846 0.0269016 0.0164823
26 0.3620736 0.7565211 0.0269016 0.0164823
11 0.5687265 0.4598385 0.0269016 0.0164824
25 0.5687265 0.5191751 0.0269016 0.0164824
1 0.1578662 0.5191751 0.0269016 0.0164824
7 0.3620736 0.5191751 0.0269016 0.0164824
14 0.2263429 0.6378480 0.0269016 0.0164824
30 0.2948197 0.6378480 0.0269016 0.0164824
1 0.2948197 0.6971846 0.0269016 0.0164823
15 0.5002498 0.7565211 0.0269016 0.0164823
