28 0.6227519 0.7386709 0.0265173 0.0163924
15 0.5552532 0.5616325 0.0265173 0.0163925
32 0.4895626 0.6255629 0.4881598 0.4196466
27 0.2852587 0.5026196 0.0265173 0.0163924
23 0.3527573 0.5616325 0.0265173 0.0163925
1 0.4202560 0.5616325 0.0265173 0.0163925
9 0.4865493 0.5616325 0.0265173 0.0163925
11 0.6902505 0.5616325 0.0265173 0.0163925
26 0.6227519 0.6206452 0.0265173 0.0163924
5 0.6902505 0.6206452 0.0265173 0.0163924
33 0.4202560 0.7381245 0.0626773 0.0590129
13 0.4202560 0.7386709 0.0265173 0.0163924
29 0.5552532 0.7386709 0.0265173 0.0163924
6 0.4865493 0.7976837 0.0265173 0.0163926
13 0.5552532 0.7976837 0.0265173 0.0163926
15 0.6227519 0.7976837 0.0265173 0.0163926
20 0.3527573 0.6206452 0.0265173 0.0163924
17 0.2852587 0.6796581 0.0265173 0.0163924
9 0.6227519 0.5616325 0.0265173 0.0163925
13 0.4202560 0.6206452 0.0265173 0.0163924
7 0.6227519 0.5026196 0.0265173 0.0163924
9 0.3527573 0.6796581 0.0265173 0.0163924
25 0.6227519 0.6796581 0.0265173 0.0163924
10 0.4865493 0.6206452 0.0265173 0.0163924
1 0.6902505 0.7976837 0.0265173 0.0163926
31 0.2852587 0.5616325 0.0265173 0.0163925
26 0.2852587 0.7386709 0.0265173 0.0163924
14 0.4865493 0.7386709 0.0265173 0.0163924
9 0.4865493 0.5026196 0.0265173 0.0163924
13 0.4202560 0.7976837 0.0265173 0.0163926
2 0.3527573 0.5026196 0.0265173 0.0163924
14 0.5552532 0.6796581 0.0265173 0.0163924
16 0.6902505 0.6796581 0.0265173 0.0163924
29 0.6902505 0.5026196 0.0265173 0.0163924
4 0.5552532 0.5026196 0.0265173 0.0163924
10 0.4865493 0.6796581 0.0265173 0.0163924
10 0.5552532 0.6206452 0.0265173 0.0163924
20 0.3527573 0.7976837 0.0265173 0.0163926
15 0.4202560 0.5026196 0.0265173 0.0163924
2 0.2852587 0.6206452 0.0265173 0.0163924
16 0.3527573 0.7386709 0.0265173 0.0163924
15 0.2852587 0.7976837 0.0265173 0.0163926
14 0.6902505 0.7386709 0.0265173 0.0163924
6 0.4202560 0.6796581 0.0265173 0.0163924
