14 0.3477938 0.5291534 0.0286971 0.0158362
1 0.6399825 0.3581225 0.0286971 0.0158362
32 0.5688919 0.4198836 0.5282876 0.4054065
3 0.3477938 0.3011122 0.0286971 0.0158362
2 0.4938881 0.3011122 0.0286971 0.0158362
9 0.4208410 0.3581225 0.0286971 0.0158362
26 0.4938881 0.3581225 0.0286971 0.0158362
20 0.5656309 0.3581225 0.0286971 0.0158362
13 0.4208410 0.4721431 0.0286971 0.0158362
19 0.6399825 0.4721431 0.0286971 0.0158362
34 0.5656309 0.5286255 0.0678295 0.0570102
1 0.5656309 0.5291534 0.0286971 0.0158362
11 0.6399825 0.5291534 0.0286971 0.0158362
10 0.7130296 0.5291534 0.0286972 0.0158362
18 0.7860768 0.5291534 0.0286971 0.0158362
17 0.4938881 0.5861637 0.0286971 0.0158362
29 0.7130296 0.3011122 0.0286972 0.0158362
10 0.3477938 0.5861637 0.0286971 0.0158362
26 0.6399825 0.3011122 0.0286971 0.0158362
6 0.5656309 0.4151328 0.0286971 0.0158362
11 0.7130296 0.4721431 0.0286972 0.0158362
12 0.6399825 0.4151328 0.0286971 0.0158362
12 0.5656309 0.3011122 0.0286971 0.0158362
11 0.6399825 0.5861637 0.0286971 0.0158362
27 0.4208410 0.5291534 0.0286971 0.0158362
5 0.4938881 0.4151328 0.0286971 0.0158362
5 0.4208410 0.4151328 0.0286971 0.0158362
22 0.5656309 0.4721431 0.0286971 0.0158362
12 0.4208410 0.5861637 0.0286971 0.0158362
19 0.7130296 0.3581225 0.0286972 0.0158362
31 0.4938881 0.5291534 0.0286971 0.0158362
17 0.4938881 0.4721431 0.0286971 0.0158362
1 0.7860768 0.3011122 0.0286971 0.0158362
19 0.3477938 0.3581225 0.0286971 0.0158362
4 0.4208410 0.3011122 0.0286971 0.0158362
28 0.3477938 0.4151328 0.0286971 0.0158362
7 0.3477938 0.4721431 0.0286971 0.0158362
16 0.7130296 0.5861637 0.0286972 0.0158362
22 0.7860768 0.4721431 0.0286971 0.0158362
10 0.7130296 0.4151328 0.0286972 0.0158362
8 0.7860768 0.4151328 0.0286971 0.0158362
12 0.7860768 0.3581225 0.0286971 0.0158362
29 0.5656309 0.5861637 0.0286971 0.0158362
16 0.7860768 0.5861637 0.0286971 0.0158362
