31 0.5087686 0.4584258 0.0277177 0.0163662
20 0.5087686 0.3405892 0.0277177 0.0163662
32 0.5812126 0.3454990 0.5102576 0.4189745
20 0.7204311 0.2227526 0.0277177 0.0163662
14 0.5780628 0.2816709 0.0277177 0.0163662
27 0.6498769 0.2816709 0.0277177 0.0163662
24 0.3676603 0.3405892 0.0277177 0.0163662
16 0.4382145 0.3405892 0.0277177 0.0163662
19 0.7204311 0.3405892 0.0277177 0.0163662
31 0.6498769 0.3995075 0.0277177 0.0163662
33 0.5780628 0.4578802 0.0655146 0.0589183
26 0.5780628 0.4584258 0.0277177 0.0163662
2 0.7204311 0.4584258 0.0277177 0.0163662
11 0.5780628 0.5173441 0.0277177 0.0163662
3 0.6498769 0.5173441 0.0277177 0.0163662
7 0.7204311 0.5173441 0.0277177 0.0163662
11 0.7204311 0.2816709 0.0277177 0.0163662
8 0.7204311 0.3995075 0.0277177 0.0163662
24 0.5780628 0.3995075 0.0277177 0.0163662
11 0.6498769 0.2227526 0.0277177 0.0163662
27 0.5087686 0.2816709 0.0277177 0.0163662
13 0.3676603 0.2816709 0.0277177 0.0163662
12 0.7909852 0.4584258 0.0277177 0.0163662
8 0.5780628 0.2227526 0.0277177 0.0163662
4 0.3676603 0.5173441 0.0277177 0.0163662
1 0.4382145 0.4584258 0.0277177 0.0163662
3 0.7909852 0.2227526 0.0277177 0.0163662
2 0.3676603 0.2227526 0.0277177 0.0163662
28 0.6498769 0.4584258 0.0277177 0.0163662
27 0.3676603 0.3995075 0.0277177 0.0163662
11 0.4382145 0.3995075 0.0277177 0.0163662
18 0.4382145 0.2227526 0.0277177 0.0163662
30 0.5087686 0.3995075 0.0277177 0.0163662
5 0.6498769 0.3405892 0.0277177 0.0163662
18 0.7909852 0.2816709 0.0277177 0.0163662
15 0.5087686 0.2227526 0.0277177 0.0163662
12 0.7909852 0.5173441 0.0277177 0.0163662
26 0.3676603 0.4584258 0.0277177 0.0163662
15 0.4382145 0.2816709 0.0277177 0.0163662
27 0.5780628 0.3405892 0.0277177 0.0163662
1 0.7909852 0.3405892 0.0277177 0.0163662
5 0.4382145 0.5173441 0.0277177 0.0163662
16 0.7909852 0.3995075 0.0277177 0.0163662
13 0.5087686 0.5173441 0.0277177 0.0163662
