27 0.3641862 0.3859712 0.0285104 0.0163235
11 0.6544737 0.5035005 0.0285104 0.0163235
32 0.5838457 0.3908683 0.5248501 0.4178819
2 0.6544737 0.2684419 0.0285104 0.0163235
33 0.7263976 0.2678978 0.0660922 0.0587646
10 0.7270456 0.2684419 0.0285104 0.0163235
10 0.4367581 0.3272066 0.0285104 0.0163235
25 0.6544737 0.3272066 0.0285104 0.0163235
21 0.4367581 0.3859712 0.0285104 0.0163235
7 0.3641862 0.4447359 0.0285104 0.0163235
6 0.5093299 0.4447359 0.0285104 0.0163235
30 0.7270456 0.4447359 0.0285104 0.0163235
19 0.5093299 0.5035005 0.0285104 0.0163235
9 0.5806059 0.5035005 0.0285104 0.0163235
3 0.4367581 0.5622652 0.0285104 0.0163235
17 0.6544737 0.5622652 0.0285104 0.0163235
11 0.4367581 0.5035005 0.0285104 0.0163235
4 0.7996175 0.3272066 0.0285104 0.0163235
2 0.5806059 0.3272066 0.0285104 0.0163235
14 0.7996175 0.4447359 0.0285104 0.0163235
19 0.4367581 0.4447359 0.0285104 0.0163235
10 0.5093299 0.5622652 0.0285104 0.0163235
9 0.5806059 0.5622652 0.0285104 0.0163235
14 0.7996175 0.5622652 0.0285104 0.0163235
5 0.3641862 0.5035005 0.0285104 0.0163235
27 0.7996175 0.2684419 0.0285104 0.0163235
19 0.5093299 0.3859712 0.0285104 0.0163235
25 0.7270456 0.3272066 0.0285104 0.0163235
4 0.7270456 0.5622652 0.0285104 0.0163235
14 0.5093299 0.3272066 0.0285104 0.0163235
28 0.7996175 0.3859712 0.0285104 0.0163235
14 0.4367581 0.2684419 0.0285104 0.0163235
5 0.7270456 0.5035005 0.0285104 0.0163235
2 0.3641862 0.5622652 0.0285104 0.0163235
4 0.6544737 0.3859712 0.0285104 0.0163235
26 0.7270456 0.3859712 0.0285104 0.0163235
1 0.5093299 0.2684419 0.0285104 0.0163235
3 0.5806059 0.4447359 0.0285104 0.0163235
20 0.3641862 0.3272066 0.0285104 0.0163235
11 0.5806059 0.3859712 0.0285104 0.0163235
1 0.3641862 0.2684419 0.0285104 0.0163235
10 0.7996175 0.5035005 0.0285104 0.0163235
2 0.5806059 0.2684419 0.0285104 0.0163235
2 0.6544737 0.4447359 0.0285104 0.0163235
