8 0.3816229 0.4626891 0.0283575 0.0164584
12 0.1650750 0.4034389 0.0283575 0.0164584
32 0.3113737 0.3491261 0.5220351 0.4213350
22 0.0928924 0.2256882 0.0283575 0.0164584
11 0.3816229 0.2256882 0.0283575 0.0164584
31 0.4538055 0.2256882 0.0283575 0.0164584
27 0.2372577 0.2849384 0.0283574 0.0164584
23 0.3081513 0.2849384 0.0283574 0.0164584
16 0.4538055 0.2849384 0.0283575 0.0164584
10 0.3081513 0.3441887 0.0283574 0.0164584
34 0.3809784 0.3436400 0.0683157 0.0592503
9 0.3816229 0.3441887 0.0283575 0.0164584
12 0.1650750 0.4626891 0.0283575 0.0164584
5 0.4538055 0.4626891 0.0283575 0.0164584
1 0.3816229 0.5219393 0.0283575 0.0164584
7 0.4538055 0.5219393 0.0283575 0.0164584
6 0.5259882 0.3441887 0.0283575 0.0164584
27 0.5259882 0.4034389 0.0283575 0.0164584
17 0.3081513 0.5219393 0.0283574 0.0164584
12 0.4538055 0.3441887 0.0283575 0.0164584
13 0.0928924 0.5219393 0.0283575 0.0164584
10 0.0928924 0.2849384 0.0283575 0.0164584
13 0.5259882 0.2256882 0.0283575 0.0164584
22 0.1650750 0.2849384 0.0283575 0.0164584
31 0.0928924 0.4034389 0.0283575 0.0164584
28 0.2372577 0.2256882 0.0283574 0.0164584
19 0.3081513 0.4034389 0.0283574 0.0164584
1 0.3816229 0.4034389 0.0283575 0.0164584
29 0.4538055 0.4034389 0.0283575 0.0164584
28 0.2372577 0.5219393 0.0283574 0.0164584
12 0.3081513 0.2256882 0.0283574 0.0164584
3 0.1650750 0.3441887 0.0283575 0.0164584
9 0.0928924 0.4626891 0.0283575 0.0164584
6 0.0928924 0.3441887 0.0283575 0.0164584
21 0.5259882 0.2849384 0.0283575 0.0164584
2 0.1650750 0.5219393 0.0283575 0.0164584
6 0.3816229 0.2849384 0.0283575 0.0164584
2 0.5259882 0.4626891 0.0283575 0.0164584
16 0.1650750 0.2256882 0.0283575 0.0164584
28 0.2372577 0.4034389 0.0283574 0.0164584
13 0.3081513 0.4626891 0.0283574 0.0164584
8 0.5259882 0.5219393 0.0283575 0.0164584
3 0.2372577 0.3441887 0.0283574 0.0164584
10 0.2372577 0.4626891 0.0283574 0.0164584
