29 0.7534056 0.5048167 0.0278363 0.0160978
2 0.4699818 0.3309611 0.0278363 0.0160978
32 0.6135916 0.3357904 0.5124404 0.4121021
7 0.6825496 0.2150574 0.0278363 0.0160977
6 0.6104284 0.2730092 0.0278363 0.0160978
23 0.7534056 0.2730092 0.0278363 0.0160978
25 0.3991257 0.3309611 0.0278363 0.0160978
10 0.6825496 0.3309611 0.0278363 0.0160978
26 0.4699818 0.3889129 0.0278363 0.0160978
30 0.6104284 0.3889129 0.0278363 0.0160978
12 0.8242615 0.3889129 0.0278362 0.0160978
5 0.3991257 0.4468648 0.0278363 0.0160978
8 0.4699818 0.5048167 0.0278363 0.0160978
34 0.5408377 0.5042801 0.0657948 0.0579518
26 0.5408377 0.5048167 0.0278363 0.0160978
1 0.4699818 0.2150574 0.0278363 0.0160977
26 0.7534056 0.4468648 0.0278363 0.0160978
9 0.8242615 0.5048167 0.0278362 0.0160978
14 0.6104284 0.2150574 0.0278363 0.0160977
16 0.6825496 0.3889129 0.0278363 0.0160978
26 0.7534056 0.3889129 0.0278363 0.0160978
5 0.5408377 0.2730092 0.0278363 0.0160978
21 0.3991257 0.5048167 0.0278363 0.0160978
26 0.5408377 0.2150574 0.0278363 0.0160977
7 0.6104284 0.5048167 0.0278363 0.0160978
10 0.6825496 0.5048167 0.0278363 0.0160978
18 0.3991257 0.3889129 0.0278363 0.0160978
24 0.4699818 0.4468648 0.0278363 0.0160978
2 0.6825496 0.2730092 0.0278363 0.0160978
4 0.3991257 0.2730092 0.0278363 0.0160978
20 0.6825496 0.4468648 0.0278363 0.0160978
28 0.8242615 0.2730092 0.0278362 0.0160978
10 0.6104284 0.4468648 0.0278363 0.0160978
29 0.5408377 0.3889129 0.0278363 0.0160978
14 0.4699818 0.2730092 0.0278363 0.0160978
17 0.5408377 0.3309611 0.0278363 0.0160978
7 0.3991257 0.2150574 0.0278363 0.0160977
13 0.8242615 0.3309611 0.0278362 0.0160978
9 0.5408377 0.4468648 0.0278363 0.0160978
5 0.7534056 0.2150574 0.0278363 0.0160977
12 0.8242615 0.4468648 0.0278362 0.0160978
15 0.8242615 0.2150574 0.0278362 0.0160977
19 0.7534056 0.3309611 0.0278363 0.0160978
29 0.6104284 0.3309611 0.0278363 0.0160978
