11 0.2400193 0.8054506 0.0272770 0.0164553
24 0.3082118 0.8054506 0.0272770 0.0164553
32 0.3113114 0.6326695 0.5021447 0.4212565
25 0.1705869 0.5092546 0.0272770 0.0164553
31 0.3788840 0.5092546 0.0272770 0.0164553
34 0.2400193 0.5679453 0.0644729 0.0592392
4 0.2400193 0.5684938 0.0272770 0.0164553
29 0.4483163 0.5684938 0.0272770 0.0164553
3 0.5177487 0.6277330 0.0272770 0.0164553
20 0.3082118 0.6869722 0.0272770 0.0164552
27 0.2400193 0.7462113 0.0272770 0.0164553
15 0.4483163 0.7462113 0.0272770 0.0164553
26 0.5177487 0.7462113 0.0272770 0.0164553
14 0.3788840 0.8054506 0.0272770 0.0164553
13 0.4483163 0.8054506 0.0272770 0.0164553
22 0.2400193 0.6277330 0.0272770 0.0164553
24 0.5177487 0.8054506 0.0272770 0.0164553
3 0.1705869 0.6277330 0.0272770 0.0164553
19 0.3788840 0.6869722 0.0272770 0.0164552
20 0.1011546 0.6869722 0.0272770 0.0164552
20 0.5177487 0.5684938 0.0272770 0.0164553
26 0.3082118 0.5092546 0.0272770 0.0164553
22 0.3788840 0.7462113 0.0272770 0.0164553
28 0.3788840 0.5684938 0.0272770 0.0164553
24 0.3082118 0.6277330 0.0272770 0.0164553
6 0.1705869 0.6869722 0.0272770 0.0164552
31 0.4483163 0.5092546 0.0272770 0.0164553
8 0.3082118 0.5684938 0.0272770 0.0164553
18 0.4483163 0.6277330 0.0272770 0.0164553
22 0.3082118 0.7462113 0.0272770 0.0164553
15 0.1705869 0.8054506 0.0272770 0.0164553
28 0.1705869 0.7462113 0.0272770 0.0164553
21 0.2400193 0.6869722 0.0272770 0.0164552
7 0.1011546 0.5684938 0.0272770 0.0164553
12 0.3788840 0.6277330 0.0272770 0.0164553
27 0.1011546 0.8054506 0.0272770 0.0164553
17 0.1705869 0.5684938 0.0272770 0.0164553
5 0.5177487 0.5092546 0.0272770 0.0164553
5 0.1011546 0.6277330 0.0272770 0.0164553
1 0.1011546 0.5092546 0.0272770 0.0164553
6 0.2400193 0.5092546 0.0272770 0.0164553
2 0.1011546 0.7462113 0.0272770 0.0164553
8 0.4483163 0.6869722 0.0272770 0.0164552
27 0.5177487 0.6869722 0.0272770 0.0164552
