19 0.5116277 0.4249994 0.0272688 0.0174422
25 0.3740442 0.2366239 0.0272688 0.0174422
32 0.5147265 0.3674402 0.5019940 0.4465197
19 0.3046327 0.2366239 0.0272688 0.0174422
9 0.6516903 0.2366239 0.0272688 0.0174422
10 0.5822787 0.2994157 0.0272688 0.0174422
2 0.7211018 0.2994157 0.0272688 0.0174422
20 0.3046327 0.4249994 0.0272688 0.0174422
8 0.7211018 0.4249994 0.0272688 0.0174422
25 0.3046327 0.4877912 0.0272688 0.0174422
33 0.4434557 0.4872098 0.0644536 0.0627918
1 0.4434557 0.4877912 0.0272688 0.0174422
26 0.5116277 0.4877912 0.0272688 0.0174422
24 0.6516903 0.4877912 0.0272688 0.0174422
27 0.6516903 0.5505831 0.0272688 0.0174422
7 0.4434557 0.5505831 0.0272688 0.0174422
13 0.5822787 0.3622076 0.0272688 0.0174422
24 0.6516903 0.3622076 0.0272688 0.0174422
30 0.7211018 0.5505831 0.0272688 0.0174422
7 0.3740442 0.2994157 0.0272688 0.0174422
16 0.3046327 0.2994157 0.0272688 0.0174422
27 0.3740442 0.3622076 0.0272688 0.0174422
16 0.5822787 0.2366239 0.0272688 0.0174422
31 0.7211018 0.4877912 0.0272688 0.0174422
9 0.5822787 0.5505831 0.0272688 0.0174422
29 0.4434557 0.3622076 0.0272688 0.0174422
2 0.5116277 0.5505831 0.0272688 0.0174422
13 0.5822787 0.4877912 0.0272688 0.0174422
25 0.3740442 0.4877912 0.0272688 0.0174422
20 0.7211018 0.2366239 0.0272688 0.0174422
12 0.5116277 0.3622076 0.0272688 0.0174422
29 0.4434557 0.4249994 0.0272688 0.0174422
24 0.4434557 0.2994157 0.0272688 0.0174422
9 0.5822787 0.4249994 0.0272688 0.0174422
31 0.5116277 0.2994157 0.0272688 0.0174422
3 0.4434557 0.2366239 0.0272688 0.0174422
21 0.6516903 0.4249994 0.0272688 0.0174422
30 0.3740442 0.5505831 0.0272688 0.0174422
22 0.7211018 0.3622076 0.0272688 0.0174422
19 0.3046327 0.3622076 0.0272688 0.0174422
21 0.3740442 0.4249994 0.0272688 0.0174422
5 0.5116277 0.2366239 0.0272688 0.0174422
5 0.6516903 0.2994157 0.0272688 0.0174422
28 0.3046327 0.5505831 0.0272688 0.0174422
