10 0.7545211 0.5615395 0.0288106 0.0171836
5 0.3878418 0.6852615 0.0288105 0.0171836
32 0.5364779 0.5048336 0.5303754 0.4399003
25 0.3145059 0.3759566 0.0288105 0.0171836
6 0.3878418 0.3759566 0.0288105 0.0171836
15 0.7545211 0.3759566 0.0288106 0.0171836
33 0.3871870 0.4372447 0.0667880 0.0618610
29 0.3878418 0.4378176 0.0288105 0.0171836
13 0.6811852 0.4378176 0.0288106 0.0171836
9 0.7545211 0.4996785 0.0288106 0.0171836
14 0.3878418 0.5615395 0.0288105 0.0171836
3 0.3878418 0.6234005 0.0288105 0.0171836
4 0.4611776 0.6234005 0.0288105 0.0171836
16 0.3145059 0.6852615 0.0288105 0.0171836
18 0.7545211 0.6852615 0.0288106 0.0171836
30 0.6811852 0.5615395 0.0288106 0.0171836
1 0.5332039 0.3759566 0.0288105 0.0171836
26 0.4611776 0.5615395 0.0288105 0.0171836
5 0.3145059 0.6234005 0.0288105 0.0171836
19 0.3145059 0.4378176 0.0288105 0.0171836
2 0.6078493 0.6852615 0.0288105 0.0171836
13 0.6811852 0.3759566 0.0288106 0.0171836
18 0.4611776 0.4378176 0.0288105 0.0171836
15 0.6078493 0.4378176 0.0288105 0.0171836
28 0.6811852 0.6234005 0.0288106 0.0171836
22 0.6078493 0.5615395 0.0288105 0.0171836
31 0.3145059 0.5615395 0.0288105 0.0171836
7 0.4611776 0.4996785 0.0288105 0.0171836
11 0.6078493 0.3759566 0.0288105 0.0171836
14 0.4611776 0.6852615 0.0288105 0.0171836
5 0.5332039 0.4378176 0.0288105 0.0171836
1 0.7545211 0.6234005 0.0288106 0.0171836
24 0.6078493 0.6234005 0.0288105 0.0171836
13 0.5332039 0.6234005 0.0288105 0.0171836
4 0.3145059 0.4996785 0.0288105 0.0171836
17 0.5332039 0.4996785 0.0288105 0.0171836
18 0.6811852 0.4996785 0.0288106 0.0171836
27 0.6078493 0.4996785 0.0288105 0.0171836
30 0.4611776 0.3759566 0.0288105 0.0171836
22 0.5332039 0.6852615 0.0288105 0.0171836
8 0.3878418 0.4996785 0.0288105 0.0171836
12 0.5332039 0.5615395 0.0288105 0.0171836
30 0.7545211 0.4378176 0.0288106 0.0171836
30 0.6811852 0.6852615 0.0288106 0.0171836
