17 0.2876509 0.4154051 0.0277754 0.0160024
1 0.2876509 0.4730137 0.0277754 0.0160024
32 0.3602457 0.4202058 0.5113203 0.4096615
13 0.1462487 0.3001878 0.0277754 0.0160024
5 0.2876509 0.3001878 0.0277754 0.0160024
17 0.1462487 0.3577964 0.0277754 0.0160024
16 0.2876509 0.3577964 0.0277754 0.0160024
33 0.5704552 0.3572630 0.0656510 0.0576087
3 0.5704552 0.3577964 0.0277754 0.0160024
2 0.1462487 0.4730137 0.0277754 0.0160024
21 0.4290530 0.4730137 0.0277754 0.0160024
18 0.5704552 0.4730137 0.0277754 0.0160024
25 0.4997541 0.5306224 0.0277754 0.0160024
8 0.1462487 0.5882311 0.0277754 0.0160024
29 0.5704552 0.5882311 0.0277754 0.0160024
17 0.4290530 0.3001878 0.0277754 0.0160024
25 0.2876509 0.5882311 0.0277754 0.0160024
20 0.2169498 0.3001878 0.0277754 0.0160024
13 0.4290530 0.3577964 0.0277754 0.0160024
29 0.3570895 0.5882311 0.0277754 0.0160024
28 0.1462487 0.4154051 0.0277754 0.0160024
14 0.5704552 0.3001878 0.0277754 0.0160024
30 0.4997541 0.4730137 0.0277754 0.0160024
30 0.4290530 0.4154051 0.0277754 0.0160024
6 0.4290530 0.5882311 0.0277754 0.0160024
7 0.3570895 0.4154051 0.0277754 0.0160024
2 0.2169498 0.5306224 0.0277754 0.0160024
1 0.2169498 0.4154051 0.0277754 0.0160024
20 0.1462487 0.5306224 0.0277754 0.0160024
1 0.5704552 0.5306224 0.0277754 0.0160024
13 0.4997541 0.5882311 0.0277754 0.0160024
12 0.3570895 0.3001878 0.0277754 0.0160024
24 0.2169498 0.4730137 0.0277754 0.0160024
3 0.3570895 0.3577964 0.0277754 0.0160024
29 0.2169498 0.5882311 0.0277754 0.0160024
1 0.2876509 0.5306224 0.0277754 0.0160024
18 0.4290530 0.5306224 0.0277754 0.0160024
26 0.3570895 0.4730137 0.0277754 0.0160024
15 0.4997541 0.4154051 0.0277754 0.0160024
17 0.2169498 0.3577964 0.0277754 0.0160024
27 0.4997541 0.3577964 0.0277754 0.0160024
29 0.5704552 0.4154051 0.0277754 0.0160024
6 0.3570895 0.5306224 0.0277754 0.0160024
20 0.4997541 0.3001878 0.0277754 0.0160024
