22 0.4991763 0.4016732 0.0278759 0.0164376
3 0.3585298 0.6383748 0.0278759 0.0164376
32 0.5023441 0.4657799 0.5131699 0.4208029
11 0.4294866 0.3424978 0.0278759 0.0164376
10 0.7133139 0.3424978 0.0278759 0.0164376
33 0.5707667 0.4011253 0.0671556 0.0591754
19 0.5714003 0.4016732 0.0278759 0.0164376
31 0.3585298 0.4608486 0.0278759 0.0164376
1 0.7133139 0.4608486 0.0278759 0.0164376
25 0.2875730 0.5791994 0.0278759 0.0164376
17 0.4991763 0.5791994 0.0278759 0.0164376
9 0.5714003 0.5791994 0.0278759 0.0164376
3 0.4294866 0.6383748 0.0278759 0.0164376
24 0.4991763 0.6383748 0.0278759 0.0164376
27 0.7133139 0.6383748 0.0278759 0.0164376
3 0.2875730 0.5200240 0.0278759 0.0164376
2 0.4294866 0.4608486 0.0278759 0.0164376
21 0.5714003 0.6383748 0.0278759 0.0164376
19 0.2875730 0.6383748 0.0278759 0.0164376
28 0.6423570 0.5200240 0.0278759 0.0164376
12 0.3585298 0.5200240 0.0278759 0.0164376
14 0.3585298 0.3424978 0.0278759 0.0164376
13 0.2875730 0.4016732 0.0278759 0.0164376
1 0.3585298 0.5791994 0.0278759 0.0164376
2 0.2875730 0.3424978 0.0278759 0.0164376
16 0.7133139 0.4016732 0.0278759 0.0164376
16 0.4991763 0.5200240 0.0278759 0.0164376
7 0.6423570 0.4608486 0.0278759 0.0164376
14 0.5714003 0.4608486 0.0278759 0.0164376
15 0.6423570 0.3424978 0.0278759 0.0164376
27 0.2875730 0.4608486 0.0278759 0.0164376
4 0.6423570 0.4016732 0.0278759 0.0164376
25 0.6423570 0.6383748 0.0278759 0.0164376
4 0.7133139 0.5791994 0.0278759 0.0164376
10 0.4294866 0.4016732 0.0278759 0.0164376
4 0.4991763 0.4608486 0.0278759 0.0164376
1 0.4294866 0.5200240 0.0278759 0.0164376
2 0.5714003 0.3424978 0.0278759 0.0164376
7 0.4991763 0.3424978 0.0278759 0.0164376
19 0.3585298 0.4016732 0.0278759 0.0164376
25 0.6423570 0.5791994 0.0278759 0.0164376
25 0.5714003 0.5200240 0.0278759 0.0164376
12 0.4294866 0.5791994 0.0278759 0.0164376
5 0.7133139 0.5200240 0.0278759 0.0164376
