13 0.3504503 0.6062372 0.0279830 0.0172701
8 0.4216797 0.5440648 0.0279829 0.0172701
32 0.4948170 0.4870734 0.5151409 0.4421148
17 0.4216797 0.3575476 0.0279829 0.0172701
3 0.6353678 0.3575476 0.0279830 0.0172701
30 0.4916371 0.4197201 0.0279830 0.0172701
10 0.4916371 0.5440648 0.0279830 0.0172701
24 0.7065971 0.5440648 0.0279830 0.0172701
6 0.2792210 0.6062372 0.0279830 0.0172701
11 0.4916371 0.6062372 0.0279830 0.0172701
21 0.7065971 0.6062372 0.0279830 0.0172701
33 0.2792210 0.6678339 0.0661415 0.0621724
15 0.2792210 0.6684096 0.0279830 0.0172702
14 0.5641384 0.6684096 0.0279830 0.0172702
5 0.7065971 0.6684096 0.0279830 0.0172702
12 0.6353678 0.6062372 0.0279830 0.0172701
18 0.7065971 0.3575476 0.0279830 0.0172701
4 0.2792210 0.4197201 0.0279830 0.0172701
22 0.4216797 0.6684096 0.0279829 0.0172702
27 0.7065971 0.4197201 0.0279830 0.0172701
27 0.6353678 0.6684096 0.0279830 0.0172702
18 0.5641384 0.4197201 0.0279830 0.0172701
30 0.2792210 0.3575476 0.0279830 0.0172701
26 0.6353678 0.5440648 0.0279830 0.0172701
31 0.5641384 0.5440648 0.0279830 0.0172701
10 0.4216797 0.6062372 0.0279829 0.0172701
30 0.4916371 0.4818924 0.0279830 0.0172701
26 0.5641384 0.4818924 0.0279830 0.0172701
25 0.6353678 0.4197201 0.0279830 0.0172701
9 0.2792210 0.4818924 0.0279830 0.0172701
21 0.3504503 0.4197201 0.0279830 0.0172701
30 0.3504503 0.4818924 0.0279830 0.0172701
25 0.6353678 0.4818924 0.0279830 0.0172701
8 0.5641384 0.6062372 0.0279830 0.0172701
16 0.4216797 0.4197201 0.0279829 0.0172701
22 0.3504503 0.6684096 0.0279830 0.0172702
27 0.4216797 0.4818924 0.0279829 0.0172701
19 0.2792210 0.5440648 0.0279830 0.0172701
17 0.3504503 0.3575476 0.0279830 0.0172701
13 0.3504503 0.5440648 0.0279830 0.0172701
17 0.7065971 0.4818924 0.0279830 0.0172701
22 0.4916371 0.6684096 0.0279830 0.0172702
18 0.5641384 0.3575476 0.0279830 0.0172701
26 0.4916371 0.3575476 0.0279830 0.0172701
