28 0.4526562 0.4354478 0.0287941 0.0174815
9 0.3047594 0.7501145 0.0287941 0.0174815
32 0.3080314 0.5665589 0.5300727 0.4475261
18 0.1594802 0.4354478 0.0287941 0.0174815
11 0.4526562 0.4983811 0.0287941 0.0174815
31 0.0861862 0.5613145 0.0287941 0.0174815
14 0.3793622 0.5613145 0.0287941 0.0174815
8 0.4526562 0.5613145 0.0287941 0.0174815
21 0.1594802 0.6242478 0.0287941 0.0174815
19 0.3047594 0.6242478 0.0287941 0.0174815
13 0.3793622 0.6242478 0.0287941 0.0174815
34 0.4520018 0.6865984 0.0667499 0.0629333
2 0.4526562 0.6871811 0.0287941 0.0174815
29 0.0861862 0.7501145 0.0287941 0.0174815
25 0.5259502 0.7501145 0.0287941 0.0174815
17 0.3047594 0.4983811 0.0287941 0.0174815
5 0.5259502 0.6871811 0.0287941 0.0174815
1 0.0861862 0.4983811 0.0287941 0.0174815
31 0.0861862 0.6871811 0.0287941 0.0174815
3 0.0861862 0.6242478 0.0287941 0.0174815
13 0.3793622 0.4983811 0.0287941 0.0174815
1 0.2327742 0.7501145 0.0287941 0.0174815
15 0.5259502 0.5613145 0.0287941 0.0174815
13 0.2327742 0.6242478 0.0287941 0.0174815
12 0.0861862 0.4354478 0.0287941 0.0174815
29 0.2327742 0.4354478 0.0287941 0.0174815
26 0.3047594 0.4354478 0.0287941 0.0174815
21 0.3047594 0.6871811 0.0287941 0.0174815
28 0.3793622 0.6871811 0.0287941 0.0174815
1 0.1594802 0.4983811 0.0287941 0.0174815
14 0.1594802 0.5613145 0.0287941 0.0174815
3 0.4526562 0.7501145 0.0287941 0.0174815
30 0.3047594 0.5613145 0.0287941 0.0174815
17 0.2327742 0.4983811 0.0287941 0.0174815
20 0.1594802 0.7501145 0.0287941 0.0174815
2 0.5259502 0.4354478 0.0287941 0.0174815
24 0.3793622 0.4354478 0.0287941 0.0174815
19 0.4526562 0.6242478 0.0287941 0.0174815
1 0.2327742 0.5613145 0.0287941 0.0174815
10 0.3793622 0.7501145 0.0287941 0.0174815
13 0.1594802 0.6871811 0.0287941 0.0174815
30 0.2327742 0.6871811 0.0287941 0.0174815
26 0.5259502 0.4983811 0.0287941 0.0174815
26 0.5259502 0.6242478 0.0287941 0.0174815
