13 0.8271160 0.4889581 0.0265288 0.0167706
12 0.4219496 0.7304545 0.0265288 0.0167706
32 0.6263416 0.6147375 0.4883702 0.4293270
14 0.5570051 0.4889581 0.0265288 0.0167706
19 0.4219496 0.5493322 0.0265288 0.0167706
5 0.5570051 0.5493322 0.0265288 0.0167706
33 0.4888744 0.6091473 0.0614985 0.0603741
29 0.4894774 0.6097064 0.0265287 0.0167706
26 0.4219496 0.6700804 0.0265288 0.0167706
8 0.4894774 0.6700804 0.0265287 0.0167706
4 0.7595883 0.6700804 0.0265288 0.0167706
27 0.4219496 0.7908286 0.0265288 0.0167706
17 0.4894774 0.7908286 0.0265287 0.0167706
7 0.6920605 0.7908286 0.0265287 0.0167706
30 0.8271160 0.7908286 0.0265288 0.0167706
9 0.5570051 0.7908286 0.0265288 0.0167706
13 0.8271160 0.6097064 0.0265288 0.0167706
24 0.6233270 0.6097064 0.0265287 0.0167706
10 0.4219496 0.6097064 0.0265288 0.0167706
6 0.8271160 0.5493322 0.0265288 0.0167706
3 0.6233270 0.7908286 0.0265287 0.0167706
3 0.6920605 0.6097064 0.0265287 0.0167706
10 0.4894774 0.7304545 0.0265287 0.0167706
2 0.5570051 0.6700804 0.0265288 0.0167706
11 0.7595883 0.7304545 0.0265288 0.0167706
14 0.6233270 0.4889581 0.0265287 0.0167706
27 0.7595883 0.4889581 0.0265288 0.0167706
11 0.7595883 0.6097064 0.0265288 0.0167706
12 0.4219496 0.4889581 0.0265288 0.0167706
8 0.8271160 0.6700804 0.0265288 0.0167706
29 0.4894774 0.4889581 0.0265287 0.0167706
14 0.6233270 0.7304545 0.0265287 0.0167706
1 0.6233270 0.5493322 0.0265287 0.0167706
1 0.6920605 0.5493322 0.0265287 0.0167706
12 0.6920605 0.4889581 0.0265287 0.0167706
29 0.6233270 0.6700804 0.0265287 0.0167706
25 0.4894774 0.5493322 0.0265287 0.0167706
7 0.7595883 0.7908286 0.0265288 0.0167706
4 0.6920605 0.6700804 0.0265287 0.0167706
6 0.5570051 0.7304545 0.0265288 0.0167706
8 0.8271160 0.7304545 0.0265288 0.0167706
21 0.7595883 0.5493322 0.0265288 0.0167706
1 0.5570051 0.6097064 0.0265288 0.0167706
28 0.6920605 0.7304545 0.0265287 0.0167706
