7 0.2809098 0.3418787 0.0275139 0.0160622
7 0.4222313 0.5731738 0.0275139 0.0160621
32 0.2840364 0.4045211 0.5065063 0.4111914
18 0.0720541 0.2840549 0.0275139 0.0160621
10 0.4922667 0.2840549 0.0275139 0.0160621
13 0.0720541 0.3997025 0.0275139 0.0160621
12 0.2809098 0.3997025 0.0275139 0.0160621
25 0.2121250 0.4575262 0.0275139 0.0160621
6 0.2809098 0.4575262 0.0275139 0.0160621
30 0.3521958 0.4575262 0.0275139 0.0160621
21 0.4222313 0.4575262 0.0275139 0.0160621
8 0.4922667 0.4575262 0.0275139 0.0160621
15 0.4222313 0.5153501 0.0275139 0.0160621
33 0.4922667 0.5148147 0.0650329 0.0578238
10 0.4922667 0.5153501 0.0275139 0.0160621
2 0.1420895 0.3997025 0.0275139 0.0160621
22 0.2121250 0.5153501 0.0275139 0.0160621
24 0.1420895 0.4575262 0.0275139 0.0160621
3 0.2121250 0.2840549 0.0275139 0.0160621
8 0.0720541 0.5731738 0.0275139 0.0160621
1 0.3521958 0.5731738 0.0275139 0.0160621
7 0.2809098 0.2840549 0.0275139 0.0160621
2 0.1420895 0.2840549 0.0275139 0.0160621
29 0.1420895 0.3418787 0.0275139 0.0160622
4 0.4222313 0.3418787 0.0275139 0.0160622
7 0.0720541 0.3418787 0.0275139 0.0160622
18 0.4922667 0.3418787 0.0275139 0.0160622
18 0.2809098 0.5153501 0.0275139 0.0160621
27 0.3521958 0.3418787 0.0275139 0.0160622
29 0.3521958 0.2840549 0.0275139 0.0160621
28 0.4922667 0.3997025 0.0275139 0.0160621
20 0.2121250 0.5731738 0.0275139 0.0160621
28 0.4922667 0.5731738 0.0275139 0.0160621
26 0.0720541 0.5153501 0.0275139 0.0160621
31 0.2809098 0.5731738 0.0275139 0.0160621
9 0.1420895 0.5153501 0.0275139 0.0160621
19 0.4222313 0.2840549 0.0275139 0.0160621
28 0.2121250 0.3997025 0.0275139 0.0160621
2 0.2121250 0.3418787 0.0275139 0.0160622
3 0.4222313 0.3997025 0.0275139 0.0160621
5 0.0720541 0.4575262 0.0275139 0.0160621
24 0.3521958 0.3997025 0.0275139 0.0160621
24 0.1420895 0.5731738 0.0275139 0.0160621
10 0.3521958 0.5153501 0.0275139 0.0160621
