19 0.5575561 0.5568039 0.0286009 0.0163789
9 0.4106517 0.5568039 0.0286008 0.0163789
32 0.4139018 0.3848262 0.5265159 0.4192980
4 0.2663473 0.2619850 0.0286009 0.0163788
1 0.3391495 0.2619850 0.0286008 0.0163788
22 0.4106517 0.2619850 0.0286008 0.0163788
18 0.2663473 0.3209488 0.0286009 0.0163788
31 0.3391495 0.3799125 0.0286008 0.0163789
9 0.4106517 0.3799125 0.0286008 0.0163789
21 0.4847539 0.3799125 0.0286008 0.0163789
23 0.1935452 0.4388763 0.0286009 0.0163788
34 0.2656973 0.4383303 0.0663020 0.0589638
28 0.2663473 0.4388763 0.0286009 0.0163788
24 0.5575561 0.4388763 0.0286009 0.0163788
25 0.4847539 0.4978401 0.0286008 0.0163788
1 0.2663473 0.3799125 0.0286009 0.0163789
12 0.1935452 0.2619850 0.0286009 0.0163788
1 0.6303583 0.4388763 0.0286009 0.0163788
22 0.4847539 0.2619850 0.0286008 0.0163788
30 0.3391495 0.5568039 0.0286008 0.0163789
17 0.3391495 0.4388763 0.0286008 0.0163788
29 0.4847539 0.3209488 0.0286008 0.0163788
26 0.6303583 0.2619850 0.0286009 0.0163788
16 0.2663473 0.5568039 0.0286009 0.0163789
21 0.6303583 0.3799125 0.0286009 0.0163789
21 0.5575561 0.2619850 0.0286009 0.0163788
12 0.4106517 0.4978401 0.0286008 0.0163788
12 0.1935452 0.5568039 0.0286009 0.0163789
3 0.1935452 0.3799125 0.0286009 0.0163789
3 0.4106517 0.3209488 0.0286008 0.0163788
6 0.6303583 0.4978401 0.0286009 0.0163788
22 0.6303583 0.5568039 0.0286009 0.0163789
22 0.5575561 0.4978401 0.0286009 0.0163788
22 0.1935452 0.4978401 0.0286009 0.0163788
28 0.1935452 0.3209488 0.0286009 0.0163788
27 0.5575561 0.3209488 0.0286009 0.0163788
19 0.5575561 0.3799125 0.0286009 0.0163789
1 0.3391495 0.4978401 0.0286008 0.0163788
12 0.4847539 0.4388763 0.0286008 0.0163788
20 0.4847539 0.5568039 0.0286008 0.0163789
22 0.2663473 0.4978401 0.0286009 0.0163788
19 0.4106517 0.4388763 0.0286008 0.0163788
18 0.6303583 0.3209488 0.0286009 0.0163788
21 0.3391495 0.3209488 0.0286008 0.0163788
