30 0.6143247 0.4903943 0.0287698 0.0168342
19 0.3946276 0.4903943 0.0287698 0.0168342
32 0.5430539 0.3742387 0.5296270 0.4309540
4 0.3213953 0.2479826 0.0287699 0.0168341
15 0.4678600 0.2479826 0.0287699 0.0168341
26 0.3946276 0.3085855 0.0287698 0.0168342
25 0.4678600 0.3085855 0.0287699 0.0168342
34 0.6869032 0.3686273 0.0666938 0.0606029
27 0.6875571 0.3691884 0.0287698 0.0168342
14 0.3213953 0.4297914 0.0287699 0.0168341
2 0.4678600 0.4297914 0.0287699 0.0168341
24 0.6875571 0.4297914 0.0287698 0.0168341
18 0.3213953 0.4903943 0.0287699 0.0168342
9 0.7607895 0.4903943 0.0287698 0.0168342
22 0.4678600 0.5509972 0.0287699 0.0168342
21 0.6143247 0.2479826 0.0287698 0.0168341
1 0.6875571 0.5509972 0.0287698 0.0168342
6 0.4678600 0.3691884 0.0287699 0.0168342
6 0.5397846 0.4903943 0.0287699 0.0168342
27 0.3213953 0.3085855 0.0287699 0.0168342
8 0.5397846 0.3691884 0.0287699 0.0168342
5 0.6143247 0.3085855 0.0287698 0.0168342
8 0.5397846 0.2479826 0.0287699 0.0168341
6 0.3946276 0.3691884 0.0287698 0.0168342
14 0.7607895 0.3691884 0.0287698 0.0168342
25 0.6875571 0.4903943 0.0287698 0.0168342
2 0.6143247 0.3691884 0.0287698 0.0168342
3 0.6143247 0.4297914 0.0287698 0.0168341
26 0.7607895 0.3085855 0.0287698 0.0168342
22 0.3946276 0.2479826 0.0287698 0.0168341
10 0.3213953 0.5509972 0.0287699 0.0168342
21 0.6875571 0.3085855 0.0287698 0.0168342
26 0.6143247 0.5509972 0.0287698 0.0168342
3 0.3946276 0.5509972 0.0287698 0.0168342
15 0.7607895 0.5509972 0.0287698 0.0168342
19 0.7607895 0.4297914 0.0287698 0.0168341
30 0.4678600 0.4903943 0.0287699 0.0168342
5 0.5397846 0.5509972 0.0287699 0.0168342
4 0.3946276 0.4297914 0.0287698 0.0168341
19 0.5397846 0.4297914 0.0287699 0.0168341
2 0.7607895 0.2479826 0.0287698 0.0168341
25 0.3213953 0.3691884 0.0287699 0.0168342
25 0.6875571 0.2479826 0.0287698 0.0168341
2 0.5397846 0.3085855 0.0287699 0.0168342
