17 0.4852357 0.4816613 0.0288445 0.0162795
24 0.2636575 0.3058427 0.0288445 0.0162795
32 0.2669353 0.3693328 0.5310012 0.4167551
30 0.4852357 0.2472366 0.0288445 0.0162795
18 0.1915462 0.3058427 0.0288445 0.0162795
4 0.4118134 0.3644489 0.0288445 0.0162795
1 0.0447014 0.4230551 0.0288445 0.0162795
33 0.2636575 0.4225124 0.0681779 0.0586062
21 0.2636575 0.4230551 0.0288445 0.0162795
6 0.4852357 0.4230551 0.0288445 0.0162795
20 0.1915462 0.4816613 0.0288445 0.0162795
23 0.4118134 0.4816613 0.0288445 0.0162795
10 0.1915462 0.5402674 0.0288445 0.0162795
29 0.2636575 0.5402674 0.0288445 0.0162795
19 0.4118134 0.5402674 0.0288445 0.0162795
16 0.0447014 0.4816613 0.0288445 0.0162795
22 0.1181238 0.3058427 0.0288445 0.0162795
16 0.1181238 0.5402674 0.0288445 0.0162795
15 0.3383910 0.4816613 0.0288445 0.0162795
31 0.0447014 0.5402674 0.0288445 0.0162795
3 0.4852357 0.5402674 0.0288445 0.0162795
13 0.0447014 0.2472366 0.0288445 0.0162795
10 0.4852357 0.3644489 0.0288445 0.0162795
21 0.0447014 0.3058427 0.0288445 0.0162795
24 0.1915462 0.4230551 0.0288445 0.0162795
5 0.1915462 0.2472366 0.0288445 0.0162795
3 0.4118134 0.3058427 0.0288445 0.0162795
14 0.3383910 0.2472366 0.0288445 0.0162795
6 0.1181238 0.4230551 0.0288445 0.0162795
1 0.3383910 0.5402674 0.0288445 0.0162795
22 0.4852357 0.3058427 0.0288445 0.0162795
9 0.1181238 0.3644489 0.0288445 0.0162795
21 0.3383910 0.4230551 0.0288445 0.0162795
16 0.2636575 0.3644489 0.0288445 0.0162795
9 0.4118134 0.2472366 0.0288445 0.0162795
27 0.2636575 0.4816613 0.0288445 0.0162795
19 0.1181238 0.2472366 0.0288445 0.0162795
18 0.1915462 0.3644489 0.0288445 0.0162795
7 0.1181238 0.4816613 0.0288445 0.0162795
30 0.0447014 0.3644489 0.0288445 0.0162795
6 0.4118134 0.4230551 0.0288445 0.0162795
10 0.3383910 0.3058427 0.0288445 0.0162795
9 0.3383910 0.3644489 0.0288445 0.0162795
25 0.2636575 0.2472366 0.0288445 0.0162795
