29 0.4148973 0.6054411 0.0284943 0.0162658
9 0.3410711 0.6639978 0.0284943 0.0162657
32 0.3443091 0.4932074 0.5245552 0.4164032
1 0.1247730 0.3712143 0.0284943 0.0162657
25 0.2698352 0.3712143 0.0284944 0.0162657
15 0.5599595 0.3712143 0.0284944 0.0162657
23 0.5599595 0.4297710 0.0284944 0.0162658
2 0.5599595 0.4883277 0.0284944 0.0162657
3 0.1247730 0.5468844 0.0284943 0.0162657
33 0.4867809 0.5463422 0.0660551 0.0585567
1 0.4874284 0.5468844 0.0284944 0.0162657
11 0.5599595 0.5468844 0.0284944 0.0162657
13 0.1973041 0.6054411 0.0284944 0.0162658
19 0.5599595 0.6054411 0.0284944 0.0162658
21 0.4148973 0.6639978 0.0284943 0.0162657
27 0.2698352 0.4883277 0.0284944 0.0162657
31 0.3410711 0.5468844 0.0284943 0.0162657
20 0.4874284 0.4297710 0.0284944 0.0162658
15 0.4874284 0.4883277 0.0284944 0.0162657
6 0.1247730 0.6054411 0.0284943 0.0162658
17 0.4148973 0.5468844 0.0284943 0.0162657
29 0.4874284 0.6639978 0.0284944 0.0162657
14 0.3410711 0.3712143 0.0284943 0.0162657
8 0.2698352 0.6054411 0.0284944 0.0162658
22 0.3410711 0.4883277 0.0284943 0.0162657
21 0.2698352 0.4297710 0.0284944 0.0162658
4 0.4874284 0.3712143 0.0284944 0.0162657
10 0.3410711 0.4297710 0.0284943 0.0162658
19 0.1973041 0.3712143 0.0284944 0.0162657
31 0.1247730 0.4883277 0.0284943 0.0162657
14 0.5599595 0.6639978 0.0284944 0.0162657
16 0.1973041 0.4883277 0.0284944 0.0162657
20 0.1973041 0.5468844 0.0284944 0.0162657
14 0.4148973 0.3712143 0.0284943 0.0162657
15 0.4148973 0.4297710 0.0284943 0.0162658
2 0.1247730 0.6639978 0.0284943 0.0162657
31 0.1973041 0.4297710 0.0284944 0.0162658
16 0.3410711 0.6054411 0.0284943 0.0162658
17 0.2698352 0.6639978 0.0284944 0.0162657
24 0.4874284 0.6054411 0.0284944 0.0162658
8 0.1973041 0.6639978 0.0284944 0.0162657
7 0.1247730 0.4297710 0.0284943 0.0162658
26 0.4148973 0.4883277 0.0284943 0.0162657
5 0.2698352 0.5468844 0.0284944 0.0162657
