26 0.5756407 0.6888192 0.0265803 0.0174289
7 0.2373454 0.3750988 0.0265803 0.0174289
32 0.3744758 0.5058156 0.4893200 0.4461801
22 0.3050045 0.3750988 0.0265804 0.0174289
34 0.5756407 0.3745178 0.0628263 0.0627441
22 0.5756407 0.3750988 0.0265803 0.0174289
25 0.5079816 0.4378429 0.0265804 0.0174289
24 0.5756407 0.4378429 0.0265803 0.0174289
30 0.3050045 0.5005870 0.0265804 0.0174289
11 0.4403226 0.5005870 0.0265804 0.0174289
9 0.4403226 0.6260751 0.0265804 0.0174289
27 0.5079816 0.6260751 0.0265804 0.0174289
14 0.1696863 0.6888192 0.0265803 0.0174289
31 0.3050045 0.6888192 0.0265804 0.0174289
4 0.3714553 0.6888192 0.0265804 0.0174289
31 0.3714553 0.5005870 0.0265804 0.0174289
13 0.1696863 0.3750988 0.0265803 0.0174289
10 0.5079816 0.5005870 0.0265804 0.0174289
17 0.3714553 0.4378429 0.0265804 0.0174289
21 0.4403226 0.5633310 0.0265804 0.0174289
19 0.2373454 0.6260751 0.0265803 0.0174289
3 0.5079816 0.6888192 0.0265804 0.0174289
8 0.1696863 0.4378429 0.0265803 0.0174289
18 0.1696863 0.5005870 0.0265803 0.0174289
12 0.5756407 0.5633310 0.0265803 0.0174289
18 0.3714553 0.5633310 0.0265804 0.0174289
4 0.1696863 0.5633310 0.0265803 0.0174289
12 0.2373454 0.4378429 0.0265803 0.0174289
31 0.3714553 0.3750988 0.0265804 0.0174289
1 0.5079816 0.3750988 0.0265804 0.0174289
8 0.4403226 0.4378429 0.0265804 0.0174289
28 0.4403226 0.6888192 0.0265804 0.0174289
8 0.5756407 0.6260751 0.0265803 0.0174289
15 0.5756407 0.5005870 0.0265803 0.0174289
1 0.2373454 0.5005870 0.0265803 0.0174289
4 0.2373454 0.5633310 0.0265803 0.0174289
21 0.1696863 0.6260751 0.0265803 0.0174289
25 0.3050045 0.4378429 0.0265804 0.0174289
13 0.4403226 0.3750988 0.0265804 0.0174289
6 0.3714553 0.6260751 0.0265804 0.0174289
10 0.5079816 0.5633310 0.0265804 0.0174289
26 0.3050045 0.5633310 0.0265804 0.0174289
30 0.2373454 0.6888192 0.0265803 0.0174289
11 0.3050045 0.6260751 0.0265804 0.0174289
