12 0.2933735 0.7896933 0.0266938 0.0161347
9 0.3613213 0.4992696 0.0266938 0.0161347
32 0.4990369 0.6202795 0.4914079 0.4130470
9 0.2933735 0.5573544 0.0266938 0.0161346
17 0.5651646 0.5573544 0.0266938 0.0161346
34 0.3607146 0.6149013 0.0618810 0.0580847
26 0.3613213 0.6154391 0.0266938 0.0161346
31 0.4292691 0.6154391 0.0266938 0.0161346
23 0.4960035 0.6735238 0.0266938 0.0161346
22 0.5651646 0.6735238 0.0266938 0.0161346
6 0.7010602 0.6735238 0.0266938 0.0161346
29 0.2933735 0.7316085 0.0266938 0.0161346
21 0.3613213 0.7316085 0.0266938 0.0161346
4 0.3613213 0.7896933 0.0266938 0.0161347
12 0.4292691 0.7896933 0.0266938 0.0161347
3 0.5651646 0.6154391 0.0266938 0.0161346
15 0.4292691 0.5573544 0.0266938 0.0161346
28 0.4292691 0.7316085 0.0266938 0.0161346
2 0.6331124 0.6154391 0.0266938 0.0161346
31 0.6331124 0.7896933 0.0266938 0.0161347
13 0.6331124 0.4992696 0.0266938 0.0161347
4 0.7010602 0.6154391 0.0266938 0.0161346
12 0.5651646 0.7316085 0.0266938 0.0161346
13 0.4960035 0.4992696 0.0266938 0.0161347
17 0.7010602 0.7896933 0.0266938 0.0161347
26 0.6331124 0.7316085 0.0266938 0.0161346
15 0.4960035 0.7316085 0.0266938 0.0161346
22 0.6331124 0.5573544 0.0266938 0.0161346
19 0.2933735 0.4992696 0.0266938 0.0161347
20 0.2933735 0.6154391 0.0266938 0.0161346
15 0.5651646 0.7896933 0.0266938 0.0161347
10 0.3613213 0.5573544 0.0266938 0.0161346
6 0.4960035 0.7896933 0.0266938 0.0161347
7 0.7010602 0.7316085 0.0266938 0.0161346
24 0.5651646 0.4992696 0.0266938 0.0161347
13 0.4292691 0.4992696 0.0266938 0.0161347
4 0.7010602 0.5573544 0.0266938 0.0161346
20 0.3613213 0.6735238 0.0266938 0.0161346
8 0.4960035 0.6154391 0.0266938 0.0161346
3 0.4960035 0.5573544 0.0266938 0.0161346
25 0.7010602 0.4992696 0.0266938 0.0161347
12 0.6331124 0.6735238 0.0266938 0.0161346
15 0.4292691 0.6735238 0.0266938 0.0161346
7 0.2933735 0.6735238 0.0266938 0.0161346
