7 0.2328293 0.4364424 0.0280934 0.0164227
3 0.3043399 0.6138076 0.0280935 0.0164227
32 0.4492765 0.4413692 0.5171748 0.4204214
10 0.3043399 0.3181989 0.0280935 0.0164227
16 0.3758504 0.3181989 0.0280935 0.0164227
33 0.4460841 0.3176514 0.0664027 0.0591218
6 0.4460841 0.3181989 0.0280935 0.0164227
31 0.2328293 0.3773206 0.0280934 0.0164227
1 0.5903822 0.3773206 0.0280935 0.0164227
23 0.3758504 0.4364424 0.0280935 0.0164227
25 0.5903822 0.4364424 0.0280935 0.0164227
9 0.6618929 0.4364424 0.0280935 0.0164227
15 0.3758504 0.5546859 0.0280935 0.0164227
4 0.2328293 0.6138076 0.0280934 0.0164227
7 0.4460841 0.6138076 0.0280935 0.0164227
3 0.2328293 0.5546859 0.0280934 0.0164227
20 0.3758504 0.3773206 0.0280935 0.0164227
22 0.6618929 0.3181989 0.0280935 0.0164227
7 0.6618929 0.6138076 0.0280935 0.0164227
1 0.3043399 0.4955641 0.0280935 0.0164227
10 0.6618929 0.3773206 0.0280935 0.0164227
19 0.6618929 0.4955641 0.0280935 0.0164227
27 0.4460841 0.4955641 0.0280935 0.0164227
26 0.4460841 0.5546859 0.0280935 0.0164227
13 0.5188717 0.3181989 0.0280935 0.0164227
17 0.5903822 0.4955641 0.0280935 0.0164227
29 0.5188717 0.3773206 0.0280935 0.0164227
8 0.4460841 0.3773206 0.0280935 0.0164227
29 0.5188717 0.6138076 0.0280935 0.0164227
3 0.5188717 0.5546859 0.0280935 0.0164227
19 0.2328293 0.4955641 0.0280934 0.0164227
30 0.5903822 0.5546859 0.0280935 0.0164227
4 0.3758504 0.6138076 0.0280935 0.0164227
9 0.3043399 0.4364424 0.0280935 0.0164227
19 0.4460841 0.4364424 0.0280935 0.0164227
29 0.3758504 0.4955641 0.0280935 0.0164227
19 0.5903822 0.3181989 0.0280935 0.0164227
1 0.3043399 0.5546859 0.0280935 0.0164227
4 0.5188717 0.4364424 0.0280935 0.0164227
17 0.6618929 0.5546859 0.0280935 0.0164227
22 0.3043399 0.3773206 0.0280935 0.0164227
6 0.2328293 0.3181989 0.0280934 0.0164227
31 0.5903822 0.6138076 0.0280935 0.0164227
20 0.5188717 0.4955641 0.0280935 0.0164227
