16 0.5471630 0.5463321 0.0278915 0.0173770
11 0.5471630 0.4212179 0.0278915 0.0173770
32 0.5503325 0.4264310 0.5134579 0.4448505
4 0.5471630 0.3586608 0.0278915 0.0173770
19 0.7614207 0.3586608 0.0278915 0.0173770
33 0.4774342 0.4206386 0.0659254 0.0625571
18 0.4774342 0.4212179 0.0278915 0.0173770
14 0.7614207 0.4212179 0.0278915 0.0173770
25 0.3354409 0.4837750 0.0278915 0.0173770
5 0.6194275 0.4837750 0.0278915 0.0173770
17 0.6904241 0.4837750 0.0278915 0.0173770
6 0.6194275 0.5463321 0.0278915 0.0173770
31 0.7614207 0.5463321 0.0278915 0.0173770
23 0.3354409 0.6088892 0.0278915 0.0173770
20 0.6194275 0.6088892 0.0278915 0.0173770
31 0.4774342 0.2961037 0.0278915 0.0173770
8 0.6194275 0.3586608 0.0278915 0.0173770
26 0.4064375 0.3586608 0.0278915 0.0173770
29 0.3354409 0.4212179 0.0278915 0.0173770
31 0.5471630 0.6088892 0.0278915 0.0173770
14 0.6194275 0.2961037 0.0278915 0.0173770
27 0.3354409 0.2961037 0.0278915 0.0173770
4 0.7614207 0.4837750 0.0278915 0.0173770
8 0.3354409 0.5463321 0.0278915 0.0173770
27 0.5471630 0.4837750 0.0278915 0.0173770
1 0.3354409 0.3586608 0.0278915 0.0173770
28 0.4774342 0.4837750 0.0278915 0.0173770
6 0.6904241 0.3586608 0.0278915 0.0173770
12 0.4774342 0.5463321 0.0278915 0.0173770
13 0.6904241 0.4212179 0.0278915 0.0173770
19 0.6194275 0.4212179 0.0278915 0.0173770
7 0.4064375 0.6088892 0.0278915 0.0173770
25 0.4774342 0.6088892 0.0278915 0.0173770
18 0.4064375 0.2961037 0.0278915 0.0173770
12 0.6904241 0.5463321 0.0278915 0.0173770
12 0.5471630 0.2961037 0.0278915 0.0173770
21 0.6904241 0.2961037 0.0278915 0.0173770
9 0.4774342 0.3586608 0.0278915 0.0173770
31 0.6904241 0.6088892 0.0278915 0.0173770
21 0.4064375 0.4212179 0.0278915 0.0173770
10 0.7614207 0.2961037 0.0278915 0.0173770
2 0.7614207 0.6088892 0.0278915 0.0173770
5 0.4064375 0.4837750 0.0278915 0.0173770
8 0.4064375 0.5463321 0.0278915 0.0173770
