9 0.4939668 0.4563401 0.0288202 0.0165897
10 0.6406879 0.5757859 0.0288202 0.0165897
32 0.4225713 0.5210399 0.5305542 0.4246961
34 0.2005245 0.4557871 0.0681205 0.0597229
8 0.2005245 0.4563401 0.0288202 0.0165897
7 0.6406879 0.4563401 0.0288202 0.0165897
25 0.2005245 0.5160630 0.0288202 0.0165897
20 0.4192962 0.5160630 0.0288202 0.0165897
31 0.5673273 0.5160630 0.0288202 0.0165897
26 0.2005245 0.5757859 0.0288202 0.0165897
2 0.4192962 0.5757859 0.0288202 0.0165897
14 0.5673273 0.5757859 0.0288202 0.0165897
9 0.4192962 0.6355088 0.0288202 0.0165897
12 0.2738851 0.6952317 0.0288202 0.0165897
13 0.6406879 0.6952317 0.0288202 0.0165897
1 0.3472456 0.6952317 0.0288202 0.0165897
22 0.2005245 0.6952317 0.0288202 0.0165897
28 0.2005245 0.3966172 0.0288202 0.0165897
11 0.4939668 0.6355088 0.0288202 0.0165897
29 0.2005245 0.6355088 0.0288202 0.0165897
9 0.4939668 0.3966172 0.0288202 0.0165897
14 0.6406879 0.6355088 0.0288202 0.0165897
12 0.3472456 0.6355088 0.0288202 0.0165897
2 0.6406879 0.3966172 0.0288202 0.0165897
2 0.5673273 0.4563401 0.0288202 0.0165897
2 0.2738851 0.3966172 0.0288202 0.0165897
18 0.4192962 0.6952317 0.0288202 0.0165897
24 0.3472456 0.5160630 0.0288202 0.0165897
5 0.4939668 0.5757859 0.0288202 0.0165897
3 0.2738851 0.5757859 0.0288202 0.0165897
6 0.5673273 0.6952317 0.0288202 0.0165897
11 0.2738851 0.5160630 0.0288202 0.0165897
27 0.2738851 0.6355088 0.0288202 0.0165897
22 0.4192962 0.3966172 0.0288202 0.0165897
10 0.3472456 0.4563401 0.0288202 0.0165897
22 0.2738851 0.4563401 0.0288202 0.0165897
13 0.4939668 0.6952317 0.0288202 0.0165897
3 0.5673273 0.6355088 0.0288202 0.0165897
13 0.3472456 0.3966172 0.0288202 0.0165897
26 0.3472456 0.5757859 0.0288202 0.0165897
15 0.4939668 0.5160630 0.0288202 0.0165897
31 0.4192962 0.4563401 0.0288202 0.0165897
2 0.5673273 0.3966172 0.0288202 0.0165897
29 0.6406879 0.5160630 0.0288202 0.0165897
