14 0.4448449 0.5172926 0.0277041 0.0162075
28 0.7974423 0.5756397 0.0277041 0.0162075
32 0.5877728 0.4638077 0.5100069 0.4149127
6 0.4448449 0.3422513 0.0277041 0.0162075
3 0.5153644 0.4005984 0.0277041 0.0162075
31 0.4448449 0.4589455 0.0277041 0.0162075
11 0.5846246 0.5172926 0.0277041 0.0162075
7 0.7269228 0.5172926 0.0277040 0.0162075
21 0.7974423 0.5172926 0.0277041 0.0162075
16 0.4448449 0.5756397 0.0277041 0.0162075
5 0.5846246 0.5756397 0.0277041 0.0162075
1 0.7269228 0.5756397 0.0277040 0.0162075
15 0.3743255 0.6339868 0.0277040 0.0162075
34 0.5153644 0.6334466 0.0654824 0.0583471
15 0.5153644 0.6339868 0.0277041 0.0162075
5 0.3743255 0.4005984 0.0277040 0.0162075
12 0.7974423 0.6339868 0.0277041 0.0162075
25 0.7269228 0.4589455 0.0277040 0.0162075
18 0.5153644 0.4589455 0.0277041 0.0162075
2 0.7269228 0.6339868 0.0277040 0.0162075
31 0.7269228 0.4005984 0.0277040 0.0162075
12 0.6564034 0.5756397 0.0277041 0.0162075
15 0.4448449 0.4005984 0.0277041 0.0162075
25 0.5153644 0.3422513 0.0277041 0.0162075
25 0.5846246 0.4005984 0.0277041 0.0162075
12 0.7974423 0.4589455 0.0277041 0.0162075
10 0.5846246 0.6339868 0.0277041 0.0162075
28 0.3743255 0.4589455 0.0277040 0.0162075
27 0.6564034 0.4005984 0.0277041 0.0162075
20 0.6564034 0.4589455 0.0277041 0.0162075
26 0.7269228 0.3422513 0.0277040 0.0162075
30 0.4448449 0.6339868 0.0277041 0.0162075
30 0.6564034 0.5172926 0.0277041 0.0162075
24 0.3743255 0.3422513 0.0277040 0.0162075
30 0.5846246 0.4589455 0.0277041 0.0162075
2 0.7974423 0.3422513 0.0277041 0.0162075
31 0.3743255 0.5756397 0.0277040 0.0162075
29 0.6564034 0.3422513 0.0277041 0.0162075
22 0.5153644 0.5172926 0.0277041 0.0162075
21 0.3743255 0.5172926 0.0277040 0.0162075
16 0.5153644 0.5756397 0.0277041 0.0162075
5 0.7974423 0.4005984 0.0277041 0.0162075
3 0.6564034 0.6339868 0.0277041 0.0162075
5 0.5846246 0.3422513 0.0277041 0.0162075
