13 0.1875786 0.4462551 0.0268512 0.0161294
5 0.2559271 0.7365837 0.0268512 0.0161294
32 0.3944548 0.5672253 0.4943059 0.4129117
29 0.2559271 0.4462551 0.0268512 0.0161294
15 0.4609725 0.4462551 0.0268512 0.0161294
22 0.3914035 0.5043208 0.0268512 0.0161294
20 0.4609725 0.5043208 0.0268512 0.0161294
21 0.3914035 0.6204522 0.0268512 0.0161294
33 0.4603622 0.6199146 0.0646869 0.0580657
15 0.4609725 0.6204522 0.0268512 0.0161294
12 0.1875786 0.6785179 0.0268512 0.0161294
7 0.4609725 0.6785179 0.0268512 0.0161294
18 0.5293210 0.6785179 0.0268512 0.0161294
2 0.4609725 0.7365837 0.0268512 0.0161294
5 0.5293210 0.7365837 0.0268512 0.0161294
3 0.5976694 0.5043208 0.0268512 0.0161294
14 0.5293210 0.4462551 0.0268512 0.0161294
10 0.3914035 0.7365837 0.0268512 0.0161294
17 0.3242756 0.6785179 0.0268512 0.0161294
11 0.3242756 0.6204522 0.0268512 0.0161294
18 0.3242756 0.4462551 0.0268512 0.0161294
1 0.5976694 0.6785179 0.0268512 0.0161294
9 0.3914035 0.5623865 0.0268512 0.0161294
9 0.5976694 0.7365837 0.0268512 0.0161294
31 0.3914035 0.4462551 0.0268512 0.0161294
14 0.5976694 0.4462551 0.0268512 0.0161294
3 0.5976694 0.6204522 0.0268512 0.0161294
16 0.5293210 0.6204522 0.0268512 0.0161294
6 0.1875786 0.6204522 0.0268512 0.0161294
12 0.5976694 0.5623865 0.0268512 0.0161294
7 0.2559271 0.6204522 0.0268512 0.0161294
7 0.5293210 0.5043208 0.0268512 0.0161294
30 0.1875786 0.5043208 0.0268512 0.0161294
25 0.1875786 0.5623865 0.0268512 0.0161294
3 0.1875786 0.7365837 0.0268512 0.0161294
4 0.3914035 0.6785179 0.0268512 0.0161294
10 0.4609725 0.5623865 0.0268512 0.0161294
25 0.3242756 0.5623865 0.0268512 0.0161294
10 0.3242756 0.5043208 0.0268512 0.0161294
19 0.2559271 0.5623865 0.0268512 0.0161294
7 0.3242756 0.7365837 0.0268512 0.0161294
5 0.2559271 0.6785179 0.0268512 0.0161294
1 0.2559271 0.5043208 0.0268512 0.0161294
2 0.5293210 0.5623865 0.0268512 0.0161294
