7 0.6548363 0.4137981 0.0288257 0.0163079
2 0.6548363 0.5899240 0.0288257 0.0163080
32 0.4366779 0.4773992 0.5306557 0.4174837
22 0.2145886 0.3550895 0.0288257 0.0163079
5 0.3613379 0.3550895 0.0288258 0.0163079
7 0.2879632 0.4137981 0.0288257 0.0163079
30 0.5080871 0.4137981 0.0288257 0.0163079
24 0.3613379 0.4725068 0.0288258 0.0163080
31 0.6548363 0.4725068 0.0288257 0.0163080
34 0.3613379 0.5306719 0.0681335 0.0587086
3 0.3613379 0.5312154 0.0288258 0.0163080
27 0.2879632 0.5899240 0.0288257 0.0163080
23 0.2879632 0.6486327 0.0288257 0.0163080
1 0.3613379 0.6486327 0.0288258 0.0163080
8 0.6548363 0.6486327 0.0288257 0.0163080
29 0.2145886 0.5899240 0.0288257 0.0163080
5 0.4334022 0.6486327 0.0288258 0.0163080
6 0.5080871 0.4725068 0.0288257 0.0163080
6 0.4334022 0.3550895 0.0288258 0.0163079
8 0.4334022 0.5899240 0.0288258 0.0163080
27 0.2145886 0.6486327 0.0288257 0.0163080
15 0.4334022 0.4725068 0.0288258 0.0163080
27 0.2145886 0.5312154 0.0288257 0.0163080
12 0.4334022 0.5312154 0.0288258 0.0163080
15 0.2879632 0.4725068 0.0288257 0.0163080
13 0.2879632 0.5312154 0.0288257 0.0163080
5 0.5814617 0.4725068 0.0288258 0.0163080
12 0.3613379 0.5899240 0.0288258 0.0163080
7 0.2145886 0.4725068 0.0288257 0.0163080
19 0.5814617 0.5899240 0.0288258 0.0163080
20 0.6548363 0.5312154 0.0288257 0.0163080
7 0.5814617 0.5312154 0.0288258 0.0163080
1 0.2145886 0.4137981 0.0288257 0.0163079
11 0.5814617 0.4137981 0.0288258 0.0163079
1 0.5080871 0.5312154 0.0288257 0.0163080
15 0.3613379 0.4137981 0.0288258 0.0163079
25 0.5080871 0.5899240 0.0288257 0.0163080
9 0.5080871 0.3550895 0.0288257 0.0163079
20 0.5814617 0.6486327 0.0288258 0.0163080
31 0.5814617 0.3550895 0.0288258 0.0163079
15 0.5080871 0.6486327 0.0288257 0.0163080
14 0.2879632 0.3550895 0.0288257 0.0163079
5 0.4334022 0.4137981 0.0288258 0.0163079
18 0.6548363 0.3550895 0.0288257 0.0163079
