31 0.3742786 0.6090641 0.0271621 0.0169314
14 0.1668587 0.5481110 0.0271621 0.0169314
32 0.3069906 0.4922373 0.5000301 0.4334441
4 0.3742786 0.4262048 0.0271621 0.0169314
2 0.1668587 0.4871579 0.0271621 0.0169314
5 0.3039040 0.4871579 0.0271621 0.0169314
16 0.3742786 0.4871579 0.0271621 0.0169314
26 0.3742786 0.5481110 0.0271621 0.0169314
9 0.4434186 0.5481110 0.0271621 0.0169314
20 0.0977188 0.6090641 0.0271621 0.0169314
10 0.1668587 0.6090641 0.0271621 0.0169314
6 0.2359987 0.6090641 0.0271621 0.0169314
34 0.2359987 0.6694527 0.0642014 0.0609530
2 0.2359987 0.6700172 0.0271621 0.0169314
19 0.5125585 0.6700172 0.0271621 0.0169314
21 0.2359987 0.3652517 0.0271621 0.0169314
17 0.5125585 0.4262048 0.0271621 0.0169314
5 0.3039040 0.4262048 0.0271621 0.0169314
3 0.1668587 0.6700172 0.0271621 0.0169314
27 0.1668587 0.3652517 0.0271621 0.0169314
8 0.3742786 0.6700172 0.0271621 0.0169314
20 0.3039040 0.6090641 0.0271621 0.0169314
1 0.1668587 0.4262048 0.0271621 0.0169314
11 0.2359987 0.4871579 0.0271621 0.0169314
15 0.4434186 0.6090641 0.0271621 0.0169314
18 0.4434186 0.3652517 0.0271621 0.0169314
18 0.3039040 0.6700172 0.0271621 0.0169314
24 0.5125585 0.5481110 0.0271621 0.0169314
12 0.0977188 0.6700172 0.0271621 0.0169314
7 0.5125585 0.4871579 0.0271621 0.0169314
17 0.5125585 0.6090641 0.0271621 0.0169314
5 0.4434186 0.4262048 0.0271621 0.0169314
13 0.4434186 0.6700172 0.0271621 0.0169314
11 0.0977188 0.4871579 0.0271621 0.0169314
27 0.3039040 0.5481110 0.0271621 0.0169314
6 0.2359987 0.4262048 0.0271621 0.0169314
9 0.5125585 0.3652517 0.0271621 0.0169314
7 0.3039040 0.3652517 0.0271621 0.0169314
28 0.0977188 0.5481110 0.0271621 0.0169314
28 0.0977188 0.3652517 0.0271621 0.0169314
5 0.0977188 0.4262048 0.0271621 0.0169314
19 0.4434186 0.4871579 0.0271621 0.0169314
3 0.2359987 0.5481110 0.0271621 0.0169314
26 0.3742786 0.3652517 0.0271621 0.0169314
