13 0.6547856 0.5461052 0.0262135 0.0172656
9 0.7215109 0.4839490 0.0262135 0.0172656
32 0.5231223 0.5512849 0.4825671 0.4419999
5 0.5201434 0.4217927 0.0262135 0.0172656
23 0.3878843 0.4839490 0.0262135 0.0172656
17 0.4546096 0.4839490 0.0262135 0.0172656
16 0.5201434 0.4839490 0.0262135 0.0172656
33 0.3211590 0.5455297 0.0619592 0.0621562
29 0.3211590 0.5461052 0.0262135 0.0172656
21 0.7215109 0.5461052 0.0262135 0.0172656
4 0.4546096 0.6082614 0.0262135 0.0172656
13 0.7215109 0.6704177 0.0262135 0.0172656
12 0.4546096 0.7325739 0.0262135 0.0172656
24 0.5201434 0.7325739 0.0262135 0.0172656
18 0.7215109 0.7325739 0.0262135 0.0172656
7 0.7215109 0.6082614 0.0262135 0.0172656
10 0.6547856 0.7325739 0.0262135 0.0172656
21 0.3878843 0.7325739 0.0262135 0.0172656
8 0.3878843 0.6082614 0.0262135 0.0172656
22 0.7215109 0.4217927 0.0262135 0.0172656
13 0.5880603 0.7325739 0.0262135 0.0172656
15 0.5201434 0.6704177 0.0262135 0.0172656
12 0.3211590 0.4217927 0.0262135 0.0172656
4 0.5201434 0.5461052 0.0262135 0.0172656
26 0.5880603 0.4217927 0.0262135 0.0172656
24 0.5880603 0.5461052 0.0262135 0.0172656
13 0.3878843 0.6704177 0.0262135 0.0172656
17 0.3211590 0.7325739 0.0262135 0.0172656
30 0.3878843 0.5461052 0.0262135 0.0172656
9 0.4546096 0.6704177 0.0262135 0.0172656
25 0.5201434 0.6082614 0.0262135 0.0172656
4 0.3211590 0.4839490 0.0262135 0.0172656
8 0.5880603 0.6082614 0.0262135 0.0172656
28 0.5880603 0.6704177 0.0262135 0.0172656
10 0.3211590 0.6704177 0.0262135 0.0172656
7 0.4546096 0.5461052 0.0262135 0.0172656
7 0.3211590 0.6082614 0.0262135 0.0172656
8 0.6547856 0.4839490 0.0262135 0.0172656
4 0.3878843 0.4217927 0.0262135 0.0172656
26 0.5880603 0.4839490 0.0262135 0.0172656
16 0.4546096 0.4217927 0.0262135 0.0172656
13 0.6547856 0.6082614 0.0262135 0.0172656
25 0.6547856 0.6704177 0.0262135 0.0172656
16 0.6547856 0.4217927 0.0262135 0.0172656
