17 0.7120924 0.6030169 0.0279787 0.0160754
27 0.3559989 0.5451456 0.0279788 0.0160754
32 0.5715627 0.5499682 0.5150639 0.4115296
34 0.4265817 0.4288670 0.0648599 0.0578714
24 0.4272176 0.4294029 0.0279788 0.0160754
31 0.5683833 0.4294029 0.0279787 0.0160754
25 0.4272176 0.4872742 0.0279788 0.0160754
7 0.5683833 0.4872742 0.0279787 0.0160754
18 0.7120924 0.4872742 0.0279787 0.0160754
16 0.4272176 0.5451456 0.0279788 0.0160754
11 0.4984364 0.5451456 0.0279788 0.0160754
9 0.7833112 0.6030169 0.0279787 0.0160754
19 0.5683833 0.6608883 0.0279787 0.0160754
17 0.3559989 0.7187596 0.0279788 0.0160754
10 0.4984364 0.7187596 0.0279788 0.0160754
27 0.3559989 0.4294029 0.0279788 0.0160754
11 0.5683833 0.7187596 0.0279787 0.0160754
25 0.7120924 0.6608883 0.0279787 0.0160754
14 0.3559989 0.6030169 0.0279788 0.0160754
31 0.6408737 0.6030169 0.0279787 0.0160754
26 0.6408737 0.4294029 0.0279787 0.0160754
31 0.4272176 0.6030169 0.0279788 0.0160754
28 0.4984364 0.6608883 0.0279788 0.0160754
4 0.4984364 0.4294029 0.0279788 0.0160754
15 0.6408737 0.7187596 0.0279787 0.0160754
4 0.3559989 0.4872742 0.0279788 0.0160754
18 0.4272176 0.7187596 0.0279788 0.0160754
19 0.7833112 0.5451456 0.0279787 0.0160754
1 0.3559989 0.6608883 0.0279788 0.0160754
14 0.4272176 0.6608883 0.0279788 0.0160754
2 0.7833112 0.7187596 0.0279787 0.0160754
21 0.6408737 0.5451456 0.0279787 0.0160754
28 0.7120924 0.4294029 0.0279787 0.0160754
1 0.4984364 0.4872742 0.0279788 0.0160754
10 0.4984364 0.6030169 0.0279788 0.0160754
22 0.6408737 0.4872742 0.0279787 0.0160754
5 0.7833112 0.6608883 0.0279787 0.0160754
8 0.7120924 0.7187596 0.0279787 0.0160754
26 0.7833112 0.4872742 0.0279787 0.0160754
14 0.5683833 0.6030169 0.0279787 0.0160754
5 0.6408737 0.6608883 0.0279787 0.0160754
22 0.7120924 0.5451456 0.0279787 0.0160754
2 0.5683833 0.5451456 0.0279787 0.0160754
16 0.7833112 0.4294029 0.0279787 0.0160754
