8 0.3475600 0.4632462 0.0266577 0.0172713
24 0.1439918 0.4632462 0.0266578 0.0172713
32 0.2815215 0.4062509 0.4907449 0.4421449
6 0.0761357 0.2767163 0.0266577 0.0172713
1 0.2784922 0.2767163 0.0266578 0.0172713
3 0.2118479 0.3388929 0.0266578 0.0172713
25 0.4154161 0.3388929 0.0266578 0.0172713
34 0.0761357 0.4004938 0.0630092 0.0621766
12 0.0761357 0.4010696 0.0266577 0.0172713
19 0.1439918 0.4010696 0.0266578 0.0172713
8 0.4154161 0.4010696 0.0266578 0.0172713
11 0.2118479 0.4632462 0.0266578 0.0172713
21 0.4154161 0.4632462 0.0266578 0.0172713
22 0.3475600 0.5254228 0.0266577 0.0172713
4 0.4154161 0.5875994 0.0266578 0.0172713
7 0.4832722 0.2767163 0.0266578 0.0172713
13 0.2118479 0.2767163 0.0266578 0.0172713
9 0.2784922 0.4010696 0.0266578 0.0172713
7 0.1439918 0.5254228 0.0266578 0.0172713
19 0.1439918 0.2767163 0.0266578 0.0172713
27 0.2784922 0.5254228 0.0266578 0.0172713
10 0.2118479 0.5254228 0.0266578 0.0172713
10 0.4832722 0.4632462 0.0266578 0.0172713
18 0.0761357 0.5254228 0.0266577 0.0172713
28 0.0761357 0.4632462 0.0266577 0.0172713
5 0.0761357 0.5875994 0.0266577 0.0172713
6 0.1439918 0.5875994 0.0266578 0.0172713
26 0.4832722 0.5875994 0.0266578 0.0172713
5 0.2784922 0.3388929 0.0266578 0.0172713
28 0.1439918 0.3388929 0.0266578 0.0172713
12 0.2784922 0.5875994 0.0266578 0.0172713
8 0.4154161 0.5254228 0.0266578 0.0172713
19 0.2118479 0.4010696 0.0266578 0.0172713
29 0.0761357 0.3388929 0.0266577 0.0172713
12 0.4832722 0.3388929 0.0266578 0.0172713
16 0.4154161 0.2767163 0.0266578 0.0172713
10 0.3475600 0.5875994 0.0266577 0.0172713
15 0.3475600 0.2767163 0.0266577 0.0172713
20 0.4832722 0.5254228 0.0266578 0.0172713
13 0.3475600 0.4010696 0.0266577 0.0172713
12 0.2118479 0.5875994 0.0266578 0.0172713
20 0.2784922 0.4632462 0.0266578 0.0172713
13 0.3475600 0.3388929 0.0266577 0.0172713
31 0.4832722 0.4010696 0.0266578 0.0172713
