8 0.2722514 0.6917293 0.0263002 0.0162311
2 0.3380018 0.6332975 0.0263002 0.0162311
32 0.3409904 0.5213029 0.4841622 0.4155159
27 0.4061431 0.3995698 0.0263002 0.0162311
23 0.5400349 0.3995698 0.0263002 0.0162311
34 0.1383596 0.4574607 0.0621640 0.0584319
3 0.1383596 0.4580017 0.0263002 0.0162311
1 0.2722514 0.4580017 0.0263002 0.0162311
12 0.3380018 0.4580017 0.0263002 0.0162311
14 0.2053055 0.5164336 0.0263002 0.0162311
15 0.2722514 0.5164336 0.0263002 0.0162311
7 0.4061431 0.5164336 0.0263002 0.0162311
26 0.4730890 0.5164336 0.0263002 0.0162311
6 0.3380018 0.5748656 0.0263002 0.0162311
17 0.5400349 0.6332975 0.0263002 0.0162311
14 0.2722514 0.3995698 0.0263002 0.0162311
16 0.3380018 0.6917293 0.0263002 0.0162311
28 0.3380018 0.3995698 0.0263002 0.0162311
25 0.4730890 0.4580017 0.0263002 0.0162311
11 0.1383596 0.5748656 0.0263002 0.0162311
26 0.5400349 0.6917293 0.0263002 0.0162311
28 0.4730890 0.5748656 0.0263002 0.0162311
9 0.2722514 0.5748656 0.0263002 0.0162311
3 0.2722514 0.6332975 0.0263002 0.0162311
25 0.2053055 0.5748656 0.0263002 0.0162311
5 0.1383596 0.6917293 0.0263002 0.0162311
27 0.4730890 0.6917293 0.0263002 0.0162311
21 0.2053055 0.4580017 0.0263002 0.0162311
17 0.2053055 0.3995698 0.0263002 0.0162311
22 0.2053055 0.6332975 0.0263002 0.0162311
29 0.4061431 0.5748656 0.0263002 0.0162311
15 0.1383596 0.6332975 0.0263002 0.0162311
18 0.4061431 0.4580017 0.0263002 0.0162311
22 0.5400349 0.5164336 0.0263002 0.0162311
28 0.4061431 0.6332975 0.0263002 0.0162311
30 0.5400349 0.4580017 0.0263002 0.0162311
14 0.3380018 0.5164336 0.0263002 0.0162311
6 0.5400349 0.5748656 0.0263002 0.0162311
30 0.1383596 0.3995698 0.0263002 0.0162311
8 0.4730890 0.3995698 0.0263002 0.0162311
19 0.4061431 0.6917293 0.0263002 0.0162311
8 0.1383596 0.5164336 0.0263002 0.0162311
25 0.2053055 0.6917293 0.0263002 0.0162311
20 0.4730890 0.6332975 0.0263002 0.0162311
