17 0.3357084 0.4962027 0.0266730 0.0171672
21 0.2666010 0.6816081 0.0266730 0.0171672
32 0.2696320 0.5631546 0.4910263 0.4394796
21 0.1999184 0.4344008 0.0266730 0.0171672
15 0.2666010 0.4344008 0.0266730 0.0171672
12 0.1320234 0.4962027 0.0266730 0.0171672
33 0.1999184 0.4956304 0.0630453 0.0618018
26 0.1999184 0.4962027 0.0266730 0.0171672
5 0.2666010 0.5580045 0.0266730 0.0171672
13 0.4036034 0.5580045 0.0266730 0.0171672
27 0.4714983 0.6816081 0.0266730 0.0171672
16 0.0641284 0.7434100 0.0266730 0.0171672
4 0.1999184 0.7434100 0.0266730 0.0171672
9 0.2666010 0.7434100 0.0266730 0.0171672
26 0.3357084 0.7434100 0.0266730 0.0171672
7 0.0641284 0.6198063 0.0266730 0.0171672
1 0.4036034 0.4962027 0.0266730 0.0171672
17 0.1320234 0.4344008 0.0266730 0.0171672
28 0.4714983 0.4962027 0.0266730 0.0171672
10 0.2666010 0.6198063 0.0266730 0.0171672
27 0.0641284 0.5580045 0.0266730 0.0171672
26 0.4036034 0.6816081 0.0266730 0.0171672
4 0.4036034 0.4344008 0.0266730 0.0171672
30 0.3357084 0.4344008 0.0266730 0.0171672
12 0.4036034 0.7434100 0.0266730 0.0171672
9 0.3357084 0.6816081 0.0266730 0.0171672
19 0.4714983 0.6198063 0.0266730 0.0171672
17 0.4714983 0.4344008 0.0266730 0.0171672
3 0.3357084 0.6198063 0.0266730 0.0171672
20 0.1320234 0.5580045 0.0266730 0.0171672
20 0.3357084 0.5580045 0.0266730 0.0171672
4 0.1320234 0.7434100 0.0266730 0.0171672
25 0.1999184 0.6816081 0.0266730 0.0171672
21 0.0641284 0.4962027 0.0266730 0.0171672
25 0.1320234 0.6816081 0.0266730 0.0171672
26 0.4036034 0.6198063 0.0266730 0.0171672
11 0.4714983 0.5580045 0.0266730 0.0171672
15 0.4714983 0.7434100 0.0266730 0.0171672
16 0.2666010 0.4962027 0.0266730 0.0171672
15 0.1320234 0.6198063 0.0266730 0.0171672
5 0.1999184 0.5580045 0.0266730 0.0171672
4 0.0641284 0.6816081 0.0266730 0.0171672
28 0.0641284 0.4344008 0.0266730 0.0171672
11 0.1999184 0.6198063 0.0266730 0.0171672
