3 0.7874071 0.7300515 0.0285465 0.0166607
2 0.7874071 0.4301591 0.0285465 0.0166607
32 0.5713614 0.5551143 0.5255166 0.4265137
17 0.4967509 0.4301591 0.0285466 0.0166607
27 0.7147430 0.4301591 0.0285466 0.0166607
24 0.5681174 0.4901376 0.0285466 0.0166607
20 0.6420790 0.4901376 0.0285466 0.0166607
13 0.3514229 0.5501161 0.0285466 0.0166606
9 0.4967509 0.5501161 0.0285466 0.0166606
31 0.6420790 0.5501161 0.0285466 0.0166606
34 0.4967509 0.6095393 0.0674737 0.0599785
27 0.4967509 0.6100945 0.0285466 0.0166607
18 0.6420790 0.6100945 0.0285466 0.0166607
15 0.7874071 0.6100945 0.0285465 0.0166607
5 0.6420790 0.6700730 0.0285466 0.0166607
1 0.3514229 0.6100945 0.0285466 0.0166607
30 0.5681174 0.6700730 0.0285466 0.0166607
2 0.7147430 0.7300515 0.0285466 0.0166607
5 0.6420790 0.4301591 0.0285466 0.0166607
19 0.4967509 0.4901376 0.0285466 0.0166607
22 0.5681174 0.7300515 0.0285466 0.0166607
5 0.7147430 0.4901376 0.0285466 0.0166607
19 0.4967509 0.7300515 0.0285466 0.0166607
18 0.5681174 0.5501161 0.0285466 0.0166606
10 0.7874071 0.6700730 0.0285465 0.0166607
10 0.3514229 0.4301591 0.0285466 0.0166607
5 0.4240870 0.5501161 0.0285466 0.0166606
9 0.3514229 0.7300515 0.0285466 0.0166607
1 0.5681174 0.4301591 0.0285466 0.0166607
20 0.4967509 0.6700730 0.0285466 0.0166607
6 0.7147430 0.5501161 0.0285466 0.0166606
5 0.7147430 0.6100945 0.0285466 0.0166607
14 0.6420790 0.7300515 0.0285466 0.0166607
18 0.4240870 0.6100945 0.0285466 0.0166607
31 0.3514229 0.4901376 0.0285466 0.0166607
29 0.4240870 0.6700730 0.0285466 0.0166607
5 0.4240870 0.4901376 0.0285466 0.0166607
29 0.4240870 0.7300515 0.0285466 0.0166607
18 0.4240870 0.4301591 0.0285466 0.0166607
1 0.5681174 0.6100945 0.0285466 0.0166607
12 0.7147430 0.6700730 0.0285466 0.0166607
31 0.7874071 0.5501161 0.0285465 0.0166606
9 0.3514229 0.6700730 0.0285466 0.0166607
4 0.7874071 0.4901376 0.0285465 0.0166607
