1 0.5072521 0.3314178 0.0271671 0.0165279
31 0.2306416 0.3909184 0.0271671 0.0165279
32 0.4399518 0.3958768 0.5001218 0.4231154
2 0.5764048 0.2719172 0.0271671 0.0165279
22 0.2306416 0.3314178 0.0271671 0.0165279
33 0.3689468 0.3308668 0.0642131 0.0595006
15 0.3689468 0.3314178 0.0271671 0.0165279
3 0.4368646 0.3314178 0.0271671 0.0165279
11 0.4368646 0.3909184 0.0271671 0.0165279
1 0.5764048 0.3909184 0.0271671 0.0165279
5 0.2997942 0.4504190 0.0271671 0.0165280
19 0.6455574 0.4504190 0.0271671 0.0165280
14 0.2306416 0.5099196 0.0271671 0.0165280
31 0.5072521 0.5099196 0.0271671 0.0165280
12 0.5764048 0.5099196 0.0271671 0.0165280
10 0.3689468 0.5099196 0.0271671 0.0165280
14 0.6455574 0.2719172 0.0271671 0.0165279
9 0.4368646 0.4504190 0.0271671 0.0165280
3 0.3689468 0.2719172 0.0271671 0.0165279
31 0.5764048 0.3314178 0.0271671 0.0165279
11 0.5072521 0.2719172 0.0271671 0.0165279
8 0.2306416 0.2719172 0.0271671 0.0165279
22 0.5072521 0.4504190 0.0271671 0.0165280
4 0.3689468 0.3909184 0.0271671 0.0165279
20 0.2306416 0.5694202 0.0271671 0.0165279
4 0.5764048 0.4504190 0.0271671 0.0165280
11 0.2997942 0.3314178 0.0271671 0.0165279
3 0.6455574 0.3314178 0.0271671 0.0165279
4 0.2997942 0.2719172 0.0271671 0.0165279
29 0.4368646 0.5099196 0.0271671 0.0165280
11 0.6455574 0.5099196 0.0271671 0.0165280
20 0.5072521 0.3909184 0.0271671 0.0165279
6 0.2997942 0.3909184 0.0271671 0.0165279
3 0.4368646 0.5694202 0.0271671 0.0165279
29 0.2997942 0.5099196 0.0271671 0.0165280
2 0.4368646 0.2719172 0.0271671 0.0165279
5 0.3689468 0.5694202 0.0271671 0.0165279
26 0.6455574 0.3909184 0.0271671 0.0165279
5 0.5072521 0.5694202 0.0271671 0.0165279
18 0.2997942 0.5694202 0.0271671 0.0165279
30 0.6455574 0.5694202 0.0271671 0.0165279
24 0.5764048 0.5694202 0.0271671 0.0165279
25 0.3689468 0.4504190 0.0271671 0.0165280
6 0.2306416 0.4504190 0.0271671 0.0165280
