11 0.6070554 0.6269298 0.0262926 0.0165668
27 0.6070554 0.5076492 0.0262926 0.0165668
32 0.5419213 0.5126193 0.4840241 0.4241088
24 0.3393482 0.3883687 0.0262927 0.0165667
6 0.6739822 0.3883687 0.0262926 0.0165667
16 0.3393482 0.5076492 0.0262927 0.0165668
10 0.4732018 0.5672895 0.0262926 0.0165668
9 0.5389335 0.5672895 0.0262927 0.0165668
8 0.6070554 0.5672895 0.0262926 0.0165668
22 0.4732018 0.6269298 0.0262926 0.0165668
34 0.4056774 0.6860179 0.0609512 0.0596403
28 0.4062750 0.6865701 0.0262926 0.0165668
13 0.5389335 0.6865701 0.0262927 0.0165668
7 0.6739822 0.6865701 0.0262926 0.0165668
9 0.7409090 0.6269298 0.0262926 0.0165668
25 0.7409090 0.3883687 0.0262926 0.0165667
21 0.4732018 0.4480090 0.0262926 0.0165667
6 0.6070554 0.4480090 0.0262926 0.0165667
26 0.5389335 0.6269298 0.0262927 0.0165668
6 0.7409090 0.5672895 0.0262926 0.0165668
24 0.4062750 0.5076492 0.0262926 0.0165668
19 0.7409090 0.6865701 0.0262926 0.0165668
9 0.5389335 0.5076492 0.0262927 0.0165668
30 0.3393482 0.5672895 0.0262927 0.0165668
13 0.3393482 0.4480090 0.0262927 0.0165667
15 0.4062750 0.5672895 0.0262926 0.0165668
31 0.6739822 0.5672895 0.0262926 0.0165668
8 0.6070554 0.3883687 0.0262926 0.0165667
2 0.4732018 0.6865701 0.0262926 0.0165668
17 0.3393482 0.6269298 0.0262927 0.0165668
19 0.4062750 0.4480090 0.0262926 0.0165667
29 0.5389335 0.3883687 0.0262927 0.0165667
20 0.4732018 0.3883687 0.0262926 0.0165667
20 0.7409090 0.4480090 0.0262926 0.0165667
21 0.3393482 0.6865701 0.0262927 0.0165668
8 0.6739822 0.6269298 0.0262926 0.0165668
30 0.7409090 0.5076492 0.0262926 0.0165668
31 0.6739822 0.4480090 0.0262926 0.0165667
16 0.5389335 0.4480090 0.0262927 0.0165667
7 0.4732018 0.5076492 0.0262926 0.0165668
6 0.6739822 0.5076492 0.0262926 0.0165668
21 0.4062750 0.6269298 0.0262926 0.0165668
11 0.4062750 0.3883687 0.0262926 0.0165667
13 0.6070554 0.6865701 0.0262926 0.0165668
