11 0.2293003 0.5500381 0.0271936 0.0163065
13 0.2293003 0.4913346 0.0271936 0.0163066
32 0.4388144 0.5549301 0.5006087 0.4174473
18 0.5061802 0.4326311 0.0271935 0.0163065
20 0.3677402 0.4913346 0.0271936 0.0163066
12 0.5061802 0.4913346 0.0271935 0.0163066
11 0.5754002 0.5500381 0.0271935 0.0163065
30 0.6446202 0.5500381 0.0271936 0.0163065
15 0.2293003 0.6087417 0.0271936 0.0163066
33 0.4357242 0.6081981 0.0642757 0.0587035
7 0.4357242 0.6087417 0.0271936 0.0163066
21 0.5061802 0.6087417 0.0271935 0.0163066
16 0.6446202 0.6087417 0.0271936 0.0163066
1 0.5754002 0.6674452 0.0271935 0.0163066
21 0.6446202 0.4913346 0.0271936 0.0163066
28 0.2293003 0.6674452 0.0271936 0.0163066
11 0.4357242 0.5500381 0.0271936 0.0163065
21 0.4357242 0.4326311 0.0271936 0.0163065
30 0.2293003 0.7261487 0.0271936 0.0163065
4 0.4357242 0.6674452 0.0271936 0.0163066
25 0.4357242 0.4913346 0.0271936 0.0163066
26 0.2293003 0.4326311 0.0271936 0.0163065
19 0.6446202 0.4326311 0.0271936 0.0163065
3 0.2985203 0.4913346 0.0271936 0.0163066
21 0.5061802 0.6674452 0.0271935 0.0163066
24 0.3677402 0.6674452 0.0271936 0.0163066
5 0.5061802 0.5500381 0.0271935 0.0163065
22 0.2985203 0.6674452 0.0271936 0.0163066
25 0.5754002 0.4913346 0.0271935 0.0163066
17 0.3677402 0.6087417 0.0271936 0.0163066
6 0.3677402 0.5500381 0.0271936 0.0163065
1 0.3677402 0.7261487 0.0271936 0.0163065
26 0.2985203 0.7261487 0.0271936 0.0163065
4 0.5754002 0.7261487 0.0271935 0.0163065
12 0.6446202 0.7261487 0.0271936 0.0163065
10 0.5061802 0.7261487 0.0271935 0.0163065
27 0.2985203 0.6087417 0.0271936 0.0163066
7 0.6446202 0.6674452 0.0271936 0.0163066
15 0.5754002 0.6087417 0.0271935 0.0163066
3 0.4357242 0.7261487 0.0271936 0.0163065
2 0.5754002 0.4326311 0.0271935 0.0163065
13 0.2985203 0.5500381 0.0271936 0.0163065
4 0.2985203 0.4326311 0.0271936 0.0163065
13 0.3677402 0.4326311 0.0271936 0.0163065
