26 0.2025394 0.6539936 0.0273020 0.0172549
27 0.5500190 0.5297586 0.0273020 0.0172548
32 0.3433928 0.5349351 0.5026044 0.4417245
23 0.2720353 0.4055236 0.0273020 0.0172548
16 0.4805231 0.4055236 0.0273019 0.0172548
20 0.5500190 0.4055236 0.0273020 0.0172548
30 0.4110271 0.5297586 0.0273020 0.0172548
10 0.5500190 0.5918761 0.0273020 0.0172548
22 0.3402902 0.6539936 0.0273020 0.0172549
33 0.4104066 0.6534184 0.0657729 0.0621175
18 0.4110271 0.6539936 0.0273020 0.0172549
14 0.2025394 0.7161111 0.0273020 0.0172549
4 0.4110271 0.7161111 0.0273020 0.0172549
19 0.4805231 0.7161111 0.0273019 0.0172549
5 0.1330435 0.4055236 0.0273020 0.0172548
31 0.2720353 0.5297586 0.0273020 0.0172548
19 0.2025394 0.5297586 0.0273020 0.0172548
28 0.4805231 0.4676411 0.0273019 0.0172548
14 0.1330435 0.7161111 0.0273020 0.0172549
13 0.2720353 0.7161111 0.0273020 0.0172549
20 0.2025394 0.5918761 0.0273020 0.0172548
4 0.3402902 0.7161111 0.0273020 0.0172549
26 0.5500190 0.6539936 0.0273020 0.0172549
15 0.1330435 0.4676411 0.0273020 0.0172548
3 0.1330435 0.5918761 0.0273020 0.0172548
16 0.3402902 0.4676411 0.0273020 0.0172548
2 0.2720353 0.4676411 0.0273020 0.0172548
27 0.4805231 0.6539936 0.0273019 0.0172549
16 0.1330435 0.6539936 0.0273020 0.0172549
29 0.4110271 0.5918761 0.0273020 0.0172548
31 0.2025394 0.4055236 0.0273020 0.0172548
30 0.4110271 0.4055236 0.0273020 0.0172548
28 0.3402902 0.5297586 0.0273020 0.0172548
12 0.2720353 0.6539936 0.0273020 0.0172549
14 0.4805231 0.5918761 0.0273019 0.0172548
8 0.5500190 0.4676411 0.0273020 0.0172548
16 0.3402902 0.4055236 0.0273020 0.0172548
28 0.2720353 0.5918761 0.0273020 0.0172548
21 0.3402902 0.5918761 0.0273020 0.0172548
17 0.1330435 0.5297586 0.0273020 0.0172548
25 0.2025394 0.4676411 0.0273020 0.0172548
22 0.5500190 0.7161111 0.0273020 0.0172549
18 0.4110271 0.4676411 0.0273020 0.0172548
7 0.4805231 0.5297586 0.0273019 0.0172548
