31 0.5869648 0.4921769 0.0272445 0.0164248
22 0.3776774 0.5513063 0.0272446 0.0164248
32 0.3807734 0.4379749 0.5015469 0.4204758
20 0.2402164 0.3147887 0.0272445 0.0164249
11 0.5176151 0.3147887 0.0272445 0.0164249
27 0.3095661 0.3739181 0.0272445 0.0164248
33 0.5169959 0.3733706 0.0631578 0.0591294
26 0.5176151 0.3739181 0.0272445 0.0164248
25 0.3095661 0.4330475 0.0272445 0.0164248
3 0.5176151 0.4330475 0.0272445 0.0164248
23 0.2402164 0.4921769 0.0272445 0.0164248
22 0.3095661 0.4921769 0.0272445 0.0164248
19 0.3776774 0.6104357 0.0272446 0.0164248
18 0.4482655 0.6104357 0.0272445 0.0164248
21 0.3095661 0.5513063 0.0272445 0.0164248
25 0.1708667 0.4921769 0.0272445 0.0164248
6 0.2402164 0.4330475 0.0272445 0.0164248
17 0.2402164 0.5513063 0.0272445 0.0164248
16 0.2402164 0.3739181 0.0272445 0.0164248
26 0.4482655 0.4330475 0.0272445 0.0164248
18 0.1708667 0.6104357 0.0272445 0.0164248
22 0.3776774 0.4330475 0.0272446 0.0164248
15 0.5176151 0.6104357 0.0272445 0.0164248
22 0.4482655 0.4921769 0.0272445 0.0164248
4 0.5869648 0.3147887 0.0272445 0.0164249
5 0.3776774 0.3739181 0.0272446 0.0164248
3 0.1708667 0.5513063 0.0272445 0.0164248
5 0.4482655 0.3739181 0.0272445 0.0164248
7 0.1708667 0.3147887 0.0272445 0.0164249
3 0.3095661 0.3147887 0.0272445 0.0164249
30 0.1708667 0.3739181 0.0272445 0.0164248
9 0.1708667 0.4330475 0.0272445 0.0164248
21 0.4482655 0.3147887 0.0272445 0.0164249
11 0.5869648 0.4330475 0.0272445 0.0164248
3 0.3776774 0.3147887 0.0272446 0.0164249
16 0.3776774 0.4921769 0.0272446 0.0164248
18 0.4482655 0.5513063 0.0272445 0.0164248
11 0.2402164 0.6104357 0.0272445 0.0164248
24 0.5176151 0.4921769 0.0272445 0.0164248
11 0.5869648 0.6104357 0.0272445 0.0164248
28 0.5869648 0.3739181 0.0272445 0.0164248
30 0.5176151 0.5513063 0.0272445 0.0164248
28 0.5869648 0.5513063 0.0272445 0.0164248
28 0.3095661 0.6104357 0.0272445 0.0164248
