15 0.3727903 0.2140022 0.0263606 0.0167368
8 0.4410883 0.3947597 0.0263606 0.0167368
32 0.3757858 0.3395283 0.4852750 0.4284621
15 0.2397890 0.2140022 0.0263606 0.0167368
26 0.4410883 0.2140022 0.0263606 0.0167368
30 0.5752877 0.2140022 0.0263606 0.0167368
7 0.3068887 0.2742547 0.0263606 0.0167368
5 0.3068887 0.3345072 0.0263606 0.0167368
6 0.3727903 0.3345072 0.0263606 0.0167368
29 0.3727903 0.4550121 0.0263606 0.0167368
24 0.2397890 0.5152646 0.0263606 0.0167368
25 0.3068887 0.5152646 0.0263606 0.0167368
34 0.4404891 0.5147067 0.0635051 0.0602525
10 0.4410883 0.5152646 0.0263606 0.0167368
29 0.3727903 0.2742547 0.0263606 0.0167368
26 0.5752877 0.5152646 0.0263606 0.0167368
31 0.5752877 0.4550121 0.0263606 0.0167368
26 0.3068887 0.4550121 0.0263606 0.0167368
14 0.1726892 0.2742547 0.0263606 0.0167368
8 0.5081880 0.2140022 0.0263606 0.0167368
21 0.2397890 0.3947597 0.0263606 0.0167368
14 0.4410883 0.2742547 0.0263606 0.0167368
5 0.5081880 0.4550121 0.0263606 0.0167368
5 0.5752877 0.2742547 0.0263606 0.0167368
9 0.3068887 0.2140022 0.0263606 0.0167368
31 0.3727903 0.3947597 0.0263606 0.0167368
17 0.3727903 0.5152646 0.0263606 0.0167368
26 0.1726892 0.3947597 0.0263606 0.0167368
25 0.5752877 0.3947597 0.0263606 0.0167368
26 0.1726892 0.4550121 0.0263606 0.0167368
21 0.2397890 0.2742547 0.0263606 0.0167368
8 0.2397890 0.4550121 0.0263606 0.0167368
13 0.4410883 0.3345072 0.0263606 0.0167368
31 0.1726892 0.5152646 0.0263606 0.0167368
21 0.5081880 0.3947597 0.0263606 0.0167368
13 0.1726892 0.2140022 0.0263606 0.0167368
11 0.5081880 0.3345072 0.0263606 0.0167368
8 0.5752877 0.3345072 0.0263606 0.0167368
19 0.4410883 0.4550121 0.0263606 0.0167368
8 0.2397890 0.3345072 0.0263606 0.0167368
15 0.1726892 0.3345072 0.0263606 0.0167368
2 0.5081880 0.5152646 0.0263606 0.0167368
30 0.5081880 0.2742547 0.0263606 0.0167368
11 0.3068887 0.3947597 0.0263606 0.0167368
