11 0.5972163 0.3952927 0.0280567 0.0174273
8 0.5257992 0.6462461 0.0280568 0.0174274
32 0.4562950 0.5259976 0.5164990 0.4461392
11 0.3115478 0.4580311 0.0280568 0.0174273
30 0.5972163 0.4580311 0.0280567 0.0174273
6 0.5257992 0.5207694 0.0280568 0.0174273
9 0.5972163 0.5207694 0.0280567 0.0174273
5 0.3115478 0.5835077 0.0280568 0.0174273
15 0.4531067 0.5835077 0.0280567 0.0174273
1 0.6686335 0.5835077 0.0280568 0.0174273
34 0.5965787 0.6456651 0.0650406 0.0627384
11 0.5972163 0.6462461 0.0280567 0.0174274
20 0.3829649 0.7089844 0.0280567 0.0174273
29 0.6686335 0.7089844 0.0280568 0.0174273
30 0.4531067 0.6462461 0.0280567 0.0174274
6 0.2401306 0.4580311 0.0280567 0.0174273
4 0.3829649 0.5207694 0.0280567 0.0174273
21 0.6686335 0.5207694 0.0280568 0.0174273
27 0.3115478 0.3952927 0.0280568 0.0174273
24 0.6686335 0.4580311 0.0280568 0.0174273
8 0.2401306 0.6462461 0.0280567 0.0174274
5 0.5257992 0.4580311 0.0280568 0.0174273
9 0.3115478 0.6462461 0.0280568 0.0174274
5 0.2401306 0.5207694 0.0280567 0.0174273
22 0.2401306 0.5835077 0.0280567 0.0174273
31 0.5257992 0.7089844 0.0280568 0.0174273
9 0.3829649 0.6462461 0.0280567 0.0174274
31 0.3115478 0.7089844 0.0280568 0.0174273
27 0.5972163 0.5835077 0.0280567 0.0174273
27 0.4531067 0.7089844 0.0280567 0.0174273
10 0.3829649 0.5835077 0.0280567 0.0174273
3 0.4531067 0.4580311 0.0280567 0.0174273
29 0.4531067 0.5207694 0.0280567 0.0174273
10 0.5257992 0.5835077 0.0280568 0.0174273
24 0.4531067 0.3952927 0.0280567 0.0174273
10 0.6686335 0.6462461 0.0280568 0.0174274
9 0.5257992 0.3952927 0.0280568 0.0174273
8 0.2401306 0.3952927 0.0280567 0.0174273
2 0.2401306 0.7089844 0.0280567 0.0174273
26 0.5972163 0.7089844 0.0280567 0.0174273
28 0.6686335 0.3952927 0.0280568 0.0174273
18 0.3829649 0.4580311 0.0280567 0.0174273
27 0.3829649 0.3952927 0.0280567 0.0174273
13 0.3115478 0.5207694 0.0280568 0.0174273
