1 0.6720755 0.5699306 0.0278085 0.0174218
11 0.6012901 0.4444934 0.0278085 0.0174218
32 0.4616152 0.4497200 0.5119305 0.4459988
10 0.3889337 0.3190563 0.0278085 0.0174218
5 0.4584551 0.3817749 0.0278086 0.0174218
18 0.6012901 0.3817749 0.0278085 0.0174218
34 0.3889337 0.5066313 0.0657294 0.0627186
22 0.3889337 0.5072120 0.0278085 0.0174218
15 0.6720755 0.5072120 0.0278085 0.0174218
6 0.2473628 0.6326492 0.0278086 0.0174218
2 0.3181483 0.6326492 0.0278086 0.0174218
23 0.4584551 0.6326492 0.0278086 0.0174218
9 0.5305046 0.6326492 0.0278085 0.0174218
19 0.6012901 0.6326492 0.0278085 0.0174218
2 0.5305046 0.5072120 0.0278085 0.0174218
16 0.3181483 0.5072120 0.0278086 0.0174218
19 0.3889337 0.6326492 0.0278085 0.0174218
4 0.5305046 0.3817749 0.0278085 0.0174218
19 0.3181483 0.3190563 0.0278086 0.0174218
26 0.6012901 0.3190563 0.0278085 0.0174218
9 0.4584551 0.5699306 0.0278086 0.0174218
24 0.6720755 0.4444934 0.0278085 0.0174218
4 0.3181483 0.4444934 0.0278086 0.0174218
13 0.2473628 0.3190563 0.0278086 0.0174218
19 0.2473628 0.3817749 0.0278086 0.0174218
18 0.4584551 0.3190563 0.0278086 0.0174218
12 0.5305046 0.5699306 0.0278085 0.0174218
1 0.2473628 0.5072120 0.0278086 0.0174218
11 0.3181483 0.3817749 0.0278086 0.0174218
21 0.6012901 0.5699306 0.0278085 0.0174218
22 0.5305046 0.4444934 0.0278085 0.0174218
4 0.6720755 0.6326492 0.0278085 0.0174218
9 0.4584551 0.4444934 0.0278086 0.0174218
18 0.2473628 0.4444934 0.0278086 0.0174218
9 0.6012901 0.5072120 0.0278085 0.0174218
17 0.3889337 0.3817749 0.0278085 0.0174218
29 0.6720755 0.3190563 0.0278085 0.0174218
30 0.6720755 0.3817749 0.0278085 0.0174218
7 0.5305046 0.3190563 0.0278085 0.0174218
2 0.3889337 0.5699306 0.0278085 0.0174218
16 0.4584551 0.5072120 0.0278086 0.0174218
15 0.3181483 0.5699306 0.0278086 0.0174218
25 0.2473628 0.5699306 0.0278086 0.0174218
26 0.3889337 0.4444934 0.0278085 0.0174218
