25 0.5785790 0.6255106 0.0277172 0.0167428
27 0.4374735 0.6857848 0.0277172 0.0167429
32 0.3688106 0.5702593 0.5102476 0.4286164
34 0.2251854 0.4441299 0.0642534 0.0602742
10 0.2258153 0.4446880 0.0277172 0.0167428
29 0.4374735 0.4446880 0.0277172 0.0167428
15 0.5080263 0.5049622 0.0277172 0.0167428
21 0.5785790 0.5049622 0.0277172 0.0167428
30 0.1552626 0.5652364 0.0277172 0.0167429
31 0.4374735 0.5652364 0.0277172 0.0167429
5 0.1552626 0.6255106 0.0277172 0.0167428
17 0.2963681 0.6255106 0.0277172 0.0167428
10 0.5785790 0.6857848 0.0277172 0.0167429
14 0.3656609 0.7460590 0.0277171 0.0167428
22 0.3656609 0.5652364 0.0277171 0.0167429
26 0.5080263 0.6255106 0.0277172 0.0167428
18 0.2963681 0.6857848 0.0277172 0.0167429
25 0.3656609 0.5049622 0.0277171 0.0167428
12 0.3656609 0.6255106 0.0277171 0.0167428
10 0.2258153 0.5652364 0.0277172 0.0167429
20 0.2963681 0.5049622 0.0277172 0.0167428
27 0.4374735 0.5049622 0.0277172 0.0167428
22 0.1552626 0.4446880 0.0277172 0.0167428
30 0.5080263 0.6857848 0.0277172 0.0167429
14 0.4374735 0.7460590 0.0277172 0.0167428
24 0.1552626 0.5049622 0.0277172 0.0167428
21 0.5785790 0.7460590 0.0277172 0.0167428
31 0.2258153 0.6857848 0.0277172 0.0167429
22 0.2963681 0.4446880 0.0277172 0.0167428
3 0.3656609 0.6857848 0.0277171 0.0167429
9 0.2258153 0.5049622 0.0277172 0.0167428
11 0.1552626 0.7460590 0.0277172 0.0167428
21 0.2963681 0.5652364 0.0277172 0.0167429
4 0.5080263 0.4446880 0.0277172 0.0167428
17 0.5785790 0.5652364 0.0277172 0.0167429
11 0.5785790 0.4446880 0.0277172 0.0167428
26 0.1552626 0.6857848 0.0277172 0.0167429
5 0.3656609 0.4446880 0.0277171 0.0167428
5 0.2258153 0.6255106 0.0277172 0.0167428
9 0.5080263 0.5652364 0.0277172 0.0167429
13 0.2258153 0.7460590 0.0277172 0.0167428
26 0.4374735 0.6255106 0.0277172 0.0167428
12 0.5080263 0.7460590 0.0277172 0.0167428
7 0.2963681 0.7460590 0.0277172 0.0167428
