10 0.5533530 0.4015025 0.0282112 0.0163948
18 0.8405945 0.5785659 0.0282112 0.0163947
32 0.6270869 0.5244632 0.5193428 0.4197056
22 0.4815426 0.4605237 0.0282112 0.0163948
10 0.6969737 0.4605237 0.0282113 0.0163948
16 0.7687841 0.4605237 0.0282112 0.0163948
23 0.8405945 0.4605237 0.0282112 0.0163948
29 0.6238811 0.5195447 0.0282113 0.0163947
34 0.8405945 0.5189983 0.0666811 0.0590211
20 0.8405945 0.5195447 0.0282112 0.0163947
17 0.4097322 0.5785659 0.0282112 0.0163947
14 0.4815426 0.5785659 0.0282112 0.0163947
11 0.6969737 0.6375869 0.0282113 0.0163948
15 0.6969737 0.6966081 0.0282113 0.0163947
4 0.4097322 0.6375869 0.0282112 0.0163948
20 0.8405945 0.6375869 0.0282112 0.0163948
4 0.8405945 0.6966081 0.0282112 0.0163947
20 0.7687841 0.6966081 0.0282112 0.0163947
29 0.7687841 0.6375869 0.0282112 0.0163948
26 0.7687841 0.4015025 0.0282112 0.0163948
5 0.6238811 0.5785659 0.0282113 0.0163947
21 0.4097322 0.4605237 0.0282112 0.0163948
10 0.8405945 0.4015025 0.0282112 0.0163948
12 0.4097322 0.6966081 0.0282112 0.0163947
15 0.5533530 0.5785659 0.0282112 0.0163947
9 0.4097322 0.5195447 0.0282112 0.0163947
12 0.4815426 0.5195447 0.0282112 0.0163947
20 0.4815426 0.6375869 0.0282112 0.0163948
3 0.5533530 0.6375869 0.0282112 0.0163948
5 0.6238811 0.6966081 0.0282113 0.0163947
14 0.5533530 0.5195447 0.0282112 0.0163947
25 0.6969737 0.5195447 0.0282113 0.0163947
14 0.4815426 0.6966081 0.0282112 0.0163947
11 0.5533530 0.4605237 0.0282112 0.0163948
6 0.7687841 0.5195447 0.0282112 0.0163947
7 0.7687841 0.5785659 0.0282112 0.0163947
14 0.6238811 0.4015025 0.0282113 0.0163948
22 0.6238811 0.6375869 0.0282113 0.0163948
19 0.4097322 0.4015025 0.0282112 0.0163948
6 0.6969737 0.4015025 0.0282113 0.0163948
4 0.6238811 0.4605237 0.0282113 0.0163948
10 0.5533530 0.6966081 0.0282112 0.0163947
12 0.4815426 0.4015025 0.0282112 0.0163948
20 0.6969737 0.5785659 0.0282113 0.0163947
