16 0.6585284 0.6366591 0.0264604 0.0168283
12 0.7932364 0.5760771 0.0264605 0.0168283
32 0.5929785 0.5811256 0.4871137 0.4308047
25 0.3891124 0.4549133 0.0264605 0.0168283
6 0.4564664 0.5154952 0.0264605 0.0168283
30 0.7932364 0.5154952 0.0264605 0.0168283
16 0.3891124 0.6366591 0.0264605 0.0168283
18 0.7932364 0.6366591 0.0264605 0.0168283
13 0.3891124 0.6972409 0.0264605 0.0168283
34 0.4558650 0.6966800 0.0613403 0.0605819
10 0.4564664 0.6972409 0.0264605 0.0168283
7 0.6585284 0.6972409 0.0264604 0.0168283
22 0.7258823 0.6972409 0.0264604 0.0168283
12 0.5238204 0.7578228 0.0264605 0.0168283
6 0.5899716 0.6972409 0.0264605 0.0168283
3 0.7258823 0.6366591 0.0264604 0.0168283
2 0.5899716 0.7578228 0.0264605 0.0168283
25 0.4564664 0.5760771 0.0264605 0.0168283
6 0.7932364 0.6972409 0.0264605 0.0168283
19 0.4564664 0.7578228 0.0264605 0.0168283
9 0.4564664 0.4549133 0.0264605 0.0168283
9 0.3891124 0.5760771 0.0264605 0.0168283
3 0.6585284 0.5760771 0.0264604 0.0168283
26 0.6585284 0.7578228 0.0264604 0.0168283
8 0.4564664 0.6366591 0.0264605 0.0168283
22 0.7258823 0.5154952 0.0264604 0.0168283
3 0.5238204 0.6366591 0.0264605 0.0168283
24 0.7258823 0.7578228 0.0264604 0.0168283
30 0.5899716 0.5154952 0.0264605 0.0168283
21 0.6585284 0.5154952 0.0264604 0.0168283
29 0.5238204 0.5154952 0.0264605 0.0168283
29 0.5238204 0.6972409 0.0264605 0.0168283
5 0.5238204 0.5760771 0.0264605 0.0168283
9 0.7932364 0.4549133 0.0264605 0.0168283
26 0.5238204 0.4549133 0.0264605 0.0168283
13 0.5899716 0.4549133 0.0264605 0.0168283
1 0.5899716 0.6366591 0.0264605 0.0168283
3 0.3891124 0.5154952 0.0264605 0.0168283
27 0.7258823 0.5760771 0.0264604 0.0168283
14 0.5899716 0.5760771 0.0264605 0.0168283
17 0.7932364 0.7578228 0.0264605 0.0168283
15 0.7258823 0.4549133 0.0264604 0.0168283
31 0.6585284 0.4549133 0.0264604 0.0168283
24 0.3891124 0.7578228 0.0264605 0.0168283
