13 0.0855784 0.3341992 0.0265398 0.0169170
20 0.2870399 0.5169030 0.0265398 0.0169170
32 0.2900558 0.4001756 0.4885741 0.4330756
11 0.2206903 0.2732980 0.0265398 0.0169170
13 0.4233581 0.2732980 0.0265398 0.0169170
30 0.1531344 0.3341992 0.0265398 0.0169170
16 0.3558022 0.3341992 0.0265398 0.0169170
15 0.4233581 0.3341992 0.0265398 0.0169170
1 0.2206903 0.3951005 0.0265398 0.0169170
29 0.2870399 0.4560018 0.0265398 0.0169170
2 0.2206903 0.5169030 0.0265398 0.0169170
27 0.2870399 0.5778042 0.0265398 0.0169170
33 0.4909140 0.5772404 0.0627305 0.0609012
7 0.4909140 0.5778042 0.0265398 0.0169170
8 0.3558022 0.5169030 0.0265398 0.0169170
3 0.3558022 0.4560018 0.0265398 0.0169170
9 0.2870399 0.3951005 0.0265398 0.0169170
28 0.0855784 0.3951005 0.0265398 0.0169170
18 0.2870399 0.3341992 0.0265398 0.0169170
25 0.4233581 0.4560018 0.0265398 0.0169170
26 0.4233581 0.3951005 0.0265398 0.0169170
28 0.2206903 0.5778042 0.0265398 0.0169170
24 0.1531344 0.2732980 0.0265398 0.0169170
5 0.1531344 0.5778042 0.0265398 0.0169170
21 0.2870399 0.2732980 0.0265398 0.0169170
28 0.4233581 0.5169030 0.0265398 0.0169170
21 0.2206903 0.4560018 0.0265398 0.0169170
12 0.4909140 0.5169030 0.0265398 0.0169170
14 0.1531344 0.5169030 0.0265398 0.0169170
7 0.0855784 0.5778042 0.0265398 0.0169170
18 0.1531344 0.4560018 0.0265398 0.0169170
8 0.0855784 0.4560018 0.0265398 0.0169170
9 0.1531344 0.3951005 0.0265398 0.0169170
16 0.0855784 0.2732980 0.0265398 0.0169170
27 0.4233581 0.5778042 0.0265398 0.0169170
18 0.3558022 0.3951005 0.0265398 0.0169170
6 0.4909140 0.2732980 0.0265398 0.0169170
11 0.3558022 0.2732980 0.0265398 0.0169170
20 0.3558022 0.5778042 0.0265398 0.0169170
6 0.2206903 0.3341992 0.0265398 0.0169170
22 0.4909140 0.3951005 0.0265398 0.0169170
17 0.4909140 0.3341992 0.0265398 0.0169170
1 0.4909140 0.4560018 0.0265398 0.0169170
2 0.0855784 0.5169030 0.0265398 0.0169170
