28 0.3976366 0.7349253 0.0284641 0.0167611
3 0.5425445 0.4935658 0.0284641 0.0167611
32 0.3271235 0.6192739 0.5239971 0.4290836
14 0.2527288 0.4935658 0.0284640 0.0167611
6 0.3238889 0.4935658 0.0284641 0.0167611
27 0.4700906 0.5539056 0.0284641 0.0167611
33 0.5425445 0.5533470 0.0672786 0.0603399
3 0.5425445 0.5539056 0.0284641 0.0167611
23 0.5425445 0.6142455 0.0284641 0.0167611
21 0.1078209 0.6745854 0.0284640 0.0167611
15 0.1802749 0.6745854 0.0284640 0.0167611
24 0.4700906 0.7349253 0.0284641 0.0167611
10 0.5425445 0.7349253 0.0284641 0.0167611
13 0.5425445 0.7952652 0.0284641 0.0167611
22 0.1802749 0.5539056 0.0284640 0.0167611
26 0.1802749 0.4935658 0.0284640 0.0167611
28 0.3976366 0.6142455 0.0284641 0.0167611
30 0.1802749 0.7952652 0.0284640 0.0167611
22 0.2527288 0.7349253 0.0284640 0.0167611
7 0.1078209 0.4935658 0.0284640 0.0167611
11 0.1802749 0.7349253 0.0284640 0.0167611
13 0.3238889 0.6142455 0.0284641 0.0167611
2 0.3238889 0.7952652 0.0284641 0.0167611
11 0.2527288 0.6745854 0.0284640 0.0167611
8 0.2527288 0.5539056 0.0284640 0.0167611
25 0.3976366 0.5539056 0.0284641 0.0167611
2 0.3238889 0.7349253 0.0284641 0.0167611
10 0.3238889 0.6745854 0.0284641 0.0167611
11 0.1802749 0.6142455 0.0284640 0.0167611
10 0.3976366 0.6745854 0.0284641 0.0167611
31 0.1078209 0.7952652 0.0284640 0.0167611
16 0.4700906 0.4935658 0.0284641 0.0167611
16 0.1078209 0.5539056 0.0284640 0.0167611
10 0.3976366 0.7952652 0.0284641 0.0167611
13 0.1078209 0.7349253 0.0284640 0.0167611
25 0.4700906 0.7952652 0.0284641 0.0167611
14 0.4700906 0.6745854 0.0284641 0.0167611
29 0.4700906 0.6142455 0.0284641 0.0167611
28 0.5425445 0.6745854 0.0284641 0.0167611
14 0.3238889 0.5539056 0.0284641 0.0167611
8 0.2527288 0.6142455 0.0284640 0.0167611
2 0.1078209 0.6142455 0.0284640 0.0167611
8 0.3976366 0.4935658 0.0284641 0.0167611
6 0.2527288 0.7952652 0.0284640 0.0167611
