24 0.5708382 0.5996210 0.0286926 0.0161947
7 0.6451782 0.3081164 0.0286926 0.0161947
32 0.5740987 0.4295767 0.5282051 0.4145844
17 0.3530352 0.3081164 0.0286926 0.0161947
21 0.7912498 0.3081164 0.0286926 0.0161947
20 0.3530352 0.3664173 0.0286926 0.0161947
18 0.4991067 0.3664173 0.0286926 0.0161947
19 0.5708382 0.3664173 0.0286926 0.0161947
25 0.7182140 0.3664173 0.0286926 0.0161947
30 0.3530352 0.4830192 0.0286926 0.0161947
26 0.7912498 0.5413202 0.0286926 0.0161947
33 0.4254189 0.5990812 0.0665147 0.0583010
27 0.4260709 0.5996210 0.0286926 0.0161947
16 0.6451782 0.5996210 0.0286926 0.0161947
24 0.4260709 0.4247183 0.0286926 0.0161947
2 0.6451782 0.5413202 0.0286926 0.0161947
26 0.3530352 0.4247183 0.0286926 0.0161947
19 0.5708382 0.5413202 0.0286926 0.0161947
29 0.4260709 0.4830192 0.0286926 0.0161947
26 0.4991067 0.3081164 0.0286926 0.0161947
20 0.6451782 0.3664173 0.0286926 0.0161947
12 0.6451782 0.4247183 0.0286926 0.0161947
1 0.4260709 0.3664173 0.0286926 0.0161947
24 0.7912498 0.4830192 0.0286926 0.0161947
12 0.5708382 0.3081164 0.0286926 0.0161947
5 0.7182140 0.3081164 0.0286926 0.0161947
10 0.4991067 0.5996210 0.0286926 0.0161947
30 0.7912498 0.5996210 0.0286926 0.0161947
2 0.7182140 0.5413202 0.0286926 0.0161947
9 0.5708382 0.4247183 0.0286926 0.0161947
4 0.7912498 0.4247183 0.0286926 0.0161947
22 0.6451782 0.4830192 0.0286926 0.0161947
6 0.3530352 0.5413202 0.0286926 0.0161947
3 0.4260709 0.5413202 0.0286926 0.0161947
5 0.4991067 0.4830192 0.0286926 0.0161947
4 0.4991067 0.5413202 0.0286926 0.0161947
5 0.4991067 0.4247183 0.0286926 0.0161947
16 0.4260709 0.3081164 0.0286926 0.0161947
2 0.5708382 0.4830192 0.0286926 0.0161947
21 0.7182140 0.4830192 0.0286926 0.0161947
22 0.7182140 0.4247183 0.0286926 0.0161947
14 0.7182140 0.5996210 0.0286926 0.0161947
31 0.7912498 0.3664173 0.0286926 0.0161947
21 0.3530352 0.5996210 0.0286926 0.0161947
