4 0.6012188 0.5205881 0.0288547 0.0166191
25 0.6012188 0.7000745 0.0288547 0.0166191
32 0.5297378 0.5854026 0.5311887 0.4254492
8 0.3074255 0.4607593 0.0288547 0.0166191
6 0.5264589 0.4607593 0.0288547 0.0166191
34 0.4543221 0.5200341 0.0682021 0.0598288
27 0.4543221 0.5205881 0.0288547 0.0166191
25 0.3808738 0.5804168 0.0288547 0.0166191
13 0.4543221 0.5804168 0.0288547 0.0166191
20 0.3074255 0.6402456 0.0288547 0.0166191
19 0.6012188 0.6402456 0.0288547 0.0166191
14 0.7481155 0.6402456 0.0288547 0.0166191
31 0.4543221 0.7000745 0.0288547 0.0166191
22 0.7481155 0.7000745 0.0288547 0.0166191
6 0.5264589 0.6402456 0.0288547 0.0166191
1 0.3808738 0.7599032 0.0288547 0.0166191
14 0.5264589 0.7599032 0.0288547 0.0166191
17 0.3808738 0.7000745 0.0288547 0.0166191
14 0.6746671 0.5205881 0.0288547 0.0166191
1 0.5264589 0.5205881 0.0288547 0.0166191
1 0.6746671 0.5804168 0.0288547 0.0166191
22 0.6746671 0.6402456 0.0288547 0.0166191
31 0.7481155 0.5205881 0.0288547 0.0166191
1 0.5264589 0.7000745 0.0288547 0.0166191
1 0.3074255 0.7000745 0.0288547 0.0166191
3 0.6746671 0.7599032 0.0288547 0.0166191
11 0.3808738 0.6402456 0.0288547 0.0166191
21 0.4543221 0.7599032 0.0288547 0.0166191
28 0.6012188 0.5804168 0.0288547 0.0166191
7 0.3808738 0.5205881 0.0288547 0.0166191
26 0.3808738 0.4607593 0.0288547 0.0166191
22 0.4543221 0.6402456 0.0288547 0.0166191
8 0.6012188 0.4607593 0.0288547 0.0166191
14 0.3074255 0.5205881 0.0288547 0.0166191
16 0.4543221 0.4607593 0.0288547 0.0166191
16 0.5264589 0.5804168 0.0288547 0.0166191
29 0.7481155 0.7599032 0.0288547 0.0166191
26 0.6746671 0.7000745 0.0288547 0.0166191
13 0.3074255 0.7599032 0.0288547 0.0166191
19 0.7481155 0.4607593 0.0288547 0.0166191
31 0.6012188 0.7599032 0.0288547 0.0166191
29 0.7481155 0.5804168 0.0288547 0.0166191
22 0.3074255 0.5804168 0.0288547 0.0166191
31 0.6746671 0.4607593 0.0288547 0.0166191
