30 0.2462949 0.3758307 0.0268971 0.0158774
18 0.5201559 0.4329894 0.0268971 0.0158774
32 0.3850593 0.4377527 0.4951506 0.4064623
17 0.3820028 0.3186719 0.0268971 0.0158774
24 0.5886212 0.3186719 0.0268971 0.0158774
14 0.5886212 0.3758307 0.0268971 0.0158774
3 0.3820028 0.4329894 0.0268971 0.0158774
16 0.4516907 0.4329894 0.0268971 0.0158774
6 0.5886212 0.4329894 0.0268971 0.0158774
33 0.1778296 0.4896189 0.0635749 0.0571587
17 0.1778296 0.4901482 0.0268971 0.0158774
15 0.3820028 0.5473069 0.0268971 0.0158774
18 0.3147601 0.6044657 0.0268971 0.0158775
22 0.4516907 0.6044657 0.0268971 0.0158775
17 0.2462949 0.5473069 0.0268971 0.0158774
6 0.4516907 0.3186719 0.0268971 0.0158774
3 0.3147601 0.3758307 0.0268971 0.0158774
13 0.1778296 0.3758307 0.0268971 0.0158774
31 0.1778296 0.4329894 0.0268971 0.0158774
22 0.2462949 0.6044657 0.0268971 0.0158775
3 0.3147601 0.4901482 0.0268971 0.0158774
30 0.3147601 0.5473069 0.0268971 0.0158774
22 0.2462949 0.4901482 0.0268971 0.0158774
27 0.3820028 0.6044657 0.0268971 0.0158775
12 0.5201559 0.6044657 0.0268971 0.0158775
19 0.5886212 0.6044657 0.0268971 0.0158775
20 0.5886212 0.4901482 0.0268971 0.0158774
21 0.1778296 0.3186719 0.0268971 0.0158774
25 0.5886212 0.5473069 0.0268971 0.0158774
30 0.2462949 0.3186719 0.0268971 0.0158774
17 0.1778296 0.6044657 0.0268971 0.0158775
28 0.1778296 0.5473069 0.0268971 0.0158774
13 0.3147601 0.3186719 0.0268971 0.0158774
24 0.4516907 0.3758307 0.0268971 0.0158774
31 0.5201559 0.5473069 0.0268971 0.0158774
4 0.4516907 0.5473069 0.0268971 0.0158774
19 0.5201559 0.3186719 0.0268971 0.0158774
6 0.5201559 0.3758307 0.0268971 0.0158774
22 0.4516907 0.4901482 0.0268971 0.0158774
17 0.3147601 0.4329894 0.0268971 0.0158774
8 0.3820028 0.3758307 0.0268971 0.0158774
10 0.2462949 0.4329894 0.0268971 0.0158774
28 0.5201559 0.4901482 0.0268971 0.0158774
22 0.3820028 0.4901482 0.0268971 0.0158774
