28 0.7421865 0.3090516 0.0286775 0.0173706
19 0.4501974 0.2465174 0.0286775 0.0173706
32 0.5981472 0.3767969 0.5279267 0.4446873
7 0.5231947 0.2465174 0.0286775 0.0173706
16 0.8151838 0.2465174 0.0286775 0.0173706
18 0.8151838 0.3090516 0.0286775 0.0173706
22 0.5231947 0.3715857 0.0286775 0.0173705
8 0.3772002 0.4341199 0.0286775 0.0173706
5 0.4501974 0.4341199 0.0286775 0.0173706
29 0.5948885 0.4341199 0.0286775 0.0173706
30 0.4501974 0.4966540 0.0286775 0.0173706
25 0.5231947 0.4966540 0.0286775 0.0173706
33 0.8151839 0.5586091 0.0677832 0.0625342
25 0.8151838 0.5591882 0.0286775 0.0173706
17 0.6691892 0.3715857 0.0286775 0.0173705
12 0.5948885 0.3715857 0.0286775 0.0173705
26 0.5948885 0.4966540 0.0286775 0.0173706
1 0.6691892 0.4966540 0.0286775 0.0173706
21 0.5948885 0.2465174 0.0286775 0.0173706
1 0.4501974 0.3090516 0.0286775 0.0173706
14 0.4501974 0.5591882 0.0286775 0.0173706
30 0.5231947 0.5591882 0.0286775 0.0173706
15 0.7421865 0.2465174 0.0286775 0.0173706
24 0.3772002 0.4966540 0.0286775 0.0173706
22 0.7421865 0.3715857 0.0286775 0.0173705
8 0.4501974 0.3715857 0.0286775 0.0173705
16 0.3772002 0.3090516 0.0286775 0.0173706
6 0.6691892 0.2465174 0.0286775 0.0173706
29 0.7421865 0.4341199 0.0286775 0.0173706
29 0.6691892 0.5591882 0.0286775 0.0173706
24 0.3772002 0.5591882 0.0286775 0.0173706
12 0.6691892 0.3090516 0.0286775 0.0173706
31 0.7421865 0.4966540 0.0286775 0.0173706
28 0.8151838 0.4341199 0.0286775 0.0173706
14 0.5948885 0.5591882 0.0286775 0.0173706
22 0.5948885 0.3090516 0.0286775 0.0173706
16 0.3772002 0.2465174 0.0286775 0.0173706
30 0.5231947 0.3090516 0.0286775 0.0173706
9 0.6691892 0.4341199 0.0286775 0.0173706
7 0.8151838 0.4966540 0.0286775 0.0173706
24 0.8151838 0.3715857 0.0286775 0.0173705
3 0.3772002 0.3715857 0.0286775 0.0173705
25 0.5231947 0.4341199 0.0286775 0.0173706
30 0.7421865 0.5591882 0.0286775 0.0173706
