21 0.5058809 0.6924296 0.0267440 0.0173551
22 0.4365894 0.5674722 0.0267441 0.0173552
32 0.4396285 0.5726788 0.4923339 0.4442929
17 0.5739567 0.4425148 0.0267441 0.0173552
7 0.3016534 0.5049935 0.0267441 0.0173552
10 0.4365894 0.5049935 0.0267441 0.0173552
25 0.5739567 0.5049935 0.0267441 0.0173552
34 0.3010456 0.5668937 0.0619976 0.0624787
6 0.3016534 0.5674722 0.0267441 0.0173552
15 0.6420325 0.5674722 0.0267441 0.0173552
22 0.5058809 0.6299509 0.0267440 0.0173551
19 0.4365894 0.6924296 0.0267441 0.0173551
21 0.3697292 0.7549083 0.0267441 0.0173552
3 0.4365894 0.7549083 0.0267441 0.0173552
11 0.6420325 0.6299509 0.0267441 0.0173551
18 0.3697292 0.6299509 0.0267441 0.0173551
22 0.2335776 0.7549083 0.0267441 0.0173552
14 0.4365894 0.4425148 0.0267441 0.0173552
31 0.3016534 0.4425148 0.0267441 0.0173552
2 0.2335776 0.6299509 0.0267441 0.0173551
26 0.3697292 0.4425148 0.0267441 0.0173552
13 0.6420325 0.7549083 0.0267441 0.0173552
12 0.6420325 0.5049935 0.0267441 0.0173552
22 0.3016534 0.7549083 0.0267441 0.0173552
30 0.5739567 0.5674722 0.0267441 0.0173552
4 0.3016534 0.6299509 0.0267441 0.0173551
24 0.5739567 0.6299509 0.0267441 0.0173551
28 0.3016534 0.6924296 0.0267441 0.0173551
21 0.2335776 0.6924296 0.0267441 0.0173551
22 0.4365894 0.6299509 0.0267441 0.0173551
21 0.5058809 0.4425148 0.0267440 0.0173552
6 0.2335776 0.5049935 0.0267441 0.0173552
13 0.6420325 0.4425148 0.0267441 0.0173552
5 0.3697292 0.6924296 0.0267441 0.0173551
15 0.3697292 0.5674722 0.0267441 0.0173552
25 0.6420325 0.6924296 0.0267441 0.0173551
24 0.2335776 0.4425148 0.0267441 0.0173552
25 0.5739567 0.7549083 0.0267441 0.0173552
16 0.2335776 0.5674722 0.0267441 0.0173552
25 0.5739567 0.6924296 0.0267441 0.0173551
2 0.5058809 0.5674722 0.0267440 0.0173552
15 0.5058809 0.7549083 0.0267440 0.0173552
10 0.3697292 0.5049935 0.0267441 0.0173552
17 0.5058809 0.5049935 0.0267440 0.0173552
