19 0.5908544 0.7350861 0.0278117 0.0159610
30 0.6616478 0.7350861 0.0278117 0.0159610
32 0.4511639 0.5674966 0.5119876 0.4085989
8 0.4480035 0.4477899 0.0278117 0.0159609
5 0.3784744 0.5052492 0.0278117 0.0159609
33 0.6616478 0.5047171 0.0657367 0.0574592
15 0.6616478 0.5052492 0.0278117 0.0159609
3 0.5200611 0.5627084 0.0278117 0.0159609
1 0.5908544 0.5627084 0.0278117 0.0159609
22 0.6616478 0.5627084 0.0278117 0.0159609
6 0.2368877 0.6201676 0.0278117 0.0159610
18 0.5200611 0.6776268 0.0278117 0.0159608
12 0.6616478 0.6776268 0.0278117 0.0159608
7 0.4480035 0.7350861 0.0278117 0.0159610
25 0.4480035 0.6201676 0.0278117 0.0159610
29 0.3784744 0.4477899 0.0278117 0.0159609
11 0.5200611 0.5052492 0.0278117 0.0159609
13 0.3076810 0.5627084 0.0278117 0.0159609
30 0.5908544 0.6776268 0.0278117 0.0159608
9 0.6616478 0.6201676 0.0278117 0.0159610
1 0.3784744 0.6201676 0.0278117 0.0159610
19 0.5908544 0.4477899 0.0278117 0.0159609
24 0.3076810 0.6201676 0.0278117 0.0159610
17 0.2368877 0.6776268 0.0278117 0.0159608
10 0.5908544 0.5052492 0.0278117 0.0159609
14 0.3784744 0.6776268 0.0278117 0.0159608
19 0.2368877 0.4477899 0.0278117 0.0159609
17 0.5908544 0.6201676 0.0278117 0.0159610
31 0.3076810 0.6776268 0.0278117 0.0159608
21 0.2368877 0.5627084 0.0278117 0.0159609
3 0.3784744 0.7350861 0.0278117 0.0159610
7 0.3076810 0.4477899 0.0278117 0.0159609
27 0.5200611 0.7350861 0.0278117 0.0159610
13 0.4480035 0.6776268 0.0278117 0.0159608
7 0.5200611 0.6201676 0.0278117 0.0159610
28 0.2368877 0.5052492 0.0278117 0.0159609
27 0.6616478 0.4477899 0.0278117 0.0159609
30 0.4480035 0.5627084 0.0278117 0.0159609
5 0.3076810 0.5052492 0.0278117 0.0159609
17 0.3784744 0.5627084 0.0278117 0.0159609
20 0.2368877 0.7350861 0.0278117 0.0159610
29 0.4480035 0.5052492 0.0278117 0.0159609
7 0.3076810 0.7350861 0.0278117 0.0159610
11 0.5200611 0.4477899 0.0278117 0.0159609
