15 0.3537495 0.6795006 0.0276645 0.0164806
25 0.1437509 0.7388310 0.0276645 0.0164806
32 0.3568932 0.6251145 0.5092780 0.4219045
11 0.2845882 0.5608400 0.0276645 0.0164807
24 0.3537495 0.5608400 0.0276645 0.0164807
1 0.4254256 0.5608400 0.0276645 0.0164807
18 0.5662630 0.5608400 0.0276645 0.0164807
29 0.1437509 0.6201704 0.0276645 0.0164806
27 0.4254256 0.6201704 0.0276645 0.0164806
17 0.5662630 0.6201704 0.0276645 0.0164806
7 0.1437509 0.6795006 0.0276645 0.0164806
30 0.4254256 0.6795006 0.0276645 0.0164806
34 0.2845882 0.7382817 0.0653888 0.0593303
10 0.2845882 0.7388310 0.0276645 0.0164806
8 0.2141695 0.7388310 0.0276645 0.0164806
29 0.1437509 0.5608400 0.0276645 0.0164807
9 0.2141695 0.7981613 0.0276645 0.0164806
21 0.2141695 0.5015097 0.0276645 0.0164806
19 0.3537495 0.5015097 0.0276645 0.0164806
10 0.4254256 0.7981613 0.0276645 0.0164806
7 0.2141695 0.6795006 0.0276645 0.0164806
2 0.5662630 0.7388310 0.0276645 0.0164806
18 0.2141695 0.5608400 0.0276645 0.0164807
21 0.3537495 0.7388310 0.0276645 0.0164806
11 0.4958443 0.7388310 0.0276645 0.0164806
16 0.5662630 0.5015097 0.0276645 0.0164806
15 0.4254256 0.7388310 0.0276645 0.0164806
24 0.5662630 0.7981613 0.0276645 0.0164806
30 0.4254256 0.5015097 0.0276645 0.0164806
3 0.4958443 0.5015097 0.0276645 0.0164806
25 0.2141695 0.6201704 0.0276645 0.0164806
27 0.4958443 0.6795006 0.0276645 0.0164806
27 0.2845882 0.6201704 0.0276645 0.0164806
28 0.3537495 0.7981613 0.0276645 0.0164806
9 0.4958443 0.7981613 0.0276645 0.0164806
11 0.1437509 0.7981613 0.0276645 0.0164806
7 0.4958443 0.5608400 0.0276645 0.0164807
31 0.5662630 0.6795006 0.0276645 0.0164806
30 0.1437509 0.5015097 0.0276645 0.0164806
2 0.4958443 0.6201704 0.0276645 0.0164806
7 0.3537495 0.6201704 0.0276645 0.0164806
29 0.2845882 0.7981613 0.0276645 0.0164806
2 0.2845882 0.6795006 0.0276645 0.0164806
26 0.2845882 0.5015097 0.0276645 0.0164806
