26 0.6557685 0.5830930 0.0270903 0.0169994
5 0.5178540 0.5830930 0.0270904 0.0169994
32 0.5886583 0.5269950 0.4987089 0.4351846
30 0.5178540 0.3994995 0.0270904 0.0169994
22 0.5178540 0.4606973 0.0270904 0.0169994
9 0.7247258 0.4606973 0.0270905 0.0169994
19 0.3799394 0.5218951 0.0270903 0.0169994
5 0.5178540 0.5218951 0.0270904 0.0169994
1 0.5855799 0.5830930 0.0270904 0.0169994
29 0.6557685 0.6442908 0.0270903 0.0169994
4 0.5178540 0.7054886 0.0270904 0.0169994
34 0.5855799 0.7049220 0.0640318 0.0611978
3 0.5855799 0.7054886 0.0270904 0.0169994
16 0.7247258 0.7054886 0.0270905 0.0169994
11 0.4488967 0.4606973 0.0270904 0.0169994
27 0.5855799 0.5218951 0.0270904 0.0169994
26 0.7936831 0.5830930 0.0270903 0.0169994
27 0.6557685 0.7054886 0.0270903 0.0169994
28 0.7936831 0.7054886 0.0270903 0.0169994
8 0.3799394 0.3994995 0.0270903 0.0169994
29 0.7247258 0.5218951 0.0270905 0.0169994
16 0.3799394 0.7054886 0.0270903 0.0169994
5 0.4488967 0.3994995 0.0270904 0.0169994
26 0.5855799 0.6442908 0.0270904 0.0169994
6 0.4488967 0.5830930 0.0270904 0.0169994
11 0.6557685 0.5218951 0.0270903 0.0169994
12 0.3799394 0.6442908 0.0270903 0.0169994
2 0.7247258 0.5830930 0.0270905 0.0169994
19 0.7936831 0.5218951 0.0270903 0.0169994
22 0.5178540 0.6442908 0.0270904 0.0169994
24 0.4488967 0.5218951 0.0270904 0.0169994
13 0.7247258 0.3994995 0.0270905 0.0169994
25 0.4488967 0.6442908 0.0270904 0.0169994
27 0.7936831 0.6442908 0.0270903 0.0169994
24 0.5855799 0.3994995 0.0270904 0.0169994
20 0.3799394 0.4606973 0.0270903 0.0169994
25 0.4488967 0.7054886 0.0270904 0.0169994
13 0.7247258 0.6442908 0.0270905 0.0169994
1 0.7936831 0.3994995 0.0270903 0.0169994
17 0.7936831 0.4606973 0.0270903 0.0169994
13 0.6557685 0.3994995 0.0270903 0.0169994
17 0.3799394 0.5830930 0.0270903 0.0169994
4 0.5855799 0.4606973 0.0270904 0.0169994
26 0.6557685 0.4606973 0.0270903 0.0169994
