28 0.4874833 0.7509661 0.0279625 0.0168578
3 0.2027746 0.6902780 0.0279625 0.0168578
32 0.2758583 0.5739590 0.5147634 0.4315600
11 0.2726808 0.4475255 0.0279625 0.0168578
8 0.0604203 0.5082136 0.0279625 0.0168578
2 0.2027746 0.5082136 0.0279625 0.0168578
5 0.2027746 0.5689017 0.0279625 0.0168578
31 0.3451289 0.6295898 0.0279625 0.0168579
19 0.4874833 0.6295898 0.0279625 0.0168579
14 0.2726808 0.6902780 0.0279625 0.0168578
1 0.4874833 0.6902780 0.0279625 0.0168578
23 0.1315975 0.7509661 0.0279625 0.0168578
34 0.4156706 0.7504042 0.0648221 0.0606882
14 0.4163061 0.7509661 0.0279625 0.0168578
26 0.0604203 0.4475255 0.0279625 0.0168578
30 0.2726808 0.6295898 0.0279625 0.0168579
29 0.3451289 0.7509661 0.0279625 0.0168578
27 0.4163061 0.5082136 0.0279625 0.0168578
1 0.0604203 0.6295898 0.0279625 0.0168579
11 0.2726808 0.5689017 0.0279625 0.0168578
6 0.3451289 0.4475255 0.0279625 0.0168578
3 0.3451289 0.5689017 0.0279625 0.0168578
4 0.2726808 0.5082136 0.0279625 0.0168578
30 0.1315975 0.5689017 0.0279625 0.0168578
4 0.2027746 0.4475255 0.0279625 0.0168578
2 0.2027746 0.7509661 0.0279625 0.0168578
18 0.1315975 0.5082136 0.0279625 0.0168578
13 0.4874833 0.5082136 0.0279625 0.0168578
17 0.1315975 0.6295898 0.0279625 0.0168579
27 0.3451289 0.6902780 0.0279625 0.0168578
9 0.1315975 0.4475255 0.0279625 0.0168578
12 0.4163061 0.5689017 0.0279625 0.0168578
20 0.2027746 0.6295898 0.0279625 0.0168579
17 0.0604203 0.6902780 0.0279625 0.0168578
31 0.4163061 0.6295898 0.0279625 0.0168579
2 0.2726808 0.7509661 0.0279625 0.0168578
5 0.0604203 0.7509661 0.0279625 0.0168578
28 0.4874833 0.4475255 0.0279625 0.0168578
29 0.4874833 0.5689017 0.0279625 0.0168578
16 0.0604203 0.5689017 0.0279625 0.0168578
13 0.4163061 0.4475255 0.0279625 0.0168578
17 0.4163061 0.6902780 0.0279625 0.0168578
7 0.1315975 0.6902780 0.0279625 0.0168578
24 0.3451289 0.5082136 0.0279625 0.0168578
