24 0.4911441 0.4497660 0.0287936 0.0171823
3 0.6364207 0.2641961 0.0287935 0.0171824
32 0.6396926 0.3930641 0.5300632 0.4398695
34 0.7836604 0.2636234 0.0667487 0.0618567
20 0.7843149 0.2641961 0.0287936 0.0171824
15 0.8576076 0.2641961 0.0287936 0.0171824
20 0.4911441 0.3260528 0.0287936 0.0171824
27 0.6364207 0.3879094 0.0287935 0.0171824
18 0.7110222 0.3879094 0.0287936 0.0171824
23 0.6364207 0.5116227 0.0287935 0.0171824
3 0.7110222 0.5116227 0.0287936 0.0171824
16 0.8576076 0.5116227 0.0287936 0.0171824
11 0.7110222 0.5734793 0.0287936 0.0171824
12 0.7843149 0.5734793 0.0287936 0.0171824
18 0.4178514 0.2641961 0.0287936 0.0171824
14 0.6364207 0.3260528 0.0287935 0.0171824
8 0.8576076 0.3879094 0.0287936 0.0171824
27 0.7843149 0.4497660 0.0287936 0.0171823
11 0.7843149 0.3260528 0.0287936 0.0171824
5 0.4178514 0.4497660 0.0287936 0.0171823
17 0.8576076 0.3260528 0.0287936 0.0171824
25 0.4178514 0.3260528 0.0287936 0.0171824
29 0.8576076 0.5734793 0.0287936 0.0171824
2 0.4911441 0.5116227 0.0287936 0.0171824
9 0.5644368 0.5116227 0.0287936 0.0171824
29 0.8576076 0.4497660 0.0287936 0.0171823
27 0.4178514 0.3879094 0.0287936 0.0171824
16 0.7110222 0.2641961 0.0287936 0.0171824
28 0.5644368 0.4497660 0.0287936 0.0171823
26 0.4178514 0.5734793 0.0287936 0.0171824
4 0.6364207 0.4497660 0.0287935 0.0171823
29 0.4178514 0.5116227 0.0287936 0.0171824
18 0.4911441 0.3879094 0.0287936 0.0171824
4 0.5644368 0.5734793 0.0287936 0.0171824
1 0.4911441 0.2641961 0.0287936 0.0171824
27 0.7110222 0.3260528 0.0287936 0.0171824
3 0.5644368 0.3260528 0.0287936 0.0171824
8 0.6364207 0.5734793 0.0287935 0.0171824
16 0.5644368 0.3879094 0.0287936 0.0171824
11 0.7110222 0.4497660 0.0287936 0.0171823
19 0.5644368 0.2641961 0.0287936 0.0171824
14 0.4911441 0.5734793 0.0287936 0.0171824
12 0.7843149 0.5116227 0.0287936 0.0171824
7 0.7843149 0.3879094 0.0287936 0.0171824
