29 0.7589959 0.6568947 0.0272420 0.0159963
24 0.6896526 0.5417213 0.0272420 0.0159963
32 0.5528236 0.6041069 0.5015002 0.4095052
1 0.3429364 0.4841346 0.0272420 0.0159963
34 0.6196903 0.4836014 0.0656284 0.0575867
14 0.6203094 0.4841346 0.0272420 0.0159963
16 0.6896526 0.4841346 0.0272420 0.0159963
23 0.4122797 0.5417213 0.0272420 0.0159963
21 0.5497279 0.5417213 0.0272420 0.0159963
2 0.6203094 0.5417213 0.0272420 0.0159963
13 0.6203094 0.5993080 0.0272420 0.0159963
24 0.3429364 0.6568947 0.0272420 0.0159963
8 0.7589959 0.7144813 0.0272420 0.0159963
7 0.6896526 0.7720680 0.0272420 0.0159963
6 0.4816229 0.4841346 0.0272420 0.0159963
1 0.4122797 0.7144813 0.0272420 0.0159963
12 0.5497279 0.7720680 0.0272420 0.0159963
5 0.5497279 0.7144813 0.0272420 0.0159963
20 0.7589959 0.5417213 0.0272420 0.0159963
29 0.4816229 0.6568947 0.0272420 0.0159963
28 0.6896526 0.7144813 0.0272420 0.0159963
5 0.4816229 0.7720680 0.0272420 0.0159963
14 0.4816229 0.5417213 0.0272420 0.0159963
20 0.6203094 0.7720680 0.0272420 0.0159963
24 0.3429364 0.5993080 0.0272420 0.0159963
12 0.3429364 0.7720680 0.0272420 0.0159963
17 0.4122797 0.6568947 0.0272420 0.0159963
3 0.7589959 0.5993080 0.0272420 0.0159963
24 0.6203094 0.7144813 0.0272420 0.0159963
21 0.6203094 0.6568947 0.0272420 0.0159963
21 0.7589959 0.7720680 0.0272420 0.0159963
19 0.7589959 0.4841346 0.0272420 0.0159963
31 0.5497279 0.6568947 0.0272420 0.0159963
20 0.6896526 0.5993080 0.0272420 0.0159963
7 0.4122797 0.7720680 0.0272420 0.0159963
3 0.4816229 0.5993080 0.0272420 0.0159963
19 0.4122797 0.5993080 0.0272420 0.0159963
16 0.6896526 0.6568947 0.0272420 0.0159963
10 0.5497279 0.5993080 0.0272420 0.0159963
31 0.3429364 0.5417213 0.0272420 0.0159963
10 0.4816229 0.7144813 0.0272420 0.0159963
18 0.3429364 0.7144813 0.0272420 0.0159963
28 0.4122797 0.4841346 0.0272420 0.0159963
31 0.5497279 0.4841346 0.0272420 0.0159963
