31 0.3988602 0.3529163 0.0271796 0.0163456
25 0.6755978 0.5294487 0.0271796 0.0163456
32 0.4698978 0.4755083 0.5003515 0.4184472
24 0.3296759 0.3529163 0.0271796 0.0163456
33 0.2604915 0.4112156 0.0642427 0.0588441
31 0.2604914 0.4117605 0.0271796 0.0163456
5 0.3296759 0.4117605 0.0271796 0.0163456
4 0.6755978 0.4117605 0.0271796 0.0163456
26 0.3296759 0.4706046 0.0271796 0.0163456
30 0.3296759 0.5882929 0.0271796 0.0163456
27 0.3988602 0.5882929 0.0271796 0.0163456
22 0.6064135 0.5882929 0.0271796 0.0163456
7 0.3296759 0.6471370 0.0271796 0.0163456
10 0.6064135 0.6471370 0.0271796 0.0163456
18 0.6064135 0.4117605 0.0271796 0.0163456
5 0.2604914 0.6471370 0.0271796 0.0163456
12 0.6064135 0.5294487 0.0271796 0.0163456
5 0.6755978 0.3529163 0.0271796 0.0163456
26 0.3296759 0.5294487 0.0271796 0.0163456
16 0.5372291 0.4706046 0.0271796 0.0163456
6 0.4668092 0.4706046 0.0271796 0.0163456
24 0.6755978 0.4706046 0.0271796 0.0163456
25 0.2604914 0.5294487 0.0271796 0.0163456
22 0.2604914 0.4706046 0.0271796 0.0163456
16 0.5372291 0.4117605 0.0271796 0.0163456
15 0.3988602 0.6471370 0.0271796 0.0163456
10 0.6755978 0.6471370 0.0271796 0.0163456
22 0.5372291 0.3529163 0.0271796 0.0163456
31 0.2604914 0.5882929 0.0271796 0.0163456
11 0.6064135 0.3529163 0.0271796 0.0163456
21 0.5372291 0.6471370 0.0271796 0.0163456
13 0.3988602 0.4706046 0.0271796 0.0163456
1 0.3988602 0.4117605 0.0271796 0.0163456
30 0.2604914 0.3529163 0.0271796 0.0163456
13 0.4668092 0.6471370 0.0271796 0.0163456
7 0.5372291 0.5882929 0.0271796 0.0163456
28 0.4668092 0.5294487 0.0271796 0.0163456
10 0.4668092 0.3529163 0.0271796 0.0163456
3 0.4668092 0.5882929 0.0271796 0.0163456
17 0.3988602 0.5294487 0.0271796 0.0163456
19 0.5372291 0.5294487 0.0271796 0.0163456
14 0.4668092 0.4117605 0.0271796 0.0163456
16 0.6755978 0.5882929 0.0271796 0.0163456
16 0.6064135 0.4706046 0.0271796 0.0163456
