8 0.3127560 0.3959192 0.0263944 0.0162714
26 0.3127560 0.5130736 0.0263944 0.0162714
32 0.4489272 0.5179551 0.4858972 0.4165489
6 0.6486848 0.3959192 0.0263944 0.0162714
21 0.2455702 0.4544964 0.0263944 0.0162715
13 0.3127560 0.4544964 0.0263944 0.0162715
8 0.3799417 0.4544964 0.0263944 0.0162715
12 0.4459278 0.5130736 0.0263944 0.0162714
1 0.6486848 0.5130736 0.0263944 0.0162714
34 0.2455702 0.6296856 0.0623868 0.0585772
10 0.2455702 0.6302280 0.0263944 0.0162714
3 0.3799417 0.6302280 0.0263944 0.0162714
11 0.6486848 0.6302280 0.0263944 0.0162714
10 0.4459278 0.6888052 0.0263944 0.0162715
17 0.5814991 0.4544964 0.0263944 0.0162715
15 0.5143133 0.6888052 0.0263944 0.0162715
2 0.4459278 0.4544964 0.0263944 0.0162715
19 0.5814991 0.5716508 0.0263944 0.0162714
12 0.2455702 0.6888052 0.0263944 0.0162715
6 0.6486848 0.4544964 0.0263944 0.0162715
25 0.5143133 0.6302280 0.0263944 0.0162714
21 0.4459278 0.5716508 0.0263944 0.0162714
7 0.5814991 0.6302280 0.0263944 0.0162714
31 0.6486848 0.6888052 0.0263944 0.0162715
10 0.3127560 0.6302280 0.0263944 0.0162714
5 0.5143133 0.4544964 0.0263944 0.0162715
30 0.5814991 0.3959192 0.0263944 0.0162714
24 0.3799417 0.5716508 0.0263944 0.0162714
25 0.5814991 0.6888052 0.0263944 0.0162715
9 0.2455702 0.5716508 0.0263944 0.0162714
2 0.4459278 0.3959192 0.0263944 0.0162714
8 0.3127560 0.6888052 0.0263944 0.0162715
9 0.3799417 0.3959192 0.0263944 0.0162714
31 0.2455702 0.3959192 0.0263944 0.0162714
5 0.4459278 0.6302280 0.0263944 0.0162714
13 0.6486848 0.5716508 0.0263944 0.0162714
15 0.3127560 0.5716508 0.0263944 0.0162714
24 0.5143133 0.5130736 0.0263944 0.0162714
28 0.5143133 0.5716508 0.0263944 0.0162714
24 0.5143133 0.3959192 0.0263944 0.0162714
9 0.3799417 0.6888052 0.0263944 0.0162715
9 0.5814991 0.5130736 0.0263944 0.0162714
20 0.3799417 0.5130736 0.0263944 0.0162714
1 0.2455702 0.5130736 0.0263944 0.0162714
