28 0.3150977 0.6686375 0.0287651 0.0159836
22 0.3883180 0.7261784 0.0287651 0.0159836
32 0.2549293 0.5583508 0.5073585 0.4091796
13 0.0954368 0.4384740 0.0287651 0.0159836
26 0.3883180 0.4384740 0.0287651 0.0159836
27 0.0954368 0.5535557 0.0287651 0.0159835
11 0.2405699 0.5535557 0.0287651 0.0159835
5 0.3883180 0.5535557 0.0287651 0.0159835
24 0.0954368 0.6110966 0.0287651 0.0159835
17 0.2405699 0.6686375 0.0287651 0.0159836
25 0.3883180 0.6686375 0.0287651 0.0159836
30 0.4615383 0.6686375 0.0287651 0.0159836
34 0.0287308 0.7256456 0.0549616 0.0575409
14 0.0222165 0.7261784 0.0287651 0.0159836
15 0.1686571 0.7261784 0.0287651 0.0159836
28 0.3150977 0.5535557 0.0287651 0.0159835
30 0.1686571 0.6110966 0.0287651 0.0159835
4 0.3150977 0.4384740 0.0287651 0.0159836
11 0.4615383 0.6110966 0.0287651 0.0159835
13 0.0222165 0.6686375 0.0287651 0.0159836
25 0.4615383 0.4384740 0.0287651 0.0159836
28 0.3150977 0.7261784 0.0287651 0.0159836
2 0.1686571 0.6686375 0.0287651 0.0159836
6 0.3883180 0.4960149 0.0287651 0.0159836
12 0.0222165 0.4384740 0.0287651 0.0159836
26 0.3883180 0.6110966 0.0287651 0.0159835
8 0.4615383 0.5535557 0.0287651 0.0159835
8 0.2405699 0.6110966 0.0287651 0.0159835
16 0.4615383 0.7261784 0.0287651 0.0159836
26 0.1686571 0.4384740 0.0287651 0.0159836
8 0.0954368 0.6686375 0.0287651 0.0159836
13 0.4615383 0.4960149 0.0287651 0.0159836
9 0.0222165 0.4960149 0.0287651 0.0159836
19 0.2405699 0.7261784 0.0287651 0.0159836
21 0.0222165 0.6110966 0.0287651 0.0159835
5 0.0954368 0.7261784 0.0287651 0.0159836
1 0.1686571 0.4960149 0.0287651 0.0159836
8 0.2405699 0.4384740 0.0287651 0.0159836
10 0.0222165 0.5535557 0.0287651 0.0159835
12 0.2405699 0.4960149 0.0287651 0.0159836
13 0.3150977 0.4960149 0.0287651 0.0159836
10 0.0954368 0.4960149 0.0287651 0.0159836
24 0.1686571 0.5535557 0.0287651 0.0159835
20 0.3150977 0.6110966 0.0287651 0.0159835
