3 0.4418720 0.5393260 0.0272009 0.0171828
28 0.6495880 0.6011839 0.0272009 0.0171828
32 0.5822040 0.5444808 0.5007439 0.4398790
31 0.3726334 0.4774680 0.0272009 0.0171828
25 0.5111107 0.5393260 0.0272009 0.0171828
30 0.5791130 0.5393260 0.0272009 0.0171828
9 0.5111107 0.6011839 0.0272009 0.0171828
14 0.5791130 0.6011839 0.0272009 0.0171828
18 0.7188268 0.6011839 0.0272009 0.0171828
12 0.7880653 0.6011839 0.0272009 0.0171828
8 0.3726334 0.7248999 0.0272009 0.0171828
33 0.4412539 0.7243271 0.0630566 0.0618580
27 0.4418720 0.7248999 0.0272009 0.0171828
5 0.7188268 0.7248999 0.0272009 0.0171828
1 0.5791130 0.6630419 0.0272009 0.0171828
29 0.3726334 0.4156100 0.0272009 0.0171828
6 0.4418720 0.4774680 0.0272009 0.0171828
9 0.4418720 0.6011839 0.0272009 0.0171828
30 0.5791130 0.7248999 0.0272009 0.0171828
13 0.7880653 0.4156100 0.0272009 0.0171828
18 0.5111107 0.4774680 0.0272009 0.0171828
5 0.7880653 0.6630419 0.0272009 0.0171828
2 0.5111107 0.4156100 0.0272009 0.0171828
15 0.4418720 0.4156100 0.0272009 0.0171828
25 0.3726334 0.6011839 0.0272009 0.0171828
6 0.7880653 0.5393260 0.0272009 0.0171828
1 0.7188268 0.5393260 0.0272009 0.0171828
27 0.5791130 0.4156100 0.0272009 0.0171828
18 0.6495880 0.6630419 0.0272009 0.0171828
17 0.5791130 0.4774680 0.0272009 0.0171828
21 0.7880653 0.7248999 0.0272009 0.0171828
15 0.4418720 0.6630419 0.0272009 0.0171828
15 0.5111107 0.7248999 0.0272009 0.0171828
12 0.3726334 0.6630419 0.0272009 0.0171828
7 0.7880653 0.4774680 0.0272009 0.0171828
5 0.6495880 0.4156100 0.0272009 0.0171828
28 0.7188268 0.6630419 0.0272009 0.0171828
30 0.6495880 0.5393260 0.0272009 0.0171828
15 0.6495880 0.7248999 0.0272009 0.0171828
16 0.7188268 0.4774680 0.0272009 0.0171828
8 0.3726334 0.5393260 0.0272009 0.0171828
28 0.6495880 0.4774680 0.0272009 0.0171828
18 0.5111107 0.6630419 0.0272009 0.0171828
4 0.7188268 0.4156100 0.0272009 0.0171828
