13 0.4064061 0.4835499 0.0270212 0.0167414
3 0.4751873 0.6643569 0.0270212 0.0167414
32 0.2706860 0.4885723 0.4974354 0.4285797
19 0.0625001 0.3630118 0.0270212 0.0167414
29 0.1312813 0.4232808 0.0270212 0.0167414
31 0.1312813 0.4835499 0.0270212 0.0167414
34 0.2676155 0.5432608 0.0638683 0.0602690
15 0.2676155 0.5438189 0.0270212 0.0167414
14 0.4751873 0.5438189 0.0270212 0.0167414
10 0.0625001 0.6040879 0.0270212 0.0167413
15 0.1312813 0.6040879 0.0270212 0.0167413
5 0.3376249 0.6040879 0.0270211 0.0167413
30 0.3376249 0.6643569 0.0270211 0.0167414
23 0.4064061 0.6643569 0.0270212 0.0167414
8 0.2000625 0.6040879 0.0270212 0.0167413
30 0.4751873 0.3630118 0.0270212 0.0167414
15 0.0625001 0.4835499 0.0270212 0.0167414
2 0.2676155 0.6643569 0.0270212 0.0167414
28 0.2676155 0.3630118 0.0270212 0.0167414
14 0.4751873 0.4232808 0.0270212 0.0167414
12 0.4064061 0.5438189 0.0270212 0.0167414
1 0.3376249 0.4232808 0.0270211 0.0167414
9 0.1312813 0.5438189 0.0270212 0.0167414
18 0.4064061 0.6040879 0.0270212 0.0167413
31 0.2000625 0.4232808 0.0270212 0.0167414
24 0.4064061 0.4232808 0.0270212 0.0167414
2 0.1312813 0.6643569 0.0270212 0.0167414
18 0.2000625 0.6643569 0.0270212 0.0167414
19 0.0625001 0.5438189 0.0270212 0.0167414
20 0.4751873 0.6040879 0.0270212 0.0167413
12 0.3376249 0.5438189 0.0270211 0.0167414
21 0.3376249 0.3630118 0.0270211 0.0167414
9 0.2000625 0.4835499 0.0270212 0.0167414
1 0.2000625 0.3630118 0.0270212 0.0167414
12 0.2676155 0.6040879 0.0270212 0.0167413
27 0.2676155 0.4232808 0.0270212 0.0167414
24 0.4751873 0.4835499 0.0270212 0.0167414
10 0.2000625 0.5438189 0.0270212 0.0167414
10 0.2676155 0.4835499 0.0270212 0.0167414
16 0.4064061 0.3630118 0.0270212 0.0167414
22 0.3376249 0.4835499 0.0270211 0.0167414
10 0.0625001 0.6643569 0.0270212 0.0167414
3 0.0625001 0.4232808 0.0270212 0.0167414
10 0.1312813 0.3630118 0.0270212 0.0167414
