4 0.6312058 0.3449573 0.0264512 0.0170260
26 0.6312058 0.5901317 0.0264512 0.0170260
32 0.6342117 0.4726523 0.4869432 0.4358657
2 0.5650777 0.3449573 0.0264512 0.0170260
4 0.7670689 0.3449573 0.0264512 0.0170260
18 0.8343993 0.3449573 0.0264513 0.0170260
13 0.6312058 0.4062509 0.0264512 0.0170260
10 0.4977473 0.4675445 0.0264512 0.0170260
15 0.8343993 0.5288381 0.0264513 0.0170260
33 0.4304169 0.5895642 0.0625211 0.0612936
3 0.4304169 0.5901317 0.0264513 0.0170260
7 0.4977473 0.5901317 0.0264512 0.0170260
21 0.5650777 0.5901317 0.0264512 0.0170260
17 0.7670689 0.6514253 0.0264512 0.0170260
11 0.4304169 0.6514253 0.0264513 0.0170260
19 0.7670689 0.4062509 0.0264512 0.0170260
5 0.4304169 0.4062509 0.0264513 0.0170260
12 0.6997385 0.3449573 0.0264513 0.0170260
20 0.7670689 0.5901317 0.0264512 0.0170260
29 0.6312058 0.4675445 0.0264512 0.0170260
3 0.4304169 0.3449573 0.0264513 0.0170260
14 0.5650777 0.5288381 0.0264512 0.0170260
27 0.8343993 0.5901317 0.0264513 0.0170260
19 0.4304169 0.4675445 0.0264513 0.0170260
1 0.5650777 0.4062509 0.0264512 0.0170260
17 0.6997385 0.6514253 0.0264513 0.0170260
28 0.7670689 0.5288381 0.0264512 0.0170260
7 0.8343993 0.4062509 0.0264513 0.0170260
11 0.6997385 0.5901317 0.0264513 0.0170260
5 0.5650777 0.4675445 0.0264512 0.0170260
8 0.4977473 0.5288381 0.0264512 0.0170260
1 0.6312058 0.5288381 0.0264512 0.0170260
24 0.6997385 0.4675445 0.0264513 0.0170260
26 0.6997385 0.5288381 0.0264513 0.0170260
3 0.8343993 0.4675445 0.0264513 0.0170260
28 0.4977473 0.3449573 0.0264512 0.0170260
19 0.4977473 0.4062509 0.0264512 0.0170260
1 0.4977473 0.6514253 0.0264512 0.0170260
1 0.5650777 0.6514253 0.0264512 0.0170260
17 0.4304169 0.5288381 0.0264513 0.0170260
12 0.8343993 0.6514253 0.0264513 0.0170260
10 0.7670689 0.4675445 0.0264512 0.0170260
22 0.6997385 0.4062509 0.0264513 0.0170260
19 0.6312058 0.6514253 0.0264512 0.0170260
