31 0.7835268 0.4979090 0.0279060 0.0171182
14 0.7835268 0.5595346 0.0279060 0.0171182
32 0.6433625 0.5030444 0.5137244 0.4382263
22 0.4993929 0.3746579 0.0279060 0.0171182
34 0.6401913 0.3740873 0.0659597 0.0616256
17 0.6401913 0.3746579 0.0279060 0.0171182
20 0.7124934 0.3746579 0.0279060 0.0171182
9 0.8545603 0.3746579 0.0279060 0.0171182
25 0.7835268 0.4362834 0.0279060 0.0171182
12 0.8545603 0.4362834 0.0279060 0.0171182
19 0.7124934 0.4979090 0.0279060 0.0171182
2 0.6401913 0.5595346 0.0279060 0.0171182
21 0.7124934 0.5595346 0.0279060 0.0171182
17 0.6401913 0.6827857 0.0279060 0.0171182
21 0.4993929 0.6827857 0.0279060 0.0171182
17 0.8545603 0.6211601 0.0279060 0.0171182
9 0.4993929 0.4362834 0.0279060 0.0171182
27 0.6401913 0.6211601 0.0279060 0.0171182
30 0.4283593 0.6211601 0.0279060 0.0171182
30 0.4993929 0.6211601 0.0279060 0.0171182
28 0.7835268 0.6827857 0.0279060 0.0171182
27 0.6401913 0.4979090 0.0279060 0.0171182
4 0.8545603 0.4979090 0.0279060 0.0171182
7 0.7835268 0.3746579 0.0279060 0.0171182
21 0.4283593 0.4979090 0.0279060 0.0171182
15 0.4283593 0.5595346 0.0279060 0.0171182
4 0.5704263 0.5595346 0.0279060 0.0171182
24 0.5704263 0.4979090 0.0279060 0.0171182
28 0.4283593 0.3746579 0.0279060 0.0171182
11 0.5704263 0.3746579 0.0279060 0.0171182
26 0.5704263 0.6827857 0.0279060 0.0171182
30 0.4993929 0.5595346 0.0279060 0.0171182
30 0.5704263 0.6211601 0.0279060 0.0171182
30 0.8545603 0.6827857 0.0279060 0.0171182
10 0.6401913 0.4362834 0.0279060 0.0171182
2 0.7835268 0.6211601 0.0279060 0.0171182
19 0.4283593 0.6827857 0.0279060 0.0171182
10 0.7124934 0.6211601 0.0279060 0.0171182
28 0.7124934 0.4362834 0.0279060 0.0171182
18 0.4993929 0.4979090 0.0279060 0.0171182
26 0.4283593 0.4362834 0.0279060 0.0171182
24 0.5704263 0.4362834 0.0279060 0.0171182
5 0.8545603 0.5595346 0.0279060 0.0171182
25 0.7124934 0.6827857 0.0279060 0.0171182
