1 0.0377433 0.2206854 0.0280475 0.0166578
3 0.3233175 0.4605581 0.0280475 0.0166578
32 0.2566253 0.3456191 0.5107505 0.4264403
19 0.1091368 0.2206854 0.0280475 0.0166578
22 0.3947111 0.2206854 0.0280475 0.0166578
6 0.1805304 0.2806536 0.0280475 0.0166579
34 0.3940737 0.2800984 0.0650191 0.0599682
10 0.3947111 0.2806536 0.0280475 0.0166579
1 0.1091368 0.3406218 0.0280475 0.0166578
11 0.2506491 0.3406218 0.0280475 0.0166578
7 0.3947111 0.4005899 0.0280475 0.0166579
12 0.1091368 0.4605581 0.0280475 0.0166578
3 0.3233175 0.5205263 0.0280475 0.0166579
14 0.4661047 0.5205263 0.0280475 0.0166579
14 0.1805304 0.3406218 0.0280475 0.0166578
7 0.1805304 0.4605581 0.0280475 0.0166578
7 0.3233175 0.3406218 0.0280475 0.0166578
19 0.4661047 0.3406218 0.0280475 0.0166578
20 0.1091368 0.4005899 0.0280475 0.0166579
4 0.4661047 0.2206854 0.0280475 0.0166578
3 0.2506491 0.5205263 0.0280475 0.0166579
31 0.3947111 0.4605581 0.0280475 0.0166578
8 0.2506491 0.4605581 0.0280475 0.0166578
21 0.0377433 0.5205263 0.0280475 0.0166579
6 0.1091368 0.5205263 0.0280475 0.0166579
16 0.1805304 0.4005899 0.0280475 0.0166579
28 0.3233175 0.4005899 0.0280475 0.0166579
27 0.3233175 0.2806536 0.0280475 0.0166579
11 0.2506491 0.2206854 0.0280475 0.0166578
29 0.0377433 0.3406218 0.0280475 0.0166578
1 0.3947111 0.3406218 0.0280475 0.0166578
9 0.2506491 0.2806536 0.0280475 0.0166579
5 0.4661047 0.4605581 0.0280475 0.0166578
26 0.4661047 0.4005899 0.0280475 0.0166579
27 0.0377433 0.4605581 0.0280475 0.0166578
4 0.0377433 0.4005899 0.0280475 0.0166579
16 0.1805304 0.2206854 0.0280475 0.0166578
8 0.3947111 0.5205263 0.0280475 0.0166579
10 0.0377433 0.2806536 0.0280475 0.0166579
1 0.1805304 0.5205263 0.0280475 0.0166579
25 0.1091368 0.2806536 0.0280475 0.0166579
24 0.3233175 0.2206854 0.0280475 0.0166578
4 0.4661047 0.2806536 0.0280475 0.0166579
26 0.2506491 0.4005899 0.0280475 0.0166579
