18 0.0975779 0.2556048 0.0277786 0.0158827
9 0.3084428 0.4271378 0.0277786 0.0158826
32 0.3115994 0.3747249 0.5113789 0.4065965
22 0.1682871 0.2556048 0.0277786 0.0158827
17 0.2389963 0.2556048 0.0277786 0.0158827
24 0.4511238 0.2556048 0.0277786 0.0158827
29 0.3804146 0.3127825 0.0277786 0.0158827
26 0.4511238 0.3127825 0.0277786 0.0158827
31 0.0975779 0.4271378 0.0277786 0.0158826
12 0.2389963 0.4271378 0.0277786 0.0158826
21 0.4511238 0.4843154 0.0277786 0.0158827
3 0.1682871 0.5414930 0.0277786 0.0158826
33 0.3797833 0.5409636 0.0669212 0.0571776
17 0.3804146 0.5414930 0.0277786 0.0158826
4 0.1682871 0.3127825 0.0277786 0.0158827
20 0.5218330 0.3699601 0.0277786 0.0158827
25 0.0975779 0.5414930 0.0277786 0.0158826
26 0.3084428 0.3127825 0.0277786 0.0158827
6 0.3084428 0.3699601 0.0277786 0.0158827
2 0.3084428 0.5414930 0.0277786 0.0158826
21 0.2389963 0.3127825 0.0277786 0.0158827
21 0.2389963 0.3699601 0.0277786 0.0158827
2 0.3804146 0.4271378 0.0277786 0.0158826
3 0.3084428 0.2556048 0.0277786 0.0158827
29 0.5218330 0.4271378 0.0277786 0.0158826
17 0.3804146 0.2556048 0.0277786 0.0158827
9 0.0975779 0.4843154 0.0277786 0.0158827
20 0.3804146 0.3699601 0.0277786 0.0158827
16 0.4511238 0.4271378 0.0277786 0.0158826
4 0.0975779 0.3127825 0.0277786 0.0158827
31 0.1682871 0.4271378 0.0277786 0.0158826
31 0.1682871 0.4843154 0.0277786 0.0158827
26 0.5218330 0.5414930 0.0277786 0.0158826
6 0.5218330 0.3127825 0.0277786 0.0158827
1 0.2389963 0.5414930 0.0277786 0.0158826
9 0.3804146 0.4843154 0.0277786 0.0158827
24 0.2389963 0.4843154 0.0277786 0.0158827
29 0.5218330 0.2556048 0.0277786 0.0158827
30 0.0975779 0.3699601 0.0277786 0.0158827
9 0.4511238 0.3699601 0.0277786 0.0158827
13 0.4511238 0.5414930 0.0277786 0.0158826
8 0.3084428 0.4843154 0.0277786 0.0158827
25 0.1682871 0.3699601 0.0277786 0.0158827
4 0.5218330 0.4843154 0.0277786 0.0158827
