1 0.3940044 0.7748515 0.0287524 0.0168583
11 0.7599435 0.4714018 0.0287524 0.0168583
32 0.6155283 0.5978392 0.5293048 0.4315727
21 0.3940044 0.4714018 0.0287524 0.0168583
8 0.5403801 0.4714018 0.0287524 0.0168583
19 0.6122610 0.5927817 0.0287524 0.0168583
27 0.6867557 0.5927817 0.0287524 0.0168583
15 0.6867557 0.6534716 0.0287524 0.0168583
33 0.7592901 0.6529097 0.0666533 0.0606900
27 0.7599435 0.6534716 0.0287524 0.0168583
16 0.8331314 0.6534716 0.0287524 0.0168583
2 0.6122610 0.7141615 0.0287524 0.0168582
31 0.8331314 0.7141615 0.0287524 0.0168582
22 0.6867557 0.7748515 0.0287524 0.0168583
1 0.3940044 0.6534716 0.0287524 0.0168583
31 0.3940044 0.5320918 0.0287524 0.0168584
26 0.3940044 0.5927817 0.0287524 0.0168583
13 0.4671922 0.7748515 0.0287524 0.0168583
25 0.3940044 0.7141615 0.0287524 0.0168582
19 0.8331314 0.5927817 0.0287524 0.0168583
6 0.8331314 0.7748515 0.0287524 0.0168583
24 0.7599435 0.5927817 0.0287524 0.0168583
22 0.5403801 0.5320918 0.0287524 0.0168584
2 0.5403801 0.5927817 0.0287524 0.0168583
17 0.5403801 0.7748515 0.0287524 0.0168583
27 0.4671922 0.5320918 0.0287524 0.0168584
22 0.7599435 0.5320918 0.0287524 0.0168584
22 0.6122610 0.4714018 0.0287524 0.0168583
2 0.4671922 0.4714018 0.0287524 0.0168583
28 0.4671922 0.7141615 0.0287524 0.0168582
29 0.8331314 0.4714018 0.0287524 0.0168583
13 0.6867557 0.7141615 0.0287524 0.0168582
14 0.6122610 0.5320918 0.0287524 0.0168584
14 0.6122610 0.6534716 0.0287524 0.0168583
6 0.5403801 0.6534716 0.0287524 0.0168583
13 0.6122610 0.7748515 0.0287524 0.0168583
27 0.6867557 0.5320918 0.0287524 0.0168584
9 0.5403801 0.7141615 0.0287524 0.0168582
2 0.7599435 0.7748515 0.0287524 0.0168583
16 0.4671922 0.6534716 0.0287524 0.0168583
25 0.6867557 0.4714018 0.0287524 0.0168583
27 0.4671922 0.5927817 0.0287524 0.0168583
27 0.8331314 0.5320918 0.0287524 0.0168584
10 0.7599435 0.7141615 0.0287524 0.0168582
