17 0.8539481 0.3407753 0.0268645 0.0172165
5 0.5120360 0.5267134 0.0268645 0.0172165
32 0.6506326 0.3459402 0.4945515 0.4407422
26 0.4436536 0.2787959 0.0268645 0.0172165
16 0.7171833 0.2787959 0.0268645 0.0172165
24 0.5804184 0.3407753 0.0268645 0.0172165
15 0.6475798 0.4027547 0.0268645 0.0172165
33 0.7165727 0.4021808 0.0647191 0.0619794
17 0.7171833 0.4027547 0.0268645 0.0172165
4 0.4436536 0.4647340 0.0268645 0.0172165
19 0.5120360 0.4647340 0.0268645 0.0172165
7 0.7855657 0.4647340 0.0268645 0.0172165
17 0.8539481 0.4647340 0.0268645 0.0172165
5 0.8539481 0.5267134 0.0268645 0.0172165
14 0.8539481 0.2168165 0.0268645 0.0172165
20 0.5120360 0.2168165 0.0268645 0.0172165
12 0.5804184 0.5267134 0.0268645 0.0172165
2 0.7855657 0.2168165 0.0268645 0.0172165
22 0.6475798 0.3407753 0.0268645 0.0172165
20 0.5120360 0.3407753 0.0268645 0.0172165
18 0.5120360 0.2787959 0.0268645 0.0172165
2 0.5120360 0.4027547 0.0268645 0.0172165
14 0.5804184 0.4647340 0.0268645 0.0172165
30 0.6475798 0.2787959 0.0268645 0.0172165
1 0.8539481 0.4027547 0.0268645 0.0172165
5 0.4436536 0.2168165 0.0268645 0.0172165
30 0.5804184 0.2787959 0.0268645 0.0172165
24 0.7855657 0.5267134 0.0268645 0.0172165
7 0.6475798 0.2168165 0.0268645 0.0172165
25 0.7855657 0.3407753 0.0268645 0.0172165
27 0.5804184 0.4027547 0.0268645 0.0172165
12 0.7855657 0.2787959 0.0268645 0.0172165
7 0.4436536 0.4027547 0.0268645 0.0172165
6 0.6475798 0.4647340 0.0268645 0.0172165
15 0.4436536 0.5267134 0.0268645 0.0172165
2 0.6475798 0.5267134 0.0268645 0.0172165
21 0.7171833 0.2168165 0.0268645 0.0172165
7 0.7171833 0.3407753 0.0268645 0.0172165
8 0.7855657 0.4027547 0.0268645 0.0172165
15 0.7171833 0.4647340 0.0268645 0.0172165
27 0.7171833 0.5267134 0.0268645 0.0172165
24 0.5804184 0.2168165 0.0268645 0.0172165
12 0.8539481 0.2787959 0.0268645 0.0172165
19 0.4436536 0.3407753 0.0268645 0.0172165
