26 0.5734719 0.4164032 0.0272639 0.0173497
26 0.7829079 0.4788623 0.0272638 0.0173497
32 0.5765701 0.4840672 0.5019030 0.4441534
18 0.4359133 0.3539442 0.0272639 0.0173498
27 0.7135089 0.3539442 0.0272639 0.0173498
24 0.3665144 0.4164032 0.0272639 0.0173497
34 0.5053122 0.4158249 0.0644418 0.0624591
27 0.5053122 0.4164032 0.0272639 0.0173497
13 0.7135089 0.4164032 0.0272639 0.0173497
9 0.3665144 0.5413214 0.0272639 0.0173498
7 0.5053122 0.5413214 0.0272639 0.0173498
3 0.5734719 0.5413214 0.0272639 0.0173498
31 0.3665144 0.6662396 0.0272639 0.0173498
20 0.6441100 0.6662396 0.0272639 0.0173498
22 0.5734719 0.4788623 0.0272639 0.0173497
2 0.6441100 0.4788623 0.0272639 0.0173497
26 0.3665144 0.6037804 0.0272639 0.0173497
12 0.3665144 0.4788623 0.0272639 0.0173497
27 0.4359133 0.5413214 0.0272639 0.0173498
17 0.7829079 0.5413214 0.0272638 0.0173498
13 0.4359133 0.6037804 0.0272639 0.0173497
12 0.4359133 0.4164032 0.0272639 0.0173497
28 0.7829079 0.6037804 0.0272638 0.0173497
16 0.5053122 0.4788623 0.0272639 0.0173497
31 0.7135089 0.6662396 0.0272639 0.0173498
22 0.5053122 0.6662396 0.0272639 0.0173498
10 0.4359133 0.4788623 0.0272639 0.0173497
13 0.5053122 0.3539442 0.0272639 0.0173498
7 0.7135089 0.5413214 0.0272639 0.0173498
24 0.7135089 0.4788623 0.0272639 0.0173497
9 0.5734719 0.6037804 0.0272639 0.0173497
22 0.3665144 0.3539442 0.0272639 0.0173498
1 0.5734719 0.3539442 0.0272639 0.0173498
18 0.7829079 0.3539442 0.0272638 0.0173498
20 0.6441100 0.6037804 0.0272639 0.0173497
11 0.6441100 0.5413214 0.0272639 0.0173498
15 0.5053122 0.6037804 0.0272639 0.0173497
29 0.6441100 0.4164032 0.0272639 0.0173497
30 0.7829079 0.6662396 0.0272638 0.0173498
26 0.5734719 0.6662396 0.0272639 0.0173498
2 0.4359133 0.6662396 0.0272639 0.0173498
4 0.7829079 0.4164032 0.0272638 0.0173497
8 0.7135089 0.6037804 0.0272639 0.0173497
28 0.6441100 0.3539442 0.0272639 0.0173498
