17 0.4630834 0.6178361 0.0279787 0.0167200
2 0.4630834 0.5576442 0.0279787 0.0167200
32 0.2550584 0.5626603 0.5076168 0.4280312
33 0.0357714 0.4367032 0.0661316 0.0601919
11 0.0357714 0.4372605 0.0279788 0.0167200
12 0.2481556 0.4372605 0.0279788 0.0167200
16 0.4630834 0.4974524 0.0279787 0.0167200
11 0.0357714 0.5576442 0.0279788 0.0167200
18 0.3206461 0.5576442 0.0279788 0.0167200
8 0.3918647 0.5576442 0.0279787 0.0167200
7 0.1782087 0.6178361 0.0279788 0.0167200
24 0.1069900 0.7382199 0.0279788 0.0167200
31 0.1782087 0.7382199 0.0279788 0.0167200
10 0.2481556 0.4974524 0.0279788 0.0167200
4 0.3206461 0.7382199 0.0279788 0.0167200
6 0.2481556 0.7382199 0.0279788 0.0167200
2 0.4630834 0.4372605 0.0279787 0.0167200
9 0.2481556 0.5576442 0.0279788 0.0167200
31 0.1782087 0.5576442 0.0279788 0.0167200
3 0.1069900 0.4974524 0.0279788 0.0167200
22 0.3918647 0.6780280 0.0279787 0.0167200
22 0.1069900 0.5576442 0.0279788 0.0167200
19 0.2481556 0.6178361 0.0279788 0.0167200
6 0.3206461 0.4974524 0.0279788 0.0167200
25 0.0357714 0.6178361 0.0279788 0.0167200
24 0.4630834 0.7382199 0.0279787 0.0167200
29 0.2481556 0.6780280 0.0279788 0.0167200
7 0.3918647 0.6178361 0.0279787 0.0167200
16 0.0357714 0.6780280 0.0279788 0.0167200
2 0.3918647 0.4974524 0.0279787 0.0167200
20 0.4630834 0.6780280 0.0279787 0.0167200
29 0.3918647 0.4372605 0.0279787 0.0167200
2 0.3206461 0.6780280 0.0279788 0.0167200
17 0.1782087 0.4974524 0.0279788 0.0167200
27 0.0357714 0.4974524 0.0279788 0.0167200
29 0.3918647 0.7382199 0.0279787 0.0167200
9 0.1069900 0.4372605 0.0279788 0.0167200
29 0.3206461 0.4372605 0.0279788 0.0167200
7 0.1069900 0.6780280 0.0279788 0.0167200
25 0.1782087 0.6780280 0.0279788 0.0167200
11 0.0357714 0.7382199 0.0279788 0.0167200
4 0.1782087 0.4372605 0.0279788 0.0167200
11 0.3206461 0.6178361 0.0279788 0.0167200
7 0.1069900 0.6178361 0.0279788 0.0167200
