24 0.1535180 0.6712720 0.0268220 0.0163176
22 0.3571211 0.4950422 0.0268220 0.0163175
32 0.3601691 0.4999375 0.4937681 0.4177296
15 0.2217921 0.3775558 0.0268220 0.0163176
12 0.3571211 0.3775558 0.0268220 0.0163176
27 0.4266144 0.3775558 0.0268220 0.0163176
4 0.2900662 0.4362990 0.0268220 0.0163176
34 0.4942789 0.4357551 0.0621782 0.0587432
19 0.4948885 0.4362990 0.0268220 0.0163176
11 0.1535180 0.4950422 0.0268220 0.0163175
17 0.4948885 0.5537855 0.0268220 0.0163176
2 0.2900662 0.6125288 0.0268220 0.0163176
25 0.2900662 0.6712720 0.0268220 0.0163176
8 0.2900662 0.5537855 0.0268220 0.0163176
22 0.2217921 0.5537855 0.0268220 0.0163176
1 0.2900662 0.3775558 0.0268220 0.0163176
31 0.2217921 0.6125288 0.0268220 0.0163176
8 0.5631626 0.5537855 0.0268220 0.0163176
2 0.4948885 0.6125288 0.0268220 0.0163176
11 0.2900662 0.4950422 0.0268220 0.0163175
3 0.4948885 0.6712720 0.0268220 0.0163176
2 0.4266144 0.6125288 0.0268220 0.0163176
4 0.4266144 0.5537855 0.0268220 0.0163176
18 0.2217921 0.6712720 0.0268220 0.0163176
13 0.2217921 0.4362990 0.0268220 0.0163176
27 0.5631626 0.3775558 0.0268220 0.0163176
15 0.3571211 0.4362990 0.0268220 0.0163176
11 0.5631626 0.4950422 0.0268220 0.0163175
25 0.5631626 0.6125288 0.0268220 0.0163176
25 0.5631626 0.4362990 0.0268220 0.0163176
15 0.4948885 0.4950422 0.0268220 0.0163175
20 0.1535180 0.3775558 0.0268220 0.0163176
3 0.4266144 0.4950422 0.0268220 0.0163175
18 0.5631626 0.6712720 0.0268220 0.0163176
30 0.1535180 0.4362990 0.0268220 0.0163176
1 0.4948885 0.3775558 0.0268220 0.0163176
20 0.2217921 0.4950422 0.0268220 0.0163175
13 0.1535180 0.5537855 0.0268220 0.0163176
31 0.3571211 0.5537855 0.0268220 0.0163176
11 0.4266144 0.6712720 0.0268220 0.0163176
17 0.3571211 0.6125288 0.0268220 0.0163176
16 0.3571211 0.6712720 0.0268220 0.0163176
18 0.4266144 0.4362990 0.0268220 0.0163176
29 0.1535180 0.6125288 0.0268220 0.0163176
