7 0.3859200 0.5400917 0.0287787 0.0170173
14 0.5324298 0.6013542 0.0287787 0.0170173
32 0.4611371 0.5451969 0.5297898 0.4356438
1 0.4578668 0.4175669 0.0287787 0.0170173
34 0.5317758 0.4169996 0.0693305 0.0612624
10 0.5324298 0.4175669 0.0287787 0.0170173
13 0.6056847 0.4175669 0.0287787 0.0170173
17 0.6056847 0.4788293 0.0287787 0.0170173
4 0.6789397 0.4788293 0.0287788 0.0170173
3 0.2394103 0.6013542 0.0287787 0.0170173
21 0.6056847 0.6013542 0.0287787 0.0170173
16 0.3126652 0.7238790 0.0287787 0.0170173
12 0.4578668 0.7238790 0.0287787 0.0170173
3 0.3126652 0.6013542 0.0287787 0.0170173
31 0.4578668 0.5400917 0.0287787 0.0170173
22 0.6789397 0.6626165 0.0287788 0.0170173
20 0.3126652 0.6626165 0.0287787 0.0170173
1 0.4578668 0.4788293 0.0287787 0.0170173
9 0.2394103 0.4175669 0.0287787 0.0170173
29 0.6056847 0.7238790 0.0287787 0.0170173
10 0.6056847 0.5400917 0.0287787 0.0170173
25 0.6789397 0.6013542 0.0287788 0.0170173
24 0.3859200 0.4788293 0.0287787 0.0170173
9 0.5324298 0.6626165 0.0287787 0.0170173
2 0.2394103 0.4788293 0.0287787 0.0170173
4 0.6789397 0.7238790 0.0287788 0.0170173
28 0.6056847 0.6626165 0.0287787 0.0170173
22 0.3126652 0.5400917 0.0287787 0.0170173
28 0.2394103 0.6626165 0.0287787 0.0170173
20 0.6789397 0.4175669 0.0287788 0.0170173
14 0.4578668 0.6626165 0.0287787 0.0170173
14 0.2394103 0.7238790 0.0287787 0.0170173
24 0.3859200 0.4175669 0.0287787 0.0170173
24 0.6789397 0.5400917 0.0287788 0.0170173
5 0.3126652 0.4175669 0.0287787 0.0170173
24 0.5324298 0.7238790 0.0287787 0.0170173
10 0.4578668 0.6013542 0.0287787 0.0170173
11 0.3859200 0.6013542 0.0287787 0.0170173
26 0.3859200 0.6626165 0.0287787 0.0170173
9 0.2394103 0.5400917 0.0287787 0.0170173
29 0.3126652 0.4788293 0.0287787 0.0170173
11 0.5324298 0.5400917 0.0287787 0.0170173
14 0.3859200 0.7238790 0.0287787 0.0170173
18 0.5324298 0.4788293 0.0287787 0.0170173
