6 0.4299375 0.4106730 0.0283052 0.0171336
16 0.5019872 0.4106730 0.0283052 0.0171336
32 0.2877679 0.3541321 0.5210740 0.4386205
24 0.0696888 0.2256300 0.0283053 0.0171336
29 0.2137883 0.2256300 0.0283053 0.0171336
19 0.0696888 0.2873110 0.0283053 0.0171336
34 0.3572445 0.2867398 0.0681899 0.0616810
18 0.3578877 0.2873110 0.0283052 0.0171336
26 0.2137883 0.3489920 0.0283053 0.0171337
3 0.5019872 0.3489920 0.0283052 0.0171337
15 0.0696888 0.4106730 0.0283053 0.0171336
18 0.0696888 0.5340350 0.0283053 0.0171336
17 0.2845514 0.5340350 0.0283053 0.0171336
22 0.3578877 0.2256300 0.0283052 0.0171336
13 0.2845514 0.4723540 0.0283053 0.0171337
10 0.4299375 0.5340350 0.0283052 0.0171336
1 0.3578877 0.4106730 0.0283052 0.0171336
1 0.1417385 0.5340350 0.0283053 0.0171336
1 0.1417385 0.2256300 0.0283053 0.0171336
13 0.2137883 0.4106730 0.0283053 0.0171336
25 0.3578877 0.4723540 0.0283052 0.0171337
20 0.3578877 0.5340350 0.0283052 0.0171336
21 0.1417385 0.4723540 0.0283053 0.0171337
3 0.5019872 0.5340350 0.0283052 0.0171336
12 0.4299375 0.2256300 0.0283052 0.0171336
2 0.1417385 0.4106730 0.0283053 0.0171336
6 0.2845514 0.4106730 0.0283053 0.0171336
30 0.4299375 0.2873110 0.0283052 0.0171336
12 0.3578877 0.3489920 0.0283052 0.0171337
25 0.1417385 0.2873110 0.0283053 0.0171336
7 0.2137883 0.2873110 0.0283053 0.0171336
9 0.1417385 0.3489920 0.0283053 0.0171337
30 0.5019872 0.2873110 0.0283052 0.0171336
21 0.2845514 0.2256300 0.0283053 0.0171336
9 0.4299375 0.4723540 0.0283052 0.0171337
6 0.2845514 0.2873110 0.0283053 0.0171336
5 0.2137883 0.4723540 0.0283053 0.0171337
10 0.2137883 0.5340350 0.0283053 0.0171336
31 0.0696888 0.4723540 0.0283053 0.0171337
1 0.5019872 0.2256300 0.0283052 0.0171336
26 0.4299375 0.3489920 0.0283052 0.0171337
22 0.2845514 0.3489920 0.0283053 0.0171337
21 0.0696888 0.3489920 0.0283053 0.0171337
27 0.5019872 0.4723540 0.0283052 0.0171337
