16 0.2942205 0.4979176 0.0262481 0.0160165
28 0.2942205 0.3825984 0.0262481 0.0160165
32 0.2972033 0.5027226 0.4832037 0.4100238
30 0.1617869 0.3825984 0.0262481 0.0160165
14 0.4290403 0.3825984 0.0262481 0.0160165
1 0.4958537 0.3825984 0.0262481 0.0160165
33 0.1611904 0.4397241 0.0608479 0.0576596
8 0.1617869 0.4402580 0.0262481 0.0160165
12 0.2286003 0.4402580 0.0262481 0.0160165
25 0.0949735 0.4979176 0.0262481 0.0160165
4 0.1617869 0.4979176 0.0262481 0.0160165
19 0.2286003 0.5555772 0.0262481 0.0160166
29 0.1617869 0.6132368 0.0262481 0.0160166
2 0.4958537 0.6132368 0.0262481 0.0160166
8 0.4958537 0.4402580 0.0262481 0.0160165
22 0.2286003 0.3825984 0.0262481 0.0160165
15 0.3622270 0.6708964 0.0262481 0.0160165
7 0.1617869 0.5555772 0.0262481 0.0160166
5 0.2286003 0.6132368 0.0262481 0.0160166
30 0.2286003 0.4979176 0.0262481 0.0160165
13 0.4958537 0.6708964 0.0262481 0.0160165
30 0.4290403 0.5555772 0.0262481 0.0160166
9 0.4290403 0.4979176 0.0262481 0.0160165
1 0.3622270 0.6132368 0.0262481 0.0160166
15 0.2942205 0.4402580 0.0262481 0.0160165
24 0.4958537 0.5555772 0.0262481 0.0160166
13 0.3622270 0.4979176 0.0262481 0.0160165
29 0.0949735 0.6708964 0.0262481 0.0160165
18 0.3622270 0.4402580 0.0262481 0.0160165
10 0.0949735 0.4402580 0.0262481 0.0160165
19 0.2942205 0.6132368 0.0262481 0.0160166
12 0.2286003 0.6708964 0.0262481 0.0160165
5 0.4958537 0.4979176 0.0262481 0.0160165
7 0.4290403 0.6708964 0.0262481 0.0160165
2 0.4290403 0.6132368 0.0262481 0.0160166
25 0.3622270 0.5555772 0.0262481 0.0160166
29 0.2942205 0.5555772 0.0262481 0.0160166
21 0.4290403 0.4402580 0.0262481 0.0160165
17 0.0949735 0.6132368 0.0262481 0.0160166
19 0.0949735 0.5555772 0.0262481 0.0160166
31 0.3622270 0.3825984 0.0262481 0.0160165
18 0.0949735 0.3825984 0.0262481 0.0160165
9 0.2942205 0.6708964 0.0262481 0.0160165
12 0.1617869 0.6708964 0.0262481 0.0160165
