29 0.5080432 0.4651056 0.0286663 0.0167225
15 0.2161680 0.5855079 0.0286663 0.0167225
32 0.3640601 0.5905246 0.5277207 0.4280970
14 0.3608026 0.4651056 0.0286663 0.0167225
27 0.2891368 0.5253067 0.0286663 0.0167225
26 0.5080432 0.5253067 0.0286663 0.0167225
18 0.3608026 0.5855079 0.0286663 0.0167225
24 0.1431992 0.7059102 0.0286663 0.0167225
23 0.5080432 0.7059102 0.0286663 0.0167225
4 0.5810120 0.7059102 0.0286663 0.0167225
19 0.2161680 0.7661113 0.0286663 0.0167225
34 0.3608026 0.7655539 0.0677567 0.0602011
9 0.3608026 0.7661113 0.0286663 0.0167225
7 0.4350744 0.6457090 0.0286663 0.0167225
21 0.5810120 0.5253067 0.0286663 0.0167225
22 0.5080432 0.7661113 0.0286663 0.0167225
1 0.1431992 0.5253067 0.0286663 0.0167225
18 0.4350744 0.5855079 0.0286663 0.0167225
14 0.5810120 0.6457090 0.0286663 0.0167225
30 0.1431992 0.6457090 0.0286663 0.0167225
16 0.1431992 0.5855079 0.0286663 0.0167225
11 0.2161680 0.6457090 0.0286663 0.0167225
3 0.2891368 0.7059102 0.0286663 0.0167225
1 0.2891368 0.5855079 0.0286663 0.0167225
19 0.3608026 0.5253067 0.0286663 0.0167225
11 0.5080432 0.5855079 0.0286663 0.0167225
25 0.2161680 0.4651056 0.0286663 0.0167225
12 0.4350744 0.5253067 0.0286663 0.0167225
30 0.1431992 0.4651056 0.0286663 0.0167225
4 0.2891368 0.6457090 0.0286663 0.0167225
4 0.5810120 0.7661113 0.0286663 0.0167225
18 0.2161680 0.5253067 0.0286663 0.0167225
22 0.1431992 0.7661113 0.0286663 0.0167225
2 0.3608026 0.6457090 0.0286663 0.0167225
4 0.2161680 0.7059102 0.0286663 0.0167225
21 0.2891368 0.7661113 0.0286663 0.0167225
31 0.4350744 0.7059102 0.0286663 0.0167225
28 0.5810120 0.4651056 0.0286663 0.0167225
19 0.4350744 0.4651056 0.0286663 0.0167225
31 0.3608026 0.7059102 0.0286663 0.0167225
22 0.4350744 0.7661113 0.0286663 0.0167225
17 0.5080432 0.6457090 0.0286663 0.0167225
28 0.5810120 0.5855079 0.0286663 0.0167225
7 0.2891368 0.4651056 0.0286663 0.0167225
