16 0.7680098 0.6616481 0.0262122 0.0165656
13 0.5011212 0.6616481 0.0262123 0.0165656
32 0.6363527 0.5473458 0.4825442 0.4240782
24 0.7012877 0.4827401 0.0262122 0.0165655
14 0.5011212 0.5423761 0.0262123 0.0165656
12 0.5678434 0.5423761 0.0262122 0.0165656
8 0.5011212 0.6020121 0.0262123 0.0165656
10 0.7012877 0.6020121 0.0262122 0.0165656
27 0.7680098 0.6020121 0.0262122 0.0165656
19 0.5011212 0.7212840 0.0262123 0.0165656
34 0.6333741 0.7207319 0.0619563 0.0596360
21 0.6333740 0.7212840 0.0262123 0.0165656
6 0.8347320 0.7212840 0.0262123 0.0165656
27 0.4343990 0.4231041 0.0262123 0.0165656
28 0.5011212 0.4827401 0.0262123 0.0165655
25 0.4343990 0.7212840 0.0262123 0.0165656
15 0.6333740 0.6020121 0.0262123 0.0165656
31 0.7680098 0.5423761 0.0262122 0.0165656
4 0.7012877 0.7212840 0.0262122 0.0165656
14 0.7680098 0.4231041 0.0262122 0.0165656
24 0.7680098 0.7212840 0.0262122 0.0165656
2 0.7012877 0.4231041 0.0262122 0.0165656
11 0.5678434 0.6020121 0.0262122 0.0165656
31 0.4343990 0.5423761 0.0262123 0.0165656
6 0.4343990 0.6020121 0.0262123 0.0165656
5 0.4343990 0.6616481 0.0262123 0.0165656
8 0.8347320 0.4827401 0.0262123 0.0165655
6 0.7680098 0.4827401 0.0262122 0.0165655
15 0.7012877 0.6616481 0.0262122 0.0165656
6 0.6333740 0.4231041 0.0262123 0.0165656
8 0.6333740 0.5423761 0.0262123 0.0165656
1 0.6333740 0.4827401 0.0262123 0.0165655
30 0.4343990 0.4827401 0.0262123 0.0165655
9 0.8347320 0.6616481 0.0262123 0.0165656
2 0.5678434 0.4827401 0.0262122 0.0165655
7 0.6333740 0.6616481 0.0262123 0.0165656
25 0.5011212 0.4231041 0.0262123 0.0165656
19 0.5678434 0.7212840 0.0262122 0.0165656
30 0.8347320 0.4231041 0.0262123 0.0165656
4 0.8347320 0.6020121 0.0262123 0.0165656
4 0.5678434 0.4231041 0.0262122 0.0165656
2 0.7012877 0.5423761 0.0262122 0.0165656
5 0.8347320 0.5423761 0.0262123 0.0165656
7 0.5678434 0.6616481 0.0262122 0.0165656
