3 0.6469698 0.4720901 0.0262881 0.0162323
15 0.4474194 0.3552175 0.0262881 0.0162324
32 0.6499570 0.3600872 0.4839396 0.4155473
21 0.5812496 0.2383448 0.0262881 0.0162323
33 0.5812496 0.2962401 0.0621355 0.0584363
20 0.5812496 0.2967811 0.0262881 0.0162323
13 0.8489101 0.2967811 0.0262881 0.0162323
3 0.5143345 0.4136538 0.0262881 0.0162323
10 0.6469698 0.4136538 0.0262881 0.0162323
18 0.7819949 0.4136538 0.0262881 0.0162323
30 0.8489101 0.4136538 0.0262881 0.0162323
26 0.4474194 0.5305265 0.0262881 0.0162323
22 0.6469698 0.5305265 0.0262881 0.0162323
28 0.8489101 0.5305265 0.0262881 0.0162323
5 0.5143345 0.3552175 0.0262881 0.0162324
10 0.7819949 0.3552175 0.0262881 0.0162324
15 0.4474194 0.4720901 0.0262881 0.0162323
9 0.4474194 0.2383448 0.0262881 0.0162323
31 0.5143345 0.2967811 0.0262881 0.0162323
5 0.4474194 0.2967811 0.0262881 0.0162323
29 0.5812496 0.5305265 0.0262881 0.0162323
1 0.7819949 0.2383448 0.0262881 0.0162323
22 0.4474194 0.4136538 0.0262881 0.0162323
22 0.6469698 0.2383448 0.0262881 0.0162323
13 0.5812496 0.4720901 0.0262881 0.0162323
1 0.5812496 0.4136538 0.0262881 0.0162323
31 0.8489101 0.2383448 0.0262881 0.0162323
26 0.8489101 0.4720901 0.0262881 0.0162323
3 0.7150798 0.2383448 0.0262881 0.0162323
4 0.7819949 0.5305265 0.0262881 0.0162323
3 0.6469698 0.2967811 0.0262881 0.0162323
11 0.5143345 0.4720901 0.0262881 0.0162323
2 0.7150798 0.2967811 0.0262881 0.0162323
6 0.5812496 0.3552175 0.0262881 0.0162324
31 0.7819949 0.2967811 0.0262881 0.0162323
25 0.7150798 0.5305265 0.0262881 0.0162323
12 0.7819949 0.4720901 0.0262881 0.0162323
8 0.5143345 0.5305265 0.0262881 0.0162323
12 0.7150798 0.4720901 0.0262881 0.0162323
30 0.7150798 0.4136538 0.0262881 0.0162323
5 0.7150798 0.3552175 0.0262881 0.0162324
24 0.8489101 0.3552175 0.0262881 0.0162324
7 0.6469698 0.3552175 0.0262881 0.0162324
22 0.5143345 0.2383448 0.0262881 0.0162323
