12 0.4287270 0.3707807 0.0287279 0.0162649
5 0.3569073 0.2536738 0.0287279 0.0162648
32 0.4319915 0.3756601 0.5288543 0.4163798
21 0.6494094 0.2536738 0.0287279 0.0162648
14 0.3569073 0.3122272 0.0287279 0.0162649
20 0.5762839 0.3707807 0.0287279 0.0162649
24 0.4287270 0.4293341 0.0287279 0.0162649
5 0.6494094 0.4293341 0.0287279 0.0162649
34 0.2106562 0.4873453 0.0679023 0.0585534
24 0.2106562 0.4878875 0.0287279 0.0162649
3 0.5762839 0.4878875 0.0287279 0.0162649
30 0.3569073 0.5464409 0.0287279 0.0162649
27 0.6494094 0.5464409 0.0287279 0.0162649
5 0.2106562 0.5464409 0.0287279 0.0162649
3 0.2106562 0.3707807 0.0287279 0.0162649
7 0.5031583 0.4293341 0.0287279 0.0162649
18 0.2837817 0.3707807 0.0287279 0.0162649
11 0.2837817 0.3122272 0.0287279 0.0162649
26 0.3569073 0.3707807 0.0287279 0.0162649
30 0.5762839 0.4293341 0.0287279 0.0162649
28 0.2106562 0.2536738 0.0287279 0.0162648
14 0.2106562 0.3122272 0.0287279 0.0162649
27 0.4287270 0.3122272 0.0287279 0.0162649
2 0.2837817 0.4878875 0.0287279 0.0162649
5 0.5762839 0.5464409 0.0287279 0.0162649
6 0.2106562 0.4293341 0.0287279 0.0162649
28 0.6494094 0.3122272 0.0287279 0.0162649
12 0.5031583 0.3122272 0.0287279 0.0162649
1 0.6494094 0.3707807 0.0287279 0.0162649
1 0.2837817 0.5464409 0.0287279 0.0162649
22 0.5031583 0.4878875 0.0287279 0.0162649
5 0.5031583 0.5464409 0.0287279 0.0162649
21 0.3569073 0.4293341 0.0287279 0.0162649
5 0.2837817 0.2536738 0.0287279 0.0162648
3 0.5031583 0.2536738 0.0287279 0.0162648
29 0.5762839 0.2536738 0.0287279 0.0162648
14 0.3569073 0.4878875 0.0287279 0.0162649
12 0.5762839 0.3122272 0.0287279 0.0162649
25 0.6494094 0.4878875 0.0287279 0.0162649
29 0.5031583 0.3707807 0.0287279 0.0162649
5 0.4287270 0.2536738 0.0287279 0.0162648
11 0.4287270 0.4878875 0.0287279 0.0162649
1 0.2837817 0.4293341 0.0287279 0.0162649
27 0.4287270 0.5464409 0.0287279 0.0162649
