4 0.4544044 0.5605251 0.0282715 0.0158826
22 0.1665489 0.7320572 0.0282715 0.0158826
32 0.3843681 0.5652899 0.5204531 0.4065945
8 0.2385128 0.4461705 0.0282715 0.0158826
25 0.3104767 0.4461705 0.0282715 0.0158826
14 0.5263683 0.4461705 0.0282715 0.0158826
12 0.3104767 0.5033478 0.0282715 0.0158826
26 0.3811555 0.5033478 0.0282715 0.0158826
34 0.4537619 0.5028184 0.0681087 0.0571774
14 0.4544044 0.5033478 0.0282715 0.0158826
2 0.2385128 0.5605251 0.0282715 0.0158826
19 0.5983323 0.5605251 0.0282716 0.0158826
15 0.3104767 0.6748798 0.0282715 0.0158826
30 0.5983323 0.7320572 0.0282716 0.0158826
28 0.3104767 0.7320572 0.0282715 0.0158826
16 0.5263683 0.6748798 0.0282715 0.0158826
9 0.1665489 0.6177025 0.0282715 0.0158826
29 0.5263683 0.5033478 0.0282715 0.0158826
13 0.5983323 0.5033478 0.0282716 0.0158826
27 0.3104767 0.6177025 0.0282715 0.0158826
13 0.3811555 0.4461705 0.0282715 0.0158826
29 0.3811555 0.5605251 0.0282715 0.0158826
1 0.2385128 0.6177025 0.0282715 0.0158826
4 0.4544044 0.6748798 0.0282715 0.0158826
10 0.3811555 0.7320572 0.0282715 0.0158826
15 0.5983323 0.6748798 0.0282716 0.0158826
30 0.4544044 0.7320572 0.0282715 0.0158826
21 0.4544044 0.6177025 0.0282715 0.0158826
19 0.1665489 0.5033478 0.0282715 0.0158826
13 0.5263683 0.5605251 0.0282715 0.0158826
24 0.4544044 0.4461705 0.0282715 0.0158826
25 0.5263683 0.6177025 0.0282715 0.0158826
31 0.1665489 0.4461705 0.0282715 0.0158826
19 0.2385128 0.5033478 0.0282715 0.0158826
4 0.2385128 0.6748798 0.0282715 0.0158826
12 0.3811555 0.6748798 0.0282715 0.0158826
4 0.2385128 0.7320572 0.0282715 0.0158826
4 0.5983323 0.4461705 0.0282716 0.0158826
9 0.3811555 0.6177025 0.0282715 0.0158826
12 0.1665489 0.6748798 0.0282715 0.0158826
12 0.1665489 0.5605251 0.0282715 0.0158826
6 0.5983323 0.6177025 0.0282716 0.0158826
31 0.5263683 0.7320572 0.0282715 0.0158826
18 0.3104767 0.5605251 0.0282715 0.0158826
