5 0.4595128 0.4144637 0.0263734 0.0161384
5 0.5278438 0.3563653 0.0263734 0.0161384
32 0.4625098 0.3612068 0.4855099 0.4131446
3 0.3935793 0.2401683 0.0263734 0.0161384
15 0.5949761 0.2401683 0.0263734 0.0161384
22 0.3264471 0.3563653 0.0263734 0.0161384
1 0.6621083 0.3563653 0.0263734 0.0161384
34 0.3258477 0.4139257 0.0611383 0.0580985
25 0.3264471 0.4144637 0.0263734 0.0161384
11 0.2593148 0.4725622 0.0263734 0.0161384
23 0.5949761 0.4725622 0.0263734 0.0161384
14 0.3264471 0.5306606 0.0263734 0.0161384
17 0.6621083 0.5306606 0.0263734 0.0161384
3 0.3935793 0.4725622 0.0263734 0.0161384
11 0.5278438 0.4725622 0.0263734 0.0161384
8 0.2593148 0.3563653 0.0263734 0.0161384
3 0.6621083 0.4144637 0.0263734 0.0161384
12 0.3935793 0.3563653 0.0263734 0.0161384
14 0.5278438 0.2401683 0.0263734 0.0161384
24 0.5949761 0.4144637 0.0263734 0.0161384
29 0.3264471 0.2982668 0.0263734 0.0161385
3 0.6621083 0.2401683 0.0263734 0.0161384
5 0.2593148 0.4144637 0.0263734 0.0161384
3 0.3264471 0.4725622 0.0263734 0.0161384
3 0.5278438 0.4144637 0.0263734 0.0161384
26 0.4595128 0.5306606 0.0263734 0.0161384
11 0.2593148 0.5306606 0.0263734 0.0161384
12 0.5278438 0.5306606 0.0263734 0.0161384
3 0.4595128 0.2401683 0.0263734 0.0161384
8 0.4595128 0.3563653 0.0263734 0.0161384
22 0.6621083 0.4725622 0.0263734 0.0161384
4 0.5949761 0.3563653 0.0263734 0.0161384
22 0.6621083 0.2982668 0.0263734 0.0161385
19 0.4595128 0.2982668 0.0263734 0.0161385
11 0.2593148 0.2982668 0.0263734 0.0161385
19 0.5278438 0.2982668 0.0263734 0.0161385
3 0.2593148 0.2401683 0.0263734 0.0161384
31 0.3935793 0.5306606 0.0263734 0.0161384
15 0.3264471 0.2401683 0.0263734 0.0161384
27 0.5949761 0.2982668 0.0263734 0.0161385
31 0.5949761 0.5306606 0.0263734 0.0161384
3 0.4595128 0.4725622 0.0263734 0.0161384
4 0.3935793 0.4144637 0.0263734 0.0161384
2 0.3935793 0.2982668 0.0263734 0.0161385
