20 0.4128564 0.4773639 0.0286980 0.0167078
5 0.4859059 0.5375121 0.0286980 0.0167078
32 0.3417635 0.4222280 0.5283046 0.4277208
2 0.1206583 0.2969191 0.0286980 0.0167078
22 0.5589555 0.2969191 0.0286980 0.0167078
3 0.1937078 0.4172156 0.0286980 0.0167078
24 0.4128564 0.4172156 0.0286980 0.0167078
16 0.4859059 0.4773639 0.0286980 0.0167078
8 0.5589555 0.4773639 0.0286980 0.0167078
33 0.1206583 0.5369552 0.0678317 0.0601482
29 0.1206583 0.5375121 0.0286980 0.0167078
25 0.5589555 0.5375121 0.0286980 0.0167078
6 0.5589555 0.5976603 0.0286980 0.0167079
7 0.5589555 0.3570674 0.0286980 0.0167078
17 0.2667573 0.5375121 0.0286980 0.0167078
12 0.1206583 0.4172156 0.0286980 0.0167078
19 0.4128564 0.2969191 0.0286980 0.0167078
28 0.3385024 0.4172156 0.0286980 0.0167078
10 0.3385024 0.2969191 0.0286980 0.0167078
7 0.4128564 0.5375121 0.0286980 0.0167078
21 0.1937078 0.3570674 0.0286980 0.0167078
10 0.3385024 0.4773639 0.0286980 0.0167078
4 0.3385024 0.5976603 0.0286980 0.0167079
7 0.1937078 0.5375121 0.0286980 0.0167078
16 0.3385024 0.3570674 0.0286980 0.0167078
27 0.2667573 0.2969191 0.0286980 0.0167078
26 0.2667573 0.5976603 0.0286980 0.0167079
8 0.4859059 0.5976603 0.0286980 0.0167079
1 0.4128564 0.5976603 0.0286980 0.0167079
17 0.1937078 0.2969191 0.0286980 0.0167078
5 0.2667573 0.3570674 0.0286980 0.0167078
25 0.1206583 0.5976603 0.0286980 0.0167079
19 0.2667573 0.4172156 0.0286980 0.0167078
25 0.1937078 0.4773639 0.0286980 0.0167078
25 0.4859059 0.4172156 0.0286980 0.0167078
15 0.2667573 0.4773639 0.0286980 0.0167078
15 0.1206583 0.3570674 0.0286980 0.0167078
31 0.1206583 0.4773639 0.0286980 0.0167078
14 0.3385024 0.5375121 0.0286980 0.0167078
24 0.5589555 0.4172156 0.0286980 0.0167078
18 0.4859059 0.3570674 0.0286980 0.0167078
31 0.4859059 0.2969191 0.0286980 0.0167078
4 0.1937078 0.5976603 0.0286980 0.0167079
11 0.4128564 0.3570674 0.0286980 0.0167078
