7 0.2186398 0.4611627 0.0265499 0.0173176
7 0.4201778 0.4611627 0.0265499 0.0173176
32 0.4231949 0.3416717 0.4887601 0.4433287
26 0.2862214 0.2117902 0.0265499 0.0173175
9 0.4201778 0.2117902 0.0265499 0.0173175
33 0.4883629 0.2112130 0.0639612 0.0623431
7 0.4889663 0.2117902 0.0265499 0.0173175
16 0.5565479 0.2117902 0.0265499 0.0173175
1 0.6241296 0.2117902 0.0265499 0.0173175
7 0.3538030 0.3988195 0.0265499 0.0173175
18 0.4201778 0.3988195 0.0265499 0.0173175
3 0.6241296 0.3988195 0.0265499 0.0173175
17 0.5565479 0.5235058 0.0265499 0.0173175
29 0.3538030 0.2741333 0.0265499 0.0173175
9 0.4201778 0.2741333 0.0265499 0.0173175
4 0.6241296 0.5235058 0.0265499 0.0173175
9 0.2862214 0.4611627 0.0265499 0.0173176
29 0.2862214 0.2741333 0.0265499 0.0173175
12 0.2862214 0.3988195 0.0265499 0.0173175
20 0.2186398 0.2117902 0.0265499 0.0173175
15 0.2862214 0.3364764 0.0265499 0.0173176
14 0.5565479 0.4611627 0.0265499 0.0173176
13 0.4201778 0.3364764 0.0265499 0.0173176
7 0.2186398 0.3988195 0.0265499 0.0173175
22 0.5565479 0.3988195 0.0265499 0.0173175
2 0.2862214 0.5235058 0.0265499 0.0173175
12 0.2186398 0.2741333 0.0265499 0.0173175
12 0.4201778 0.5235058 0.0265499 0.0173175
10 0.6241296 0.4611627 0.0265499 0.0173176
11 0.4889663 0.3364764 0.0265499 0.0173176
29 0.3538030 0.2117902 0.0265499 0.0173175
11 0.5565479 0.3364764 0.0265499 0.0173176
30 0.4889663 0.3988195 0.0265499 0.0173175
25 0.2186398 0.3364764 0.0265499 0.0173176
13 0.4889663 0.4611627 0.0265499 0.0173176
1 0.6241296 0.3364764 0.0265499 0.0173176
26 0.2186398 0.5235058 0.0265499 0.0173175
2 0.3538030 0.5235058 0.0265499 0.0173175
26 0.6241296 0.2741333 0.0265499 0.0173175
13 0.3538030 0.3364764 0.0265499 0.0173176
11 0.3538030 0.4611627 0.0265499 0.0173176
15 0.5565479 0.2741333 0.0265499 0.0173175
28 0.4889663 0.5235058 0.0265499 0.0173175
16 0.4889663 0.2741333 0.0265499 0.0173175
