14 0.4489814 0.2432165 0.0276973 0.0172176
4 0.2374746 0.2432165 0.0276973 0.0172176
32 0.3098653 0.3723487 0.5098824 0.4407716
16 0.3067179 0.3671834 0.0276973 0.0172176
7 0.4489814 0.3671834 0.0276973 0.0172176
25 0.1669723 0.4291669 0.0276973 0.0172176
19 0.3067179 0.4291669 0.0276973 0.0172176
20 0.0964701 0.4911504 0.0276973 0.0172176
17 0.2374746 0.4911504 0.0276973 0.0172176
33 0.3778497 0.4905765 0.0667253 0.0619835
2 0.3784791 0.4911504 0.0276973 0.0172176
2 0.0964701 0.5531340 0.0276973 0.0172176
10 0.3784791 0.5531340 0.0276973 0.0172176
13 0.0964701 0.3052000 0.0276973 0.0172177
31 0.2374746 0.3052000 0.0276973 0.0172177
12 0.3784791 0.2432165 0.0276973 0.0172176
21 0.5194836 0.3671834 0.0276973 0.0172176
15 0.3784791 0.3671834 0.0276973 0.0172176
27 0.5194836 0.4911504 0.0276973 0.0172176
24 0.5194836 0.4291669 0.0276973 0.0172176
27 0.3067179 0.4911504 0.0276973 0.0172176
30 0.1669723 0.4911504 0.0276973 0.0172176
20 0.0964701 0.2432165 0.0276973 0.0172176
3 0.2374746 0.3671834 0.0276973 0.0172176
31 0.2374746 0.5531340 0.0276973 0.0172176
3 0.3067179 0.5531340 0.0276973 0.0172176
19 0.4489814 0.4911504 0.0276973 0.0172176
5 0.0964701 0.3671834 0.0276973 0.0172176
18 0.1669723 0.3671834 0.0276973 0.0172176
26 0.1669723 0.3052000 0.0276973 0.0172177
28 0.1669723 0.5531340 0.0276973 0.0172176
31 0.1669723 0.2432165 0.0276973 0.0172176
2 0.3784791 0.4291669 0.0276973 0.0172176
5 0.4489814 0.4291669 0.0276973 0.0172176
30 0.5194836 0.2432165 0.0276973 0.0172176
30 0.4489814 0.3052000 0.0276973 0.0172177
17 0.3067179 0.3052000 0.0276973 0.0172177
3 0.3784791 0.3052000 0.0276973 0.0172177
6 0.4489814 0.5531340 0.0276973 0.0172176
7 0.3067179 0.2432165 0.0276973 0.0172176
19 0.0964701 0.4291669 0.0276973 0.0172176
2 0.2374746 0.4291669 0.0276973 0.0172176
24 0.5194836 0.3052000 0.0276973 0.0172177
21 0.5194836 0.5531340 0.0276973 0.0172176
