14 0.7676931 0.7354156 0.0287563 0.0173990
16 0.5480994 0.7980518 0.0287563 0.0173989
32 0.6232579 0.6153630 0.5293777 0.4454125
33 0.6199902 0.4842910 0.0679694 0.0626361
15 0.6199902 0.4848710 0.0287563 0.0173989
18 0.6944952 0.5475072 0.0287563 0.0173990
7 0.4017036 0.6727794 0.0287563 0.0173989
26 0.4749015 0.6727794 0.0287563 0.0173989
15 0.5480994 0.6727794 0.0287563 0.0173989
22 0.6199902 0.6727794 0.0287563 0.0173989
3 0.8408910 0.6727794 0.0287563 0.0173989
10 0.4749015 0.7354156 0.0287563 0.0173990
31 0.5480994 0.7354156 0.0287563 0.0173990
4 0.8408910 0.6101433 0.0287563 0.0173990
17 0.5480994 0.6101433 0.0287563 0.0173990
15 0.7676931 0.7980518 0.0287563 0.0173989
17 0.8408910 0.4848710 0.0287563 0.0173989
14 0.4017036 0.6101433 0.0287563 0.0173990
27 0.4749015 0.4848710 0.0287563 0.0173989
11 0.6944952 0.4848710 0.0287563 0.0173989
8 0.6199902 0.7980518 0.0287563 0.0173989
21 0.7676931 0.5475072 0.0287563 0.0173990
15 0.8408910 0.5475072 0.0287563 0.0173990
8 0.4749015 0.7980518 0.0287563 0.0173989
22 0.6944952 0.7354156 0.0287563 0.0173990
27 0.7676931 0.6101433 0.0287563 0.0173990
13 0.7676931 0.4848710 0.0287563 0.0173989
17 0.5480994 0.4848710 0.0287563 0.0173989
31 0.8408910 0.7354156 0.0287563 0.0173990
30 0.4749015 0.6101433 0.0287563 0.0173990
31 0.4749015 0.5475072 0.0287563 0.0173990
18 0.4017036 0.4848710 0.0287563 0.0173989
15 0.6199902 0.7354156 0.0287563 0.0173990
1 0.6199902 0.5475072 0.0287563 0.0173990
3 0.6199902 0.6101433 0.0287563 0.0173990
29 0.6944952 0.6727794 0.0287563 0.0173989
8 0.5480994 0.5475072 0.0287563 0.0173990
28 0.8408910 0.7980518 0.0287563 0.0173989
28 0.6944952 0.6101433 0.0287563 0.0173990
3 0.7676931 0.6727794 0.0287563 0.0173989
30 0.4017036 0.7980518 0.0287563 0.0173989
3 0.6944952 0.7980518 0.0287563 0.0173989
15 0.4017036 0.5475072 0.0287563 0.0173990
21 0.4017036 0.7354156 0.0287563 0.0173990
