18 0.0998148 0.5482895 0.0274592 0.0169242
5 0.1697109 0.6092169 0.0274592 0.0169243
32 0.3113752 0.5533668 0.5054984 0.4332616
3 0.3082549 0.4264347 0.0274592 0.0169243
17 0.5191912 0.4873621 0.0274592 0.0169242
24 0.1697109 0.5482895 0.0274592 0.0169242
34 0.2396069 0.6086528 0.0649035 0.0609274
7 0.2396069 0.6092169 0.0274592 0.0169243
13 0.3082549 0.6092169 0.0274592 0.0169243
29 0.3793991 0.6092169 0.0274592 0.0169243
26 0.3793991 0.6701443 0.0274592 0.0169243
19 0.1697109 0.7310716 0.0274592 0.0169243
27 0.3082549 0.7310716 0.0274592 0.0169243
15 0.0998148 0.7310716 0.0274592 0.0169243
2 0.4492952 0.4264347 0.0274592 0.0169243
28 0.3082549 0.4873621 0.0274592 0.0169242
6 0.3082549 0.5482895 0.0274592 0.0169242
17 0.5191912 0.7310716 0.0274592 0.0169243
24 0.3793991 0.7310716 0.0274592 0.0169243
2 0.0998148 0.6092169 0.0274592 0.0169243
10 0.2396069 0.4873621 0.0274592 0.0169242
11 0.3793991 0.4873621 0.0274592 0.0169242
3 0.1697109 0.4264347 0.0274592 0.0169243
29 0.0998148 0.4873621 0.0274592 0.0169242
30 0.4492952 0.6092169 0.0274592 0.0169243
14 0.0998148 0.6701443 0.0274592 0.0169243
29 0.4492952 0.6701443 0.0274592 0.0169243
28 0.4492952 0.5482895 0.0274592 0.0169242
28 0.1697109 0.4873621 0.0274592 0.0169242
12 0.1697109 0.6701443 0.0274592 0.0169243
27 0.3793991 0.5482895 0.0274592 0.0169242
30 0.3082549 0.6701443 0.0274592 0.0169243
3 0.4492952 0.4873621 0.0274592 0.0169242
27 0.5191912 0.4264347 0.0274592 0.0169243
15 0.5191912 0.6701443 0.0274592 0.0169243
22 0.2396069 0.5482895 0.0274592 0.0169242
26 0.5191912 0.5482895 0.0274592 0.0169242
4 0.0998148 0.4264347 0.0274592 0.0169243
27 0.5191912 0.6092169 0.0274592 0.0169243
28 0.2396069 0.7310716 0.0274592 0.0169243
2 0.4492952 0.7310716 0.0274592 0.0169243
6 0.2396069 0.4264347 0.0274592 0.0169243
31 0.3793991 0.4264347 0.0274592 0.0169243
3 0.2396069 0.6701443 0.0274592 0.0169243
