24 0.4397704 0.4659225 0.0279683 0.0163291
5 0.7957300 0.7010621 0.0279682 0.0163291
32 0.5840611 0.5296062 0.5148702 0.4180259
26 0.3685784 0.4071377 0.0279683 0.0163291
19 0.6533461 0.4071377 0.0279682 0.0163291
14 0.3685784 0.4659225 0.0279683 0.0163291
27 0.5808829 0.4659225 0.0279683 0.0163291
3 0.3685784 0.5834923 0.0279683 0.0163291
8 0.3685784 0.6422772 0.0279683 0.0163291
1 0.5109622 0.6422772 0.0279683 0.0163291
34 0.6527105 0.6417329 0.0673781 0.0587849
6 0.6533461 0.6422772 0.0279682 0.0163291
29 0.6533461 0.7010621 0.0279682 0.0163291
26 0.4397704 0.6422772 0.0279683 0.0163291
13 0.5808829 0.6422772 0.0279683 0.0163291
22 0.3685784 0.5247074 0.0279683 0.0163291
13 0.5808829 0.5834923 0.0279683 0.0163291
12 0.3685784 0.7010621 0.0279683 0.0163291
20 0.4397704 0.5834923 0.0279683 0.0163291
25 0.7245380 0.5834923 0.0279683 0.0163291
15 0.5109622 0.5834923 0.0279683 0.0163291
1 0.7245380 0.4071377 0.0279683 0.0163291
2 0.4397704 0.5247074 0.0279683 0.0163291
19 0.7245380 0.4659225 0.0279683 0.0163291
9 0.5808829 0.5247074 0.0279683 0.0163291
5 0.5109622 0.7010621 0.0279683 0.0163291
12 0.4397704 0.7010621 0.0279683 0.0163291
21 0.7957300 0.6422772 0.0279682 0.0163291
9 0.5808829 0.4071377 0.0279683 0.0163291
16 0.4397704 0.4071377 0.0279683 0.0163291
27 0.5109622 0.5247074 0.0279683 0.0163291
17 0.5808829 0.7010621 0.0279683 0.0163291
11 0.7245380 0.7010621 0.0279683 0.0163291
18 0.5109622 0.4659225 0.0279683 0.0163291
29 0.7957300 0.5247074 0.0279682 0.0163291
6 0.6533461 0.4659225 0.0279682 0.0163291
24 0.5109622 0.4071377 0.0279683 0.0163291
27 0.7957300 0.5834923 0.0279682 0.0163291
14 0.7245380 0.5247074 0.0279683 0.0163291
19 0.7957300 0.4659225 0.0279682 0.0163291
31 0.7957300 0.4071377 0.0279682 0.0163291
31 0.6533461 0.5247074 0.0279682 0.0163291
30 0.7245380 0.6422772 0.0279683 0.0163291
26 0.6533461 0.5834923 0.0279682 0.0163291
