7 0.4456483 0.6795189 0.0273159 0.0161453
22 0.5859529 0.6795189 0.0273160 0.0161453
32 0.4487524 0.6262396 0.5028615 0.4133192
18 0.2382956 0.5051499 0.0273159 0.0161453
33 0.3773586 0.5046117 0.0645649 0.0581230
17 0.3773586 0.5051499 0.0273159 0.0161453
15 0.2382956 0.5632730 0.0273159 0.0161453
14 0.4456483 0.5632730 0.0273159 0.0161453
26 0.5859529 0.5632730 0.0273160 0.0161453
27 0.3773586 0.6795189 0.0273159 0.0161453
6 0.5859529 0.7376420 0.0273160 0.0161453
8 0.3773586 0.7957650 0.0273159 0.0161453
11 0.5859529 0.7957650 0.0273160 0.0161453
15 0.5164215 0.6795189 0.0273159 0.0161453
12 0.6554844 0.6213959 0.0273160 0.0161453
14 0.3078271 0.6213959 0.0273159 0.0161453
24 0.5859529 0.6213959 0.0273160 0.0161453
6 0.3078271 0.5051499 0.0273159 0.0161453
4 0.2382956 0.6795189 0.0273159 0.0161453
21 0.5164215 0.5051499 0.0273159 0.0161453
30 0.5164215 0.7957650 0.0273159 0.0161453
30 0.2382956 0.7376420 0.0273159 0.0161453
19 0.3773586 0.5632730 0.0273159 0.0161453
29 0.3078271 0.7376420 0.0273159 0.0161453
13 0.5164215 0.6213959 0.0273159 0.0161453
8 0.3078271 0.7957650 0.0273159 0.0161453
22 0.4456483 0.7376420 0.0273159 0.0161453
16 0.4456483 0.7957650 0.0273159 0.0161453
4 0.3773586 0.6213959 0.0273159 0.0161453
28 0.3078271 0.6795189 0.0273159 0.0161453
18 0.6554844 0.6795189 0.0273160 0.0161453
25 0.2382956 0.6213959 0.0273159 0.0161453
19 0.5164215 0.5632730 0.0273159 0.0161453
14 0.3078271 0.5632730 0.0273159 0.0161453
2 0.4456483 0.5051499 0.0273159 0.0161453
25 0.6554844 0.7957650 0.0273160 0.0161453
17 0.2382956 0.7957650 0.0273159 0.0161453
12 0.6554844 0.5051499 0.0273160 0.0161453
2 0.6554844 0.7376420 0.0273160 0.0161453
20 0.6554844 0.5632730 0.0273160 0.0161453
15 0.4456483 0.6213959 0.0273159 0.0161453
11 0.5164215 0.7376420 0.0273159 0.0161453
7 0.3773586 0.7376420 0.0273159 0.0161453
27 0.5859529 0.5051499 0.0273160 0.0161453
