16 0.4897166 0.5242260 0.0271891 0.0168577
25 0.2128823 0.7062886 0.0271891 0.0168576
32 0.4223618 0.5292833 0.5005262 0.4315557
14 0.3512994 0.4635385 0.0271891 0.0168577
26 0.5589251 0.4635385 0.0271891 0.0168577
9 0.6281337 0.4635385 0.0271891 0.0168577
33 0.2814729 0.5236641 0.0630292 0.0606875
11 0.2820909 0.5242260 0.0271891 0.0168577
16 0.3512994 0.5242260 0.0271891 0.0168577
22 0.6281337 0.5242260 0.0271891 0.0168577
1 0.2128823 0.5849135 0.0271891 0.0168576
6 0.5589251 0.6456011 0.0271891 0.0168576
11 0.6281337 0.7062886 0.0271891 0.0168576
10 0.6281337 0.4028510 0.0271891 0.0168577
27 0.2820909 0.7062886 0.0271891 0.0168576
17 0.5589251 0.5242260 0.0271891 0.0168577
29 0.2820909 0.5849135 0.0271891 0.0168576
3 0.6281337 0.6456011 0.0271891 0.0168576
8 0.4192721 0.5849135 0.0271891 0.0168576
1 0.2820909 0.4028510 0.0271891 0.0168577
1 0.4192721 0.6456011 0.0271891 0.0168576
29 0.4897166 0.5849135 0.0271891 0.0168576
12 0.6281337 0.5849135 0.0271891 0.0168576
17 0.2128823 0.6456011 0.0271891 0.0168576
3 0.4192721 0.7062886 0.0271891 0.0168576
30 0.4192721 0.4635385 0.0271891 0.0168577
16 0.5589251 0.4028510 0.0271891 0.0168577
6 0.4192721 0.5242260 0.0271891 0.0168577
25 0.4897166 0.7062886 0.0271891 0.0168576
10 0.3512994 0.4028510 0.0271891 0.0168577
24 0.5589251 0.7062886 0.0271891 0.0168576
15 0.3512994 0.5849135 0.0271891 0.0168576
2 0.2128823 0.5242260 0.0271891 0.0168577
25 0.2128823 0.4028510 0.0271891 0.0168577
6 0.2128823 0.4635385 0.0271891 0.0168577
2 0.2820909 0.6456011 0.0271891 0.0168576
5 0.4897166 0.4635385 0.0271891 0.0168577
8 0.3512994 0.6456011 0.0271891 0.0168576
27 0.4897166 0.6456011 0.0271891 0.0168576
9 0.4192721 0.4028510 0.0271891 0.0168577
30 0.2820909 0.4635385 0.0271891 0.0168577
22 0.4897166 0.4028510 0.0271891 0.0168577
18 0.3512994 0.7062886 0.0271891 0.0168576
30 0.5589251 0.5849135 0.0271891 0.0168576
