10 0.4336900 0.5186014 0.0283231 0.0163137
31 0.5057853 0.4011430 0.0283231 0.0163137
32 0.2914306 0.4060371 0.5214032 0.4176302
1 0.4336900 0.2836844 0.0283231 0.0163137
29 0.3615948 0.3424137 0.0283231 0.0163137
3 0.4336900 0.3424137 0.0283231 0.0163137
19 0.3615948 0.4598722 0.0283231 0.0163137
18 0.5057853 0.4598722 0.0283231 0.0163137
34 0.2174043 0.5180577 0.0669456 0.0587292
5 0.2174043 0.5186014 0.0283231 0.0163137
26 0.5057853 0.5186014 0.0283231 0.0163137
4 0.0732137 0.5773307 0.0283231 0.0163137
31 0.3615948 0.5773307 0.0283231 0.0163137
8 0.1453090 0.4011430 0.0283231 0.0163137
29 0.1453090 0.2836844 0.0283231 0.0163137
14 0.3615948 0.2836844 0.0283231 0.0163137
15 0.0732137 0.2836844 0.0283231 0.0163137
3 0.2174043 0.5773307 0.0283231 0.0163137
27 0.2882121 0.3424137 0.0283231 0.0163137
21 0.0732137 0.3424137 0.0283231 0.0163137
14 0.4336900 0.4598722 0.0283231 0.0163137
18 0.2882121 0.5186014 0.0283231 0.0163137
31 0.0732137 0.4598722 0.0283231 0.0163137
13 0.2882121 0.4598722 0.0283231 0.0163137
30 0.1453090 0.3424137 0.0283231 0.0163137
14 0.3615948 0.5186014 0.0283231 0.0163137
26 0.0732137 0.4011430 0.0283231 0.0163137
25 0.2882121 0.4011430 0.0283231 0.0163137
10 0.5057853 0.2836844 0.0283231 0.0163137
18 0.1453090 0.4598722 0.0283231 0.0163137
16 0.4336900 0.4011430 0.0283231 0.0163137
29 0.1453090 0.5773307 0.0283231 0.0163137
14 0.2882121 0.5773307 0.0283231 0.0163137
18 0.2174043 0.4598722 0.0283231 0.0163137
7 0.5057853 0.3424137 0.0283231 0.0163137
8 0.5057853 0.5773307 0.0283231 0.0163137
18 0.2882121 0.2836844 0.0283231 0.0163137
25 0.2174043 0.4011430 0.0283231 0.0163137
5 0.0732137 0.5186014 0.0283231 0.0163137
30 0.2174043 0.3424137 0.0283231 0.0163137
31 0.1453090 0.5186014 0.0283231 0.0163137
18 0.4336900 0.5773307 0.0283231 0.0163137
8 0.2174043 0.2836844 0.0283231 0.0163137
16 0.3615948 0.4011430 0.0283231 0.0163137
