4 0.1316142 0.3363968 0.0262834 0.0174932
30 0.3992266 0.2734211 0.0262834 0.0174933
32 0.2672124 0.4046205 0.4838528 0.4478275
22 0.2642257 0.2734211 0.0262834 0.0174933
3 0.3323235 0.2734211 0.0262834 0.0174933
16 0.4661297 0.2734211 0.0262834 0.0174933
33 0.4661297 0.3358137 0.0621243 0.0629757
18 0.4661297 0.3363968 0.0262834 0.0174932
6 0.1985173 0.3993726 0.0262834 0.0174932
31 0.3323235 0.3993726 0.0262834 0.0174932
29 0.1316142 0.4623483 0.0262834 0.0174932
14 0.0647111 0.5253240 0.0262834 0.0174932
17 0.4661297 0.5882998 0.0262834 0.0174932
16 0.4661297 0.3993726 0.0262834 0.0174932
30 0.2642257 0.5253240 0.0262834 0.0174932
11 0.0647111 0.4623483 0.0262834 0.0174932
28 0.3992266 0.5253240 0.0262834 0.0174932
21 0.0647111 0.2734211 0.0262834 0.0174933
30 0.3323235 0.5882998 0.0262834 0.0174932
7 0.4661297 0.4623483 0.0262834 0.0174932
1 0.2642257 0.3993726 0.0262834 0.0174932
4 0.1316142 0.5253240 0.0262834 0.0174932
19 0.1985173 0.5253240 0.0262834 0.0174932
25 0.3323235 0.5253240 0.0262834 0.0174932
28 0.2642257 0.3363968 0.0262834 0.0174932
7 0.4661297 0.5253240 0.0262834 0.0174932
22 0.1985173 0.2734211 0.0262834 0.0174933
20 0.1316142 0.3993726 0.0262834 0.0174932
27 0.3992266 0.3993726 0.0262834 0.0174932
29 0.3323235 0.4623483 0.0262834 0.0174932
15 0.1316142 0.2734211 0.0262834 0.0174933
7 0.3992266 0.3363968 0.0262834 0.0174932
31 0.0647111 0.3363968 0.0262834 0.0174932
22 0.1316142 0.5882998 0.0262834 0.0174932
27 0.3992266 0.5882998 0.0262834 0.0174932
4 0.3992266 0.4623483 0.0262834 0.0174932
6 0.2642257 0.5882998 0.0262834 0.0174932
1 0.3323235 0.3363968 0.0262834 0.0174932
15 0.0647111 0.3993726 0.0262834 0.0174932
7 0.2642257 0.4623483 0.0262834 0.0174932
9 0.1985173 0.3363968 0.0262834 0.0174932
31 0.0647111 0.5882998 0.0262834 0.0174932
12 0.1985173 0.5882998 0.0262834 0.0174932
24 0.1985173 0.4623483 0.0262834 0.0174932
