29 0.3842607 0.4369965 0.0270950 0.0162885
24 0.5209675 0.5542737 0.0270950 0.0162885
32 0.5240465 0.5005216 0.4987951 0.4169858
7 0.6601375 0.3783579 0.0270950 0.0162885
5 0.3152915 0.4369965 0.0270951 0.0162885
14 0.5209675 0.4369965 0.0270950 0.0162885
24 0.6601375 0.4369965 0.0270950 0.0162885
34 0.7291067 0.4364535 0.0640428 0.0586386
19 0.7291067 0.4369965 0.0270950 0.0162885
2 0.3152915 0.5542737 0.0270951 0.0162885
3 0.6601375 0.5542737 0.0270950 0.0162885
13 0.5911683 0.6129123 0.0270950 0.0162885
4 0.3152915 0.6715510 0.0270951 0.0162885
21 0.7291067 0.5542737 0.0270950 0.0162885
19 0.5911683 0.6715510 0.0270950 0.0162885
1 0.6601375 0.4956351 0.0270950 0.0162885
5 0.6601375 0.6129123 0.0270950 0.0162885
12 0.7291067 0.6129123 0.0270950 0.0162885
10 0.3152915 0.3783579 0.0270951 0.0162885
27 0.5209675 0.6129123 0.0270950 0.0162885
11 0.5209675 0.3783579 0.0270950 0.0162885
25 0.7291067 0.3783579 0.0270950 0.0162885
30 0.3842607 0.5542737 0.0270950 0.0162885
12 0.5911683 0.4369965 0.0270950 0.0162885
18 0.4532299 0.4956351 0.0270950 0.0162885
14 0.6601375 0.6715510 0.0270950 0.0162885
9 0.7291067 0.6715510 0.0270950 0.0162885
13 0.5911683 0.4956351 0.0270950 0.0162885
2 0.3842607 0.4956351 0.0270950 0.0162885
15 0.3842607 0.6715510 0.0270950 0.0162885
21 0.5911683 0.3783579 0.0270950 0.0162885
25 0.3842607 0.3783579 0.0270950 0.0162885
2 0.4532299 0.6715510 0.0270950 0.0162885
17 0.5911683 0.5542737 0.0270950 0.0162885
8 0.4532299 0.6129123 0.0270950 0.0162885
11 0.4532299 0.4369965 0.0270950 0.0162885
27 0.7291067 0.4956351 0.0270950 0.0162885
4 0.5209675 0.4956351 0.0270950 0.0162885
6 0.4532299 0.3783579 0.0270950 0.0162885
6 0.4532299 0.5542737 0.0270950 0.0162885
1 0.3152915 0.4956351 0.0270951 0.0162885
22 0.3152915 0.6129123 0.0270951 0.0162885
17 0.5209675 0.6715510 0.0270950 0.0162885
8 0.3842607 0.6129123 0.0270950 0.0162885
