7 0.6774694 0.3703928 0.0287016 0.0159878
5 0.6031062 0.3128368 0.0287016 0.0159878
32 0.6063677 0.3751891 0.5283703 0.4092867
19 0.4582936 0.2552809 0.0287016 0.0159878
8 0.8235867 0.2552809 0.0287016 0.0159878
33 0.3852350 0.4274158 0.0678402 0.0575559
6 0.3852350 0.4279487 0.0287016 0.0159878
3 0.5313522 0.4279487 0.0287016 0.0159878
20 0.3852350 0.4855047 0.0287016 0.0159878
31 0.7505280 0.4855047 0.0287016 0.0159878
21 0.8235867 0.4855047 0.0287016 0.0159878
22 0.6031062 0.5430606 0.0287016 0.0159878
12 0.8235867 0.5430606 0.0287016 0.0159878
17 0.8235867 0.3703928 0.0287016 0.0159878
3 0.5313522 0.2552809 0.0287016 0.0159878
17 0.3852350 0.3128368 0.0287016 0.0159878
21 0.6774694 0.5430606 0.0287016 0.0159878
15 0.3852350 0.3703928 0.0287016 0.0159878
19 0.3852350 0.2552809 0.0287016 0.0159878
11 0.8235867 0.4279487 0.0287016 0.0159878
12 0.6774694 0.4279487 0.0287016 0.0159878
3 0.7505280 0.3128368 0.0287016 0.0159878
10 0.4582936 0.3703928 0.0287016 0.0159878
1 0.7505280 0.5430606 0.0287016 0.0159878
21 0.5313522 0.5430606 0.0287016 0.0159878
8 0.3852350 0.5430606 0.0287016 0.0159878
28 0.5313522 0.3703928 0.0287016 0.0159878
20 0.7505280 0.4279487 0.0287016 0.0159878
11 0.4582936 0.4855047 0.0287016 0.0159878
13 0.6774694 0.4855047 0.0287016 0.0159878
2 0.6774694 0.2552809 0.0287016 0.0159878
7 0.5313522 0.4855047 0.0287016 0.0159878
15 0.4582936 0.5430606 0.0287016 0.0159878
18 0.6031062 0.2552809 0.0287016 0.0159878
30 0.4582936 0.3128368 0.0287016 0.0159878
21 0.7505280 0.3703928 0.0287016 0.0159878
14 0.6774694 0.3128368 0.0287016 0.0159878
6 0.4582936 0.4279487 0.0287016 0.0159878
3 0.5313522 0.3128368 0.0287016 0.0159878
27 0.6031062 0.3703928 0.0287016 0.0159878
30 0.6031062 0.4279487 0.0287016 0.0159878
12 0.8235867 0.3128368 0.0287016 0.0159878
1 0.7505280 0.2552809 0.0287016 0.0159878
13 0.6031062 0.4855047 0.0287016 0.0159878
