14 0.5918576 0.6414874 0.0271272 0.0160010
13 0.5228067 0.5262810 0.0271272 0.0160009
32 0.4556053 0.5886845 0.4993860 0.4096227
15 0.5228067 0.4686778 0.0271272 0.0160009
29 0.6609085 0.4686778 0.0271272 0.0160009
11 0.4525227 0.5262810 0.0271272 0.0160009
8 0.2466030 0.5838842 0.0271272 0.0160008
30 0.3156539 0.5838842 0.0271272 0.0160008
4 0.3156539 0.6414874 0.0271272 0.0160010
21 0.5228067 0.6414874 0.0271272 0.0160010
17 0.3156539 0.7566937 0.0271272 0.0160008
33 0.6609084 0.7561604 0.0641187 0.0576032
16 0.6609085 0.7566937 0.0271272 0.0160008
31 0.3847048 0.7566937 0.0271271 0.0160008
26 0.3156539 0.5262810 0.0271272 0.0160009
10 0.4525227 0.6990906 0.0271272 0.0160010
30 0.3847048 0.6414874 0.0271271 0.0160010
11 0.2466030 0.4686778 0.0271272 0.0160009
11 0.6609085 0.6414874 0.0271272 0.0160010
11 0.2466030 0.7566937 0.0271272 0.0160008
8 0.2466030 0.6414874 0.0271272 0.0160010
16 0.6609085 0.5838842 0.0271272 0.0160008
18 0.5918576 0.5262810 0.0271272 0.0160009
11 0.3156539 0.6990906 0.0271272 0.0160010
3 0.4525227 0.7566937 0.0271272 0.0160008
30 0.3847048 0.6990906 0.0271271 0.0160010
9 0.2466030 0.6990906 0.0271272 0.0160010
15 0.5918576 0.7566937 0.0271272 0.0160008
31 0.4525227 0.4686778 0.0271272 0.0160009
26 0.4525227 0.5838842 0.0271272 0.0160008
3 0.5228067 0.5838842 0.0271272 0.0160008
15 0.5918576 0.6990906 0.0271272 0.0160010
22 0.6609085 0.6990906 0.0271272 0.0160010
6 0.6609085 0.5262810 0.0271272 0.0160009
2 0.5918576 0.4686778 0.0271272 0.0160009
11 0.3847048 0.5838842 0.0271271 0.0160008
7 0.5228067 0.7566937 0.0271272 0.0160008
24 0.5918576 0.5838842 0.0271272 0.0160008
10 0.2466030 0.5262810 0.0271272 0.0160009
12 0.4525227 0.6414874 0.0271272 0.0160010
11 0.5228067 0.6990906 0.0271272 0.0160010
22 0.3156539 0.4686778 0.0271272 0.0160009
8 0.3847048 0.5262810 0.0271271 0.0160009
11 0.3847048 0.4686778 0.0271271 0.0160009
