31 0.1650478 0.4380750 0.0264966 0.0166358
20 0.5697236 0.4979637 0.0264967 0.0166357
32 0.3691923 0.5029544 0.4877789 0.4258756
25 0.5697236 0.3781862 0.0264967 0.0166358
31 0.2324938 0.4979637 0.0264966 0.0166357
10 0.2999398 0.4979637 0.0264966 0.0166357
3 0.2324938 0.5578524 0.0264966 0.0166357
33 0.5016755 0.5572979 0.0614240 0.0598888
19 0.5022777 0.5578524 0.0264966 0.0166357
22 0.5697236 0.5578524 0.0264967 0.0166357
24 0.1650478 0.6177412 0.0264966 0.0166358
23 0.4348317 0.6177412 0.0264966 0.0166358
21 0.5697236 0.6776299 0.0264967 0.0166357
30 0.2999398 0.5578524 0.0264966 0.0166357
5 0.3661813 0.6776299 0.0264966 0.0166357
14 0.2324938 0.6776299 0.0264966 0.0166357
21 0.3661813 0.5578524 0.0264966 0.0166357
26 0.5022777 0.3781862 0.0264966 0.0166358
10 0.4348317 0.4380750 0.0264966 0.0166358
4 0.5022777 0.6776299 0.0264966 0.0166357
7 0.1650478 0.5578524 0.0264966 0.0166357
1 0.3661813 0.4979637 0.0264966 0.0166357
19 0.5022777 0.6177412 0.0264966 0.0166358
26 0.2324938 0.3781862 0.0264966 0.0166358
5 0.1650478 0.3781862 0.0264966 0.0166358
18 0.3661813 0.6177412 0.0264966 0.0166358
8 0.1650478 0.4979637 0.0264966 0.0166357
27 0.4348317 0.3781862 0.0264966 0.0166358
15 0.2999398 0.6177412 0.0264966 0.0166358
10 0.3661813 0.4380750 0.0264966 0.0166358
7 0.2324938 0.4380750 0.0264966 0.0166358
29 0.1650478 0.6776299 0.0264966 0.0166357
29 0.4348317 0.5578524 0.0264966 0.0166357
28 0.4348317 0.6776299 0.0264966 0.0166357
8 0.5697236 0.4380750 0.0264967 0.0166358
3 0.2324938 0.6177412 0.0264966 0.0166358
14 0.2999398 0.3781862 0.0264966 0.0166358
4 0.4348317 0.4979637 0.0264966 0.0166357
27 0.5697236 0.6177412 0.0264967 0.0166358
6 0.3661813 0.3781862 0.0264966 0.0166358
12 0.2999398 0.4380750 0.0264966 0.0166358
24 0.2999398 0.6776299 0.0264966 0.0166357
26 0.5022777 0.4380750 0.0264966 0.0166358
6 0.5022777 0.4979637 0.0264966 0.0166357
