29 0.4585763 0.4574317 0.0280531 0.0164029
3 0.6013924 0.5755328 0.0280532 0.0164029
32 0.5318970 0.4623526 0.5164332 0.4199149
8 0.6013924 0.3393307 0.0280532 0.0164029
5 0.3157602 0.3983812 0.0280531 0.0164030
30 0.4585763 0.3983812 0.0280531 0.0164030
25 0.6728004 0.4574317 0.0280531 0.0164029
19 0.7442085 0.4574317 0.0280531 0.0164029
27 0.3157602 0.5164823 0.0280531 0.0164029
21 0.3871683 0.5164823 0.0280532 0.0164029
33 0.7442085 0.5159355 0.0663075 0.0590505
22 0.7442085 0.5164823 0.0280531 0.0164029
4 0.6013924 0.6345833 0.0280532 0.0164029
4 0.3871683 0.3983812 0.0280532 0.0164030
6 0.5287092 0.4574317 0.0280531 0.0164029
7 0.7442085 0.6345833 0.0280531 0.0164029
18 0.6728004 0.3393307 0.0280531 0.0164029
28 0.3871683 0.3393307 0.0280532 0.0164029
4 0.7442085 0.3983812 0.0280531 0.0164030
25 0.6013924 0.3983812 0.0280532 0.0164030
5 0.6728004 0.5755328 0.0280531 0.0164029
31 0.6728004 0.3983812 0.0280531 0.0164030
26 0.3157602 0.6345833 0.0280531 0.0164029
10 0.6013924 0.4574317 0.0280532 0.0164029
2 0.5287092 0.6345833 0.0280531 0.0164029
15 0.7442085 0.3393307 0.0280531 0.0164029
4 0.5287092 0.5755328 0.0280531 0.0164029
25 0.6013924 0.5164823 0.0280532 0.0164029
24 0.3157602 0.5755328 0.0280531 0.0164029
21 0.4585763 0.3393307 0.0280531 0.0164029
27 0.4585763 0.5164823 0.0280531 0.0164029
11 0.4585763 0.5755328 0.0280531 0.0164029
1 0.3871683 0.4574317 0.0280532 0.0164029
28 0.4585763 0.6345833 0.0280531 0.0164029
11 0.5287092 0.3393307 0.0280531 0.0164029
1 0.3871683 0.5755328 0.0280532 0.0164029
25 0.5287092 0.5164823 0.0280531 0.0164029
16 0.3157602 0.3393307 0.0280531 0.0164029
3 0.7442085 0.5755328 0.0280531 0.0164029
5 0.6728004 0.5164823 0.0280531 0.0164029
21 0.5287092 0.3983812 0.0280531 0.0164030
27 0.6728004 0.6345833 0.0280531 0.0164029
4 0.3871683 0.6345833 0.0280532 0.0164029
28 0.3157602 0.4574317 0.0280531 0.0164029
