27 0.5275199 0.5999750 0.0277282 0.0171235
9 0.3876186 0.7849084 0.0277282 0.0171235
32 0.5306708 0.6051120 0.5104507 0.4383607
6 0.3170377 0.4766861 0.0277282 0.0171234
1 0.6699419 0.4766861 0.0277281 0.0171234
27 0.7405228 0.5383306 0.0277282 0.0171234
10 0.3170377 0.5999750 0.0277282 0.0171235
7 0.5275199 0.6616195 0.0277282 0.0171235
34 0.7405228 0.6610487 0.0655393 0.0616444
20 0.7405228 0.6616195 0.0277282 0.0171235
8 0.4581994 0.7232640 0.0277282 0.0171235
20 0.7405228 0.7232640 0.0277282 0.0171235
29 0.4581994 0.7849084 0.0277282 0.0171235
18 0.7405228 0.4766861 0.0277282 0.0171234
1 0.5993611 0.7232640 0.0277282 0.0171235
28 0.3876186 0.4766861 0.0277282 0.0171234
7 0.5993611 0.5999750 0.0277282 0.0171235
7 0.6699419 0.5383306 0.0277281 0.0171234
13 0.4581994 0.4766861 0.0277282 0.0171234
6 0.5275199 0.7232640 0.0277282 0.0171235
12 0.3876186 0.5999750 0.0277282 0.0171235
19 0.7405228 0.7849084 0.0277282 0.0171235
19 0.3876186 0.6616195 0.0277282 0.0171235
25 0.3170377 0.7232640 0.0277282 0.0171235
18 0.3170377 0.5383306 0.0277282 0.0171234
15 0.7405228 0.5999750 0.0277282 0.0171235
9 0.3876186 0.5383306 0.0277282 0.0171234
13 0.3876186 0.7232640 0.0277282 0.0171235
1 0.4581994 0.5999750 0.0277282 0.0171235
1 0.5275199 0.4766861 0.0277282 0.0171234
21 0.3170377 0.7849084 0.0277282 0.0171235
15 0.5993611 0.7849084 0.0277282 0.0171235
10 0.6699419 0.5999750 0.0277281 0.0171235
18 0.4581994 0.6616195 0.0277282 0.0171235
9 0.5993611 0.5383306 0.0277282 0.0171234
22 0.5993611 0.4766861 0.0277282 0.0171234
29 0.6699419 0.7232640 0.0277281 0.0171235
14 0.5275199 0.5383306 0.0277282 0.0171234
30 0.6699419 0.6616195 0.0277281 0.0171235
10 0.4581994 0.5383306 0.0277282 0.0171234
31 0.6699419 0.7849084 0.0277281 0.0171235
27 0.3170377 0.6616195 0.0277282 0.0171235
21 0.5275199 0.7849084 0.0277282 0.0171235
28 0.5993611 0.6616195 0.0277282 0.0171235
