30 0.1944491 0.5117837 0.0272754 0.0166556
16 0.2626376 0.5717439 0.0272754 0.0166556
32 0.2657371 0.5767406 0.5021152 0.4263837
9 0.1250208 0.5117837 0.0272754 0.0166556
23 0.3333057 0.5117837 0.0272754 0.0166556
2 0.3333057 0.5717439 0.0272754 0.0166556
18 0.0555925 0.6317042 0.0272754 0.0166557
16 0.1250208 0.6317042 0.0272754 0.0166557
33 0.3326858 0.6311490 0.0657089 0.0599601
21 0.3333057 0.6317042 0.0272754 0.0166557
27 0.4721622 0.6317042 0.0272754 0.0166557
19 0.3333057 0.6916644 0.0272754 0.0166555
5 0.4027339 0.6916644 0.0272754 0.0166555
20 0.2626376 0.6916644 0.0272754 0.0166555
13 0.4027339 0.7516246 0.0272754 0.0166557
20 0.1944491 0.7516246 0.0272754 0.0166557
3 0.4721622 0.4518235 0.0272754 0.0166556
29 0.2626376 0.4518235 0.0272754 0.0166556
18 0.0555925 0.5717439 0.0272754 0.0166556
19 0.1944491 0.6916644 0.0272754 0.0166555
12 0.0555925 0.5117837 0.0272754 0.0166556
3 0.1250208 0.7516246 0.0272754 0.0166557
13 0.1250208 0.6916644 0.0272754 0.0166555
17 0.0555925 0.7516246 0.0272754 0.0166557
22 0.4721622 0.6916644 0.0272754 0.0166555
11 0.1944491 0.4518235 0.0272754 0.0166556
9 0.1944491 0.6317042 0.0272754 0.0166557
21 0.4027339 0.5117837 0.0272754 0.0166556
26 0.3333057 0.7516246 0.0272754 0.0166557
21 0.1250208 0.4518235 0.0272754 0.0166556
10 0.0555925 0.4518235 0.0272754 0.0166556
10 0.2626376 0.7516246 0.0272754 0.0166557
26 0.2626376 0.6317042 0.0272754 0.0166557
5 0.4027339 0.5717439 0.0272754 0.0166556
2 0.4027339 0.4518235 0.0272754 0.0166556
16 0.4721622 0.7516246 0.0272754 0.0166557
3 0.4721622 0.5117837 0.0272754 0.0166556
24 0.1250208 0.5717439 0.0272754 0.0166556
6 0.1944491 0.5717439 0.0272754 0.0166556
24 0.3333057 0.4518235 0.0272754 0.0166556
21 0.2626376 0.5117837 0.0272754 0.0166556
17 0.4027339 0.6317042 0.0272754 0.0166557
2 0.4721622 0.5717439 0.0272754 0.0166556
15 0.0555925 0.6916644 0.0272754 0.0166555
