8 0.4880178 0.5735908 0.0280222 0.0158484
4 0.1313719 0.6876992 0.0280222 0.0158484
32 0.3472700 0.5212910 0.5158628 0.4057191
27 0.4880178 0.4024280 0.0280222 0.0158484
17 0.1313719 0.5165365 0.0280222 0.0158484
21 0.3440857 0.5165365 0.0280222 0.0158484
16 0.4166886 0.5165365 0.0280222 0.0158484
26 0.5593469 0.5165365 0.0280222 0.0158484
10 0.2740302 0.6306450 0.0280222 0.0158484
15 0.4880178 0.6306450 0.0280222 0.0158484
23 0.2740302 0.6876992 0.0280222 0.0158484
33 0.4873809 0.6871710 0.0649605 0.0570542
5 0.4880178 0.6876992 0.0280222 0.0158484
24 0.5593469 0.4024280 0.0280222 0.0158484
8 0.5593469 0.4594823 0.0280222 0.0158484
26 0.3440857 0.6876992 0.0280222 0.0158484
31 0.4166886 0.5735908 0.0280222 0.0158484
19 0.2740302 0.5735908 0.0280222 0.0158484
12 0.2027011 0.5165365 0.0280222 0.0158484
15 0.1313719 0.5735908 0.0280222 0.0158484
8 0.2027011 0.6876992 0.0280222 0.0158484
22 0.2740302 0.4024280 0.0280222 0.0158484
28 0.1313719 0.4024280 0.0280222 0.0158484
16 0.2027011 0.4024280 0.0280222 0.0158484
16 0.5593469 0.5735908 0.0280222 0.0158484
3 0.1313719 0.6306450 0.0280222 0.0158484
14 0.3440857 0.4024280 0.0280222 0.0158484
29 0.3440857 0.4594823 0.0280222 0.0158484
9 0.2740302 0.4594823 0.0280222 0.0158484
15 0.2027011 0.4594823 0.0280222 0.0158484
11 0.4166886 0.6306450 0.0280222 0.0158484
24 0.3440857 0.6306450 0.0280222 0.0158484
15 0.4880178 0.4594823 0.0280222 0.0158484
28 0.1313719 0.4594823 0.0280222 0.0158484
19 0.3440857 0.5735908 0.0280222 0.0158484
24 0.5593469 0.6876992 0.0280222 0.0158484
21 0.2027011 0.5735908 0.0280222 0.0158484
25 0.4166886 0.4594823 0.0280222 0.0158484
21 0.2740302 0.5165365 0.0280222 0.0158484
12 0.4880178 0.5165365 0.0280222 0.0158484
27 0.4166886 0.6876992 0.0280222 0.0158484
6 0.4166886 0.4024280 0.0280222 0.0158484
11 0.5593469 0.6306450 0.0280222 0.0158484
14 0.2027011 0.6306450 0.0280222 0.0158484
