13 0.3432557 0.5937851 0.0269394 0.0170691
17 0.5489748 0.7166827 0.0269394 0.0170691
32 0.4822385 0.5374571 0.4959299 0.4369691
15 0.2746827 0.4094387 0.0269394 0.0170691
21 0.2746827 0.4708876 0.0269394 0.0170692
25 0.6175478 0.4708876 0.0269394 0.0170692
34 0.2746827 0.5932161 0.0636749 0.0614488
4 0.2746827 0.5937851 0.0269394 0.0170691
7 0.4791772 0.5937851 0.0269394 0.0170691
26 0.4791772 0.6552339 0.0269394 0.0170691
13 0.5489748 0.6552339 0.0269394 0.0170691
9 0.6175478 0.6552339 0.0269394 0.0170691
22 0.4791772 0.7166827 0.0269394 0.0170691
2 0.2746827 0.6552339 0.0269394 0.0170691
10 0.6175478 0.7166827 0.0269394 0.0170691
2 0.6861208 0.4708876 0.0269394 0.0170692
18 0.6175478 0.5323364 0.0269394 0.0170691
19 0.2746827 0.7166827 0.0269394 0.0170691
25 0.4118288 0.6552339 0.0269394 0.0170691
17 0.6861208 0.5937851 0.0269394 0.0170691
1 0.6861208 0.7166827 0.0269394 0.0170691
5 0.6861208 0.6552339 0.0269394 0.0170691
12 0.4118288 0.5937851 0.0269394 0.0170691
10 0.4118288 0.5323364 0.0269394 0.0170691
4 0.3432557 0.4708876 0.0269394 0.0170692
27 0.6861208 0.5323364 0.0269394 0.0170691
10 0.3432557 0.7166827 0.0269394 0.0170691
20 0.5489748 0.5323364 0.0269394 0.0170691
9 0.4791772 0.5323364 0.0269394 0.0170691
13 0.4118288 0.7166827 0.0269394 0.0170691
12 0.4118288 0.4094387 0.0269394 0.0170691
15 0.6861208 0.4094387 0.0269394 0.0170691
22 0.5489748 0.4708876 0.0269394 0.0170692
7 0.6175478 0.5937851 0.0269394 0.0170691
13 0.5489748 0.5937851 0.0269394 0.0170691
27 0.6175478 0.4094387 0.0269394 0.0170691
14 0.3432557 0.4094387 0.0269394 0.0170691
11 0.4791772 0.4708876 0.0269394 0.0170692
28 0.3432557 0.6552339 0.0269394 0.0170691
21 0.4791772 0.4094387 0.0269394 0.0170691
30 0.4118288 0.4708876 0.0269394 0.0170692
8 0.3432557 0.5323364 0.0269394 0.0170691
11 0.5489748 0.4094387 0.0269394 0.0170691
1 0.2746827 0.5323364 0.0269394 0.0170691
