1 0.4944268 0.4813467 0.0261270 0.0158476
12 0.4944268 0.3101921 0.0261270 0.0158476
32 0.6292184 0.4290495 0.4809745 0.4056999
29 0.5609319 0.3101921 0.0261270 0.0158476
17 0.5609319 0.3672437 0.0261270 0.0158477
34 0.6933483 0.4237669 0.0629424 0.0570515
24 0.6939421 0.4242952 0.0261270 0.0158476
27 0.7604472 0.4242952 0.0261270 0.0158476
9 0.4279217 0.4813467 0.0261270 0.0158476
22 0.8269524 0.4813467 0.0261270 0.0158476
24 0.8269524 0.5383983 0.0261270 0.0158476
11 0.4944268 0.5954498 0.0261270 0.0158477
23 0.5609319 0.5954498 0.0261270 0.0158477
7 0.4944268 0.5383983 0.0261270 0.0158476
30 0.7604472 0.4813467 0.0261270 0.0158476
12 0.6939421 0.4813467 0.0261270 0.0158476
15 0.6262495 0.5954498 0.0261270 0.0158477
28 0.7604472 0.5383983 0.0261270 0.0158476
13 0.5609319 0.4242952 0.0261270 0.0158476
5 0.5609319 0.5383983 0.0261270 0.0158476
22 0.4279217 0.3101921 0.0261270 0.0158476
8 0.8269524 0.3672437 0.0261270 0.0158477
30 0.4279217 0.3672437 0.0261270 0.0158477
14 0.6939421 0.5383983 0.0261270 0.0158476
5 0.7604472 0.5954498 0.0261270 0.0158477
12 0.4944268 0.3672437 0.0261270 0.0158477
16 0.8269524 0.5954498 0.0261270 0.0158477
1 0.6939421 0.5954498 0.0261270 0.0158477
18 0.8269524 0.4242952 0.0261270 0.0158476
7 0.6939421 0.3672437 0.0261270 0.0158477
12 0.8269524 0.3101921 0.0261270 0.0158476
31 0.4944268 0.4242952 0.0261270 0.0158476
13 0.6262495 0.4242952 0.0261270 0.0158476
25 0.5609319 0.4813467 0.0261270 0.0158476
14 0.6262495 0.3672437 0.0261270 0.0158477
22 0.4279217 0.5383983 0.0261270 0.0158476
18 0.4279217 0.5954498 0.0261270 0.0158477
20 0.6262495 0.3101921 0.0261270 0.0158476
17 0.7604472 0.3101921 0.0261270 0.0158476
9 0.6939421 0.3101921 0.0261270 0.0158476
26 0.7604472 0.3672437 0.0261270 0.0158477
7 0.4279217 0.4242952 0.0261270 0.0158476
30 0.6262495 0.5383983 0.0261270 0.0158476
15 0.6262495 0.4813467 0.0261270 0.0158476
