15 0.4685259 0.5352011 0.0265279 0.0171941
13 0.3997944 0.7827951 0.0265279 0.0171940
32 0.4028089 0.6022578 0.4883553 0.4401671
31 0.3997944 0.4733026 0.0265279 0.0171940
23 0.2659488 0.5352011 0.0265280 0.0171941
24 0.3334745 0.5970996 0.0265279 0.0171940
4 0.3997944 0.5970996 0.0265279 0.0171940
7 0.5360516 0.5970996 0.0265279 0.0171940
33 0.4679230 0.6584250 0.0639082 0.0618985
9 0.4685259 0.6589981 0.0265279 0.0171940
2 0.1984232 0.7208965 0.0265279 0.0171940
1 0.6035772 0.7208965 0.0265279 0.0171940
19 0.3334745 0.7827951 0.0265279 0.0171940
29 0.2659488 0.7208965 0.0265280 0.0171940
28 0.3997944 0.6589981 0.0265279 0.0171940
30 0.1984232 0.5352011 0.0265279 0.0171941
16 0.5360516 0.7208965 0.0265279 0.0171940
10 0.5360516 0.4733026 0.0265279 0.0171940
22 0.4685259 0.7208965 0.0265279 0.0171940
6 0.4685259 0.5970996 0.0265279 0.0171940
6 0.3334745 0.5352011 0.0265279 0.0171941
7 0.2659488 0.4733026 0.0265280 0.0171940
15 0.6035772 0.5352011 0.0265279 0.0171941
14 0.1984232 0.7827951 0.0265279 0.0171940
24 0.6035772 0.4733026 0.0265279 0.0171940
22 0.5360516 0.7827951 0.0265279 0.0171940
8 0.5360516 0.6589981 0.0265279 0.0171940
27 0.3334745 0.4733026 0.0265279 0.0171940
10 0.2659488 0.7827951 0.0265280 0.0171940
14 0.6035772 0.5970996 0.0265279 0.0171940
26 0.6035772 0.6589981 0.0265279 0.0171940
5 0.1984232 0.4733026 0.0265279 0.0171940
6 0.1984232 0.6589981 0.0265279 0.0171940
2 0.2659488 0.6589981 0.0265280 0.0171940
21 0.3334745 0.7208965 0.0265279 0.0171940
28 0.6035772 0.7827951 0.0265279 0.0171940
26 0.1984232 0.5970996 0.0265279 0.0171940
29 0.3334745 0.6589981 0.0265279 0.0171940
25 0.3997944 0.7208965 0.0265279 0.0171940
20 0.4685259 0.7827951 0.0265279 0.0171940
28 0.2659488 0.5970996 0.0265280 0.0171940
10 0.4685259 0.4733026 0.0265279 0.0171940
27 0.5360516 0.5352011 0.0265279 0.0171941
6 0.3997944 0.5352011 0.0265279 0.0171941
