27 0.4251223 0.4031962 0.0265026 0.0174851
24 0.3564566 0.4661427 0.0265026 0.0174851
32 0.3594682 0.5343348 0.4878883 0.4476197
34 0.1552780 0.4026134 0.0626424 0.0629465
25 0.1552780 0.4031962 0.0265026 0.0174851
19 0.5600446 0.4031962 0.0265026 0.0174851
2 0.4251223 0.4661427 0.0265026 0.0174851
4 0.4925835 0.4661427 0.0265026 0.0174851
27 0.5600446 0.5290893 0.0265026 0.0174851
23 0.5600446 0.6549822 0.0265026 0.0174851
26 0.2227390 0.7179287 0.0265026 0.0174851
16 0.3564566 0.7179287 0.0265026 0.0174851
5 0.5600446 0.7179287 0.0265026 0.0174851
11 0.2902002 0.7179287 0.0265026 0.0174851
28 0.4251223 0.5290893 0.0265026 0.0174851
29 0.3564566 0.6549822 0.0265026 0.0174851
19 0.3564566 0.4031962 0.0265026 0.0174851
22 0.4925835 0.4031962 0.0265026 0.0174851
8 0.2227390 0.4661427 0.0265026 0.0174851
22 0.1552780 0.5920357 0.0265026 0.0174851
14 0.5600446 0.5920357 0.0265026 0.0174851
18 0.4925835 0.5920357 0.0265026 0.0174851
16 0.4925835 0.7179287 0.0265026 0.0174851
5 0.1552780 0.5290893 0.0265026 0.0174851
30 0.4925835 0.6549822 0.0265026 0.0174851
15 0.4251223 0.6549822 0.0265026 0.0174851
11 0.1552780 0.7179287 0.0265026 0.0174851
17 0.4925835 0.5290893 0.0265026 0.0174851
11 0.2227390 0.5920357 0.0265026 0.0174851
7 0.1552780 0.6549822 0.0265026 0.0174851
3 0.2902002 0.6549822 0.0265026 0.0174851
27 0.1552780 0.4661427 0.0265026 0.0174851
10 0.2902002 0.5290893 0.0265026 0.0174851
6 0.5600446 0.4661427 0.0265026 0.0174851
22 0.2902002 0.4661427 0.0265026 0.0174851
26 0.4251223 0.5920357 0.0265026 0.0174851
17 0.2227390 0.4031962 0.0265026 0.0174851
31 0.3564566 0.5920357 0.0265026 0.0174851
8 0.3564566 0.5290893 0.0265026 0.0174851
2 0.2902002 0.4031962 0.0265026 0.0174851
8 0.2227390 0.5290893 0.0265026 0.0174851
20 0.2227390 0.6549822 0.0265026 0.0174851
19 0.4251223 0.7179287 0.0265026 0.0174851
28 0.2902002 0.5920357 0.0265026 0.0174851
