1 0.3989214 0.2273244 0.0272959 0.0161484
4 0.5378823 0.4017276 0.0272959 0.0161485
32 0.4702629 0.3484377 0.5024926 0.4134002
3 0.3989214 0.2854588 0.0272959 0.0161484
11 0.6768433 0.2854588 0.0272959 0.0161484
17 0.3989214 0.3435932 0.0272959 0.0161484
33 0.6067424 0.3430549 0.0632768 0.0581344
5 0.6073628 0.3435932 0.0272959 0.0161484
25 0.3989214 0.4598620 0.0272959 0.0161485
22 0.4671611 0.4598620 0.0272959 0.0161485
9 0.3294409 0.5179964 0.0272959 0.0161484
24 0.3989214 0.5179964 0.0272959 0.0161484
4 0.6768433 0.5179964 0.0272959 0.0161484
9 0.2599605 0.5179964 0.0272959 0.0161484
24 0.3294409 0.4598620 0.0272959 0.0161485
30 0.3294409 0.2273244 0.0272959 0.0161484
5 0.3294409 0.3435932 0.0272959 0.0161484
18 0.4671611 0.3435932 0.0272959 0.0161484
28 0.2599605 0.4598620 0.0272959 0.0161485
2 0.3294409 0.2854588 0.0272959 0.0161484
30 0.6073628 0.2854588 0.0272959 0.0161484
3 0.6073628 0.4017276 0.0272959 0.0161485
28 0.3989214 0.4017276 0.0272959 0.0161485
19 0.6073628 0.2273244 0.0272959 0.0161484
6 0.2599605 0.3435932 0.0272959 0.0161484
30 0.3294409 0.4017276 0.0272959 0.0161485
31 0.6768433 0.4598620 0.0272959 0.0161485
9 0.6073628 0.5179964 0.0272959 0.0161484
28 0.6073628 0.4598620 0.0272959 0.0161485
8 0.5378823 0.5179964 0.0272959 0.0161484
2 0.5378823 0.2854588 0.0272959 0.0161484
10 0.6768433 0.2273244 0.0272959 0.0161484
4 0.5378823 0.4598620 0.0272959 0.0161485
3 0.4671611 0.2273244 0.0272959 0.0161484
2 0.2599605 0.4017276 0.0272959 0.0161485
29 0.6768433 0.3435932 0.0272959 0.0161484
13 0.4671611 0.5179964 0.0272959 0.0161484
28 0.4671611 0.2854588 0.0272959 0.0161484
28 0.4671611 0.4017276 0.0272959 0.0161485
1 0.6768433 0.4017276 0.0272959 0.0161485
14 0.2599605 0.2854588 0.0272959 0.0161484
6 0.5378823 0.3435932 0.0272959 0.0161484
11 0.2599605 0.2273244 0.0272959 0.0161484
22 0.5378823 0.2273244 0.0272959 0.0161484
