24 0.7174089 0.5094768 0.0268599 0.0169012
19 0.5110764 0.5703213 0.0268599 0.0169012
32 0.5141287 0.5753916 0.4944654 0.4326715
31 0.3071857 0.4486324 0.0268598 0.0169012
17 0.4439268 0.5094768 0.0268599 0.0169012
20 0.5806678 0.5094768 0.0268598 0.0169012
26 0.4439268 0.5703213 0.0268599 0.0169012
1 0.5806678 0.5703213 0.0268598 0.0169012
16 0.3755563 0.6311658 0.0268599 0.0169012
30 0.5110764 0.6311658 0.0268599 0.0169012
22 0.5806678 0.6311658 0.0268598 0.0169012
34 0.3749458 0.7522912 0.0622660 0.0608445
22 0.3755563 0.7528545 0.0268599 0.0169012
2 0.6490384 0.6920101 0.0268599 0.0169012
17 0.3071857 0.5703213 0.0268598 0.0169012
20 0.5110764 0.5094768 0.0268599 0.0169012
8 0.3071857 0.5094768 0.0268598 0.0169012
19 0.5806678 0.7528545 0.0268598 0.0169012
17 0.7174089 0.4486324 0.0268599 0.0169012
6 0.6490384 0.4486324 0.0268599 0.0169012
17 0.3755563 0.6920101 0.0268599 0.0169012
27 0.5806678 0.4486324 0.0268598 0.0169012
13 0.5110764 0.4486324 0.0268599 0.0169012
15 0.3755563 0.5703213 0.0268599 0.0169012
8 0.5110764 0.7528545 0.0268599 0.0169012
25 0.5110764 0.6920101 0.0268599 0.0169012
4 0.7174089 0.5703213 0.0268599 0.0169012
8 0.3071857 0.6311658 0.0268598 0.0169012
15 0.7174089 0.6920101 0.0268599 0.0169012
9 0.6490384 0.6311658 0.0268599 0.0169012
27 0.3755563 0.4486324 0.0268599 0.0169012
29 0.4439268 0.4486324 0.0268599 0.0169012
20 0.3755563 0.5094768 0.0268599 0.0169012
11 0.4439268 0.7528545 0.0268599 0.0169012
8 0.6490384 0.5094768 0.0268599 0.0169012
12 0.3071857 0.7528545 0.0268598 0.0169012
28 0.6490384 0.5703213 0.0268599 0.0169012
12 0.6490384 0.7528545 0.0268599 0.0169012
22 0.7174089 0.7528545 0.0268599 0.0169012
28 0.4439268 0.6311658 0.0268599 0.0169012
13 0.4439268 0.6920101 0.0268599 0.0169012
31 0.7174089 0.6311658 0.0268599 0.0169012
15 0.3071857 0.6920101 0.0268598 0.0169012
4 0.5806678 0.6920101 0.0268598 0.0169012
