7 0.6889803 0.4947498 0.0273956 0.0168468
24 0.4785321 0.3734530 0.0273956 0.0168468
32 0.4816453 0.4391554 0.5043285 0.4312776
26 0.2705745 0.3128045 0.0273956 0.0168468
2 0.4100431 0.3128045 0.0273956 0.0168468
3 0.6192460 0.3128045 0.0273956 0.0168468
20 0.6889803 0.3128045 0.0273956 0.0168468
16 0.3403088 0.3734530 0.0273956 0.0168468
29 0.4785321 0.4947498 0.0273956 0.0168468
6 0.6192460 0.4947498 0.0273956 0.0168468
4 0.3403088 0.5553982 0.0273956 0.0168468
34 0.4100431 0.6154850 0.0647533 0.0606484
10 0.4100431 0.6160466 0.0273956 0.0168468
4 0.4785321 0.4341014 0.0273956 0.0168468
22 0.4100431 0.3734530 0.0273956 0.0168468
31 0.4785321 0.3128045 0.0273956 0.0168468
22 0.3403088 0.4341014 0.0273956 0.0168468
20 0.6889803 0.6160466 0.0273956 0.0168468
7 0.5495116 0.5553982 0.0273956 0.0168468
30 0.6192460 0.3734530 0.0273956 0.0168468
5 0.5495116 0.3734530 0.0273956 0.0168468
5 0.2705745 0.3734530 0.0273956 0.0168468
24 0.3403088 0.6160466 0.0273956 0.0168468
28 0.6192460 0.6160466 0.0273956 0.0168468
13 0.4785321 0.6160466 0.0273956 0.0168468
8 0.6192460 0.5553982 0.0273956 0.0168468
26 0.4785321 0.5553982 0.0273956 0.0168468
29 0.3403088 0.4947498 0.0273956 0.0168468
18 0.4100431 0.5553982 0.0273956 0.0168468
8 0.2705745 0.5553982 0.0273956 0.0168468
30 0.4100431 0.4341014 0.0273956 0.0168468
20 0.5495116 0.4341014 0.0273956 0.0168468
25 0.2705745 0.4341014 0.0273956 0.0168468
11 0.6889803 0.3734530 0.0273956 0.0168468
14 0.5495116 0.4947498 0.0273956 0.0168468
3 0.6889803 0.4341014 0.0273956 0.0168468
12 0.2705745 0.6160466 0.0273956 0.0168468
12 0.5495116 0.3128045 0.0273956 0.0168468
8 0.3403088 0.3128045 0.0273956 0.0168468
4 0.4100431 0.4947498 0.0273956 0.0168468
3 0.2705745 0.4947498 0.0273956 0.0168468
29 0.6192460 0.4341014 0.0273956 0.0168468
12 0.6889803 0.5553982 0.0273956 0.0168468
22 0.5495116 0.6160466 0.0273956 0.0168468
