21 0.5979627 0.5927441 0.0267872 0.0166661
13 0.3252204 0.4127498 0.0267872 0.0166661
32 0.5316035 0.5377458 0.4931279 0.4266530
30 0.3934060 0.4127498 0.0267872 0.0166661
13 0.5285595 0.4127498 0.0267872 0.0166661
18 0.5285595 0.4727479 0.0267872 0.0166662
8 0.5979627 0.4727479 0.0267872 0.0166662
31 0.6661483 0.4727479 0.0267873 0.0166662
15 0.5285595 0.5327460 0.0267872 0.0166661
19 0.3252204 0.5927441 0.0267872 0.0166661
22 0.3934060 0.5927441 0.0267872 0.0166661
33 0.4615916 0.6521866 0.0633152 0.0599980
1 0.4615916 0.6527421 0.0267872 0.0166661
28 0.6661483 0.5327460 0.0267873 0.0166661
13 0.4615916 0.7127402 0.0267872 0.0166661
28 0.3252204 0.6527421 0.0267872 0.0166661
1 0.7343339 0.7127402 0.0267873 0.0166661
3 0.5285595 0.5927441 0.0267872 0.0166661
18 0.6661483 0.7127402 0.0267873 0.0166661
24 0.5979627 0.6527421 0.0267872 0.0166661
6 0.4615916 0.5327460 0.0267872 0.0166661
16 0.3934060 0.4727479 0.0267872 0.0166662
6 0.7343339 0.6527421 0.0267873 0.0166661
3 0.5285595 0.6527421 0.0267872 0.0166661
10 0.5979627 0.4127498 0.0267872 0.0166661
30 0.7343339 0.4727479 0.0267873 0.0166662
10 0.6661483 0.5927441 0.0267873 0.0166661
7 0.3934060 0.6527421 0.0267872 0.0166661
19 0.6661483 0.6527421 0.0267873 0.0166661
28 0.7343339 0.5927441 0.0267873 0.0166661
29 0.4615916 0.4127498 0.0267872 0.0166661
20 0.5979627 0.5327460 0.0267872 0.0166661
1 0.3252204 0.4727479 0.0267872 0.0166662
15 0.3252204 0.7127402 0.0267872 0.0166661
26 0.5285595 0.7127402 0.0267872 0.0166661
29 0.3934060 0.5327460 0.0267872 0.0166661
15 0.7343339 0.5327460 0.0267873 0.0166661
18 0.6661483 0.4127498 0.0267873 0.0166661
2 0.3934060 0.7127402 0.0267872 0.0166661
8 0.5979627 0.7127402 0.0267872 0.0166661
2 0.4615916 0.5927441 0.0267872 0.0166661
6 0.4615916 0.4727479 0.0267872 0.0166662
25 0.7343339 0.4127498 0.0267873 0.0166661
10 0.3252204 0.5327460 0.0267872 0.0166661
