22 0.4483276 0.4727140 0.0277478 0.0163873
30 0.2364354 0.4727140 0.0277478 0.0163873
32 0.3795887 0.5956184 0.5108115 0.4195134
12 0.3070661 0.4727140 0.0277478 0.0163873
29 0.3070661 0.5907022 0.0277478 0.0163873
2 0.5895890 0.6496962 0.0277478 0.0163871
30 0.1658047 0.7086903 0.0277478 0.0163873
21 0.3070661 0.7086903 0.0277478 0.0163873
23 0.4483276 0.7086903 0.0277478 0.0163873
3 0.3070661 0.7676844 0.0277478 0.0163871
34 0.5183276 0.7671381 0.0643244 0.0589941
7 0.5189583 0.7676844 0.0277478 0.0163871
16 0.5895890 0.7676844 0.0277478 0.0163871
26 0.5189583 0.7086903 0.0277478 0.0163873
1 0.1658047 0.7676844 0.0277478 0.0163871
18 0.2364354 0.6496962 0.0277478 0.0163871
30 0.4483276 0.7676844 0.0277478 0.0163871
2 0.3070661 0.5317081 0.0277478 0.0163872
27 0.5189583 0.4727140 0.0277478 0.0163873
26 0.3764356 0.7676844 0.0277478 0.0163871
8 0.5895890 0.5907022 0.0277478 0.0163873
12 0.3764356 0.6496962 0.0277478 0.0163871
27 0.2364354 0.5907022 0.0277478 0.0163873
14 0.1658047 0.6496962 0.0277478 0.0163871
5 0.3764356 0.5907022 0.0277478 0.0163873
5 0.5189583 0.5317081 0.0277478 0.0163872
3 0.3764356 0.5317081 0.0277478 0.0163872
19 0.3764356 0.4727140 0.0277478 0.0163873
26 0.5189583 0.6496962 0.0277478 0.0163871
5 0.5189583 0.5907022 0.0277478 0.0163873
2 0.3764356 0.7086903 0.0277478 0.0163873
19 0.5895890 0.5317081 0.0277478 0.0163872
10 0.1658047 0.4727140 0.0277478 0.0163873
22 0.2364354 0.5317081 0.0277478 0.0163872
10 0.4483276 0.5907022 0.0277478 0.0163873
18 0.1658047 0.5317081 0.0277478 0.0163872
13 0.2364354 0.7676844 0.0277478 0.0163871
24 0.3070661 0.6496962 0.0277478 0.0163871
21 0.4483276 0.6496962 0.0277478 0.0163871
27 0.5895890 0.7086903 0.0277478 0.0163873
16 0.5895890 0.4727140 0.0277478 0.0163873
3 0.1658047 0.5907022 0.0277478 0.0163873
13 0.4483276 0.5317081 0.0277478 0.0163872
21 0.2364354 0.7086903 0.0277478 0.0163873
