12 0.1090685 0.5434671 0.0278461 0.0172010
31 0.4634734 0.3576963 0.0278461 0.0172010
32 0.3236101 0.4247802 0.5126214 0.4403456
12 0.5343544 0.2957727 0.0278461 0.0172010
6 0.1090685 0.4196199 0.0278461 0.0172010
18 0.4634734 0.4196199 0.0278461 0.0172010
3 0.1090685 0.4815435 0.0278461 0.0172010
27 0.3925925 0.4815435 0.0278461 0.0172010
31 0.4634734 0.5434671 0.0278461 0.0172010
21 0.1090685 0.6053908 0.0278461 0.0172010
2 0.2508305 0.6053908 0.0278461 0.0172010
33 0.4628406 0.6048174 0.0645523 0.0619236
13 0.4634734 0.6053908 0.0278461 0.0172010
13 0.3925925 0.2957727 0.0278461 0.0172010
4 0.3204457 0.4815435 0.0278461 0.0172010
8 0.3204457 0.3576963 0.0278461 0.0172010
18 0.1799495 0.4196199 0.0278461 0.0172010
18 0.3925925 0.4196199 0.0278461 0.0172010
21 0.4634734 0.2957727 0.0278461 0.0172010
8 0.2508305 0.4815435 0.0278461 0.0172010
17 0.3925925 0.5434671 0.0278461 0.0172010
22 0.5343544 0.5434671 0.0278461 0.0172010
13 0.5343544 0.6053908 0.0278461 0.0172010
4 0.3204457 0.6053908 0.0278461 0.0172010
11 0.1799495 0.3576963 0.0278461 0.0172010
26 0.2508305 0.5434671 0.0278461 0.0172010
11 0.5343544 0.4815435 0.0278461 0.0172010
16 0.1799495 0.5434671 0.0278461 0.0172010
2 0.1090685 0.2957727 0.0278461 0.0172010
11 0.1090685 0.3576963 0.0278461 0.0172010
12 0.1799495 0.2957727 0.0278461 0.0172010
6 0.5343544 0.3576963 0.0278461 0.0172010
11 0.1799495 0.4815435 0.0278461 0.0172010
20 0.2508305 0.3576963 0.0278461 0.0172010
17 0.3204457 0.4196199 0.0278461 0.0172010
20 0.3925925 0.6053908 0.0278461 0.0172010
14 0.4634734 0.4815435 0.0278461 0.0172010
14 0.5343544 0.4196199 0.0278461 0.0172010
8 0.3925925 0.3576963 0.0278461 0.0172010
20 0.3204457 0.5434671 0.0278461 0.0172010
27 0.1799495 0.6053908 0.0278461 0.0172010
7 0.2508305 0.2957727 0.0278461 0.0172010
2 0.2508305 0.4196199 0.0278461 0.0172010
13 0.3204457 0.2957727 0.0278461 0.0172010
