18 0.4194502 0.4026290 0.0263132 0.0164876
30 0.2197092 0.4026290 0.0263132 0.0164876
32 0.4224403 0.4075753 0.4844016 0.4220823
22 0.5546042 0.2839183 0.0263132 0.0164876
26 0.2866882 0.3432737 0.0263132 0.0164876
31 0.4194502 0.3432737 0.0263132 0.0164876
27 0.5546042 0.4619843 0.0263132 0.0164876
14 0.6215832 0.4619843 0.0263132 0.0164876
34 0.2860902 0.5207900 0.0609987 0.0593553
16 0.2866882 0.5213396 0.0263132 0.0164876
8 0.6215832 0.5213396 0.0263132 0.0164876
11 0.3536672 0.5806949 0.0263132 0.0164876
1 0.4876252 0.5213396 0.0263132 0.0164876
18 0.5546042 0.3432737 0.0263132 0.0164876
24 0.4876252 0.2839183 0.0263132 0.0164876
25 0.2197092 0.5806949 0.0263132 0.0164876
25 0.2197092 0.2839183 0.0263132 0.0164876
2 0.2197092 0.5213396 0.0263132 0.0164876
28 0.3536672 0.2839183 0.0263132 0.0164876
20 0.3536672 0.5213396 0.0263132 0.0164876
19 0.6215832 0.2839183 0.0263132 0.0164876
28 0.2866882 0.4619843 0.0263132 0.0164876
5 0.5546042 0.5213396 0.0263132 0.0164876
20 0.2866882 0.5806949 0.0263132 0.0164876
7 0.4194502 0.2839183 0.0263132 0.0164876
24 0.4194502 0.4619843 0.0263132 0.0164876
9 0.4876252 0.4619843 0.0263132 0.0164876
12 0.4194502 0.5806949 0.0263132 0.0164876
14 0.2866882 0.2839183 0.0263132 0.0164876
4 0.4194502 0.5213396 0.0263132 0.0164876
3 0.3536672 0.4026290 0.0263132 0.0164876
20 0.6215832 0.4026290 0.0263132 0.0164876
21 0.5546042 0.4026290 0.0263132 0.0164876
27 0.3536672 0.3432737 0.0263132 0.0164876
12 0.2866882 0.4026290 0.0263132 0.0164876
12 0.2197092 0.3432737 0.0263132 0.0164876
3 0.2197092 0.4619843 0.0263132 0.0164876
8 0.4876252 0.4026290 0.0263132 0.0164876
9 0.5546042 0.5806949 0.0263132 0.0164876
14 0.3536672 0.4619843 0.0263132 0.0164876
12 0.6215832 0.5806949 0.0263132 0.0164876
24 0.6215832 0.3432737 0.0263132 0.0164876
18 0.4876252 0.3432737 0.0263132 0.0164876
8 0.4876252 0.5806949 0.0263132 0.0164876
