24 0.7256082 0.6831733 0.0287674 0.0169005
12 0.5791559 0.6831733 0.0287674 0.0169005
32 0.5078912 0.6274018 0.5295819 0.4326519
14 0.5791559 0.5614899 0.0287674 0.0169005
34 0.6517282 0.5609266 0.0666882 0.0608416
26 0.6523820 0.5614899 0.0287674 0.0169005
25 0.5791559 0.6223317 0.0287674 0.0169005
2 0.2862513 0.7440150 0.0287674 0.0169005
26 0.5791559 0.7440150 0.0287674 0.0169005
10 0.6523820 0.7440150 0.0287674 0.0169005
20 0.3594775 0.8048566 0.0287674 0.0169005
27 0.4327036 0.8048566 0.0287674 0.0169005
24 0.6523820 0.6831733 0.0287674 0.0169005
17 0.2862513 0.6831733 0.0287674 0.0169005
7 0.6523820 0.8048566 0.0287674 0.0169005
8 0.5046221 0.8048566 0.0287674 0.0169005
21 0.5046221 0.6223317 0.0287674 0.0169005
10 0.4327036 0.5614899 0.0287674 0.0169005
8 0.2862513 0.8048566 0.0287674 0.0169005
4 0.7256082 0.5614899 0.0287674 0.0169005
27 0.7256082 0.6223317 0.0287674 0.0169005
27 0.5791559 0.8048566 0.0287674 0.0169005
15 0.3594775 0.5614899 0.0287674 0.0169005
29 0.6523820 0.5006483 0.0287674 0.0169005
22 0.5046221 0.6831733 0.0287674 0.0169005
12 0.7256082 0.7440150 0.0287674 0.0169005
2 0.3594775 0.5006483 0.0287674 0.0169005
3 0.7256082 0.8048566 0.0287674 0.0169005
31 0.5046221 0.5006483 0.0287674 0.0169005
2 0.5791559 0.5006483 0.0287674 0.0169005
1 0.2862513 0.5006483 0.0287674 0.0169005
12 0.4327036 0.7440150 0.0287674 0.0169005
19 0.5046221 0.7440150 0.0287674 0.0169005
20 0.4327036 0.5006483 0.0287674 0.0169005
2 0.6523820 0.6223317 0.0287674 0.0169005
24 0.5046221 0.5614899 0.0287674 0.0169005
10 0.4327036 0.6831733 0.0287674 0.0169005
14 0.2862513 0.5614899 0.0287674 0.0169005
29 0.3594775 0.6223317 0.0287674 0.0169005
26 0.3594775 0.7440150 0.0287674 0.0169005
6 0.2862513 0.6223317 0.0287674 0.0169005
15 0.3594775 0.6831733 0.0287674 0.0169005
9 0.4327036 0.6223317 0.0287674 0.0169005
3 0.7256082 0.5006483 0.0287674 0.0169005
