16 0.3558728 0.5905561 0.0270793 0.0165331
25 0.3558728 0.4119986 0.0270793 0.0165331
32 0.3589500 0.4764777 0.4985062 0.4232475
14 0.2192452 0.4119986 0.0270794 0.0165331
33 0.4254175 0.4114474 0.0652366 0.0595192
27 0.4260329 0.4119986 0.0270793 0.0165331
1 0.4949622 0.4119986 0.0270794 0.0165331
7 0.5638914 0.4119986 0.0270794 0.0165331
13 0.2192452 0.5905561 0.0270794 0.0165331
16 0.2881744 0.5905561 0.0270794 0.0165331
15 0.1503159 0.6500753 0.0270794 0.0165331
3 0.3558728 0.6500753 0.0270793 0.0165331
31 0.5638914 0.6500753 0.0270794 0.0165331
4 0.3558728 0.4715177 0.0270793 0.0165331
15 0.5638914 0.3524793 0.0270794 0.0165331
5 0.4260329 0.3524793 0.0270793 0.0165331
19 0.3558728 0.5310369 0.0270793 0.0165331
9 0.2192452 0.5310369 0.0270794 0.0165331
7 0.4260329 0.5310369 0.0270793 0.0165331
15 0.4260329 0.6500753 0.0270793 0.0165331
4 0.1503159 0.4119986 0.0270794 0.0165331
6 0.2192452 0.6500753 0.0270794 0.0165331
4 0.1503159 0.5905561 0.0270794 0.0165331
7 0.4949622 0.5310369 0.0270794 0.0165331
29 0.5638914 0.5310369 0.0270794 0.0165331
3 0.5638914 0.4715177 0.0270794 0.0165331
1 0.2881744 0.6500753 0.0270794 0.0165331
30 0.1503159 0.4715177 0.0270794 0.0165331
12 0.4260329 0.4715177 0.0270793 0.0165331
14 0.1503159 0.5310369 0.0270794 0.0165331
14 0.2881744 0.5310369 0.0270794 0.0165331
1 0.4260329 0.5905561 0.0270793 0.0165331
14 0.4949622 0.3524793 0.0270794 0.0165331
5 0.3558728 0.3524793 0.0270793 0.0165331
19 0.4949622 0.5905561 0.0270794 0.0165331
16 0.1503159 0.3524793 0.0270794 0.0165331
9 0.5638914 0.5905561 0.0270794 0.0165331
10 0.2192452 0.4715177 0.0270794 0.0165331
13 0.4949622 0.6500753 0.0270794 0.0165331
22 0.2881744 0.4715177 0.0270794 0.0165331
8 0.2881744 0.4119986 0.0270794 0.0165331
14 0.2192452 0.3524793 0.0270794 0.0165331
13 0.4949622 0.4715177 0.0270794 0.0165331
18 0.2881744 0.3524793 0.0270794 0.0165331
