17 0.4251583 0.5375117 0.0264367 0.0173383
14 0.8289187 0.2878402 0.0264366 0.0173383
32 0.6288410 0.4178775 0.4866753 0.4438606
29 0.4924517 0.2878402 0.0264367 0.0173383
6 0.6258368 0.2878402 0.0264367 0.0173383
9 0.7616253 0.3502581 0.0264366 0.0173383
21 0.6943319 0.4750939 0.0264366 0.0173383
33 0.7610245 0.4745159 0.0612851 0.0624179
6 0.7616253 0.4750939 0.0264366 0.0173383
20 0.5597451 0.5375117 0.0264367 0.0173383
22 0.6258368 0.5375117 0.0264367 0.0173383
27 0.4251583 0.5999296 0.0264367 0.0173383
7 0.5597451 0.3502581 0.0264367 0.0173383
19 0.8289187 0.5999296 0.0264366 0.0173383
11 0.6258368 0.3502581 0.0264367 0.0173383
26 0.6258368 0.4750939 0.0264367 0.0173383
24 0.4924517 0.4126760 0.0264367 0.0173383
17 0.5597451 0.4750939 0.0264367 0.0173383
13 0.7616253 0.2878402 0.0264366 0.0173383
31 0.8289187 0.4750939 0.0264366 0.0173383
6 0.5597451 0.4126760 0.0264367 0.0173383
24 0.6943319 0.3502581 0.0264366 0.0173383
26 0.8289187 0.4126760 0.0264366 0.0173383
27 0.4924517 0.4750939 0.0264367 0.0173383
12 0.4924517 0.5375117 0.0264367 0.0173383
19 0.7616253 0.5999296 0.0264366 0.0173383
25 0.6943319 0.4126760 0.0264366 0.0173383
1 0.6943319 0.5375117 0.0264366 0.0173383
27 0.4924517 0.3502581 0.0264367 0.0173383
3 0.5597451 0.5999296 0.0264367 0.0173383
9 0.4251583 0.3502581 0.0264367 0.0173383
9 0.7616253 0.5375117 0.0264366 0.0173383
2 0.4251583 0.4750939 0.0264367 0.0173383
6 0.5597451 0.2878402 0.0264367 0.0173383
15 0.6258368 0.5999296 0.0264367 0.0173383
8 0.8289187 0.5375117 0.0264366 0.0173383
24 0.6943319 0.2878402 0.0264366 0.0173383
13 0.6943319 0.5999296 0.0264366 0.0173383
14 0.6258368 0.4126760 0.0264367 0.0173383
17 0.4251583 0.4126760 0.0264367 0.0173383
2 0.8289187 0.3502581 0.0264366 0.0173383
11 0.7616253 0.4126760 0.0264366 0.0173383
1 0.4251583 0.2878402 0.0264367 0.0173383
12 0.4924517 0.5999296 0.0264367 0.0173383
