30 0.3487009 0.6702385 0.0261486 0.0172074
8 0.4806324 0.4843985 0.0261486 0.0172074
32 0.4836039 0.5515074 0.4813717 0.4405097
11 0.5483810 0.4843985 0.0261486 0.0172074
27 0.3487009 0.5463451 0.0261486 0.0172074
15 0.5483810 0.5463451 0.0261486 0.0172074
30 0.4806324 0.6082918 0.0261486 0.0172074
34 0.5477867 0.6077182 0.0629943 0.0619467
20 0.5483810 0.6082918 0.0261486 0.0172074
3 0.2821409 0.6702385 0.0261486 0.0172074
5 0.5483810 0.7321852 0.0261486 0.0172074
8 0.6815011 0.7321852 0.0261485 0.0172074
19 0.6815011 0.6082918 0.0261485 0.0172074
26 0.6815011 0.6702385 0.0261485 0.0172074
12 0.6149410 0.5463451 0.0261486 0.0172074
19 0.6149410 0.7321852 0.0261486 0.0172074
12 0.4152610 0.4843985 0.0261486 0.0172074
3 0.4806324 0.6702385 0.0261486 0.0172074
22 0.3487009 0.7321852 0.0261486 0.0172074
3 0.5483810 0.6702385 0.0261486 0.0172074
13 0.4806324 0.4224518 0.0261486 0.0172074
27 0.6815011 0.4224518 0.0261485 0.0172074
25 0.4152610 0.5463451 0.0261486 0.0172074
30 0.3487009 0.4843985 0.0261486 0.0172074
5 0.6149410 0.6702385 0.0261486 0.0172074
12 0.6149410 0.6082918 0.0261486 0.0172074
3 0.6815011 0.4843985 0.0261485 0.0172074
9 0.2821409 0.6082918 0.0261486 0.0172074
18 0.4152610 0.6082918 0.0261486 0.0172074
27 0.6815011 0.5463451 0.0261485 0.0172074
28 0.4152610 0.6702385 0.0261486 0.0172074
1 0.2821409 0.4224518 0.0261486 0.0172074
10 0.3487009 0.6082918 0.0261486 0.0172074
17 0.4806324 0.5463451 0.0261486 0.0172074
28 0.6149410 0.4224518 0.0261486 0.0172074
5 0.5483810 0.4224518 0.0261486 0.0172074
30 0.2821409 0.7321852 0.0261486 0.0172074
21 0.4152610 0.7321852 0.0261486 0.0172074
18 0.2821409 0.4843985 0.0261486 0.0172074
26 0.4806324 0.7321852 0.0261486 0.0172074
30 0.6149410 0.4843985 0.0261486 0.0172074
19 0.4152610 0.4224518 0.0261486 0.0172074
12 0.3487009 0.4224518 0.0261486 0.0172074
1 0.2821409 0.5463451 0.0261486 0.0172074
