22 0.2134082 0.6153689 0.0276583 0.0164086
22 0.4950196 0.4972268 0.0276583 0.0164086
32 0.4265025 0.5612204 0.5091635 0.4200606
16 0.2838110 0.4381558 0.0276583 0.0164086
26 0.5654224 0.4381558 0.0276583 0.0164086
15 0.6358253 0.4381558 0.0276582 0.0164086
29 0.2134082 0.4972268 0.0276583 0.0164086
9 0.3542139 0.4972268 0.0276583 0.0164086
34 0.6358253 0.4966799 0.0653741 0.0590710
22 0.6358253 0.4972268 0.0276582 0.0164086
6 0.4950196 0.5562978 0.0276583 0.0164086
4 0.5654224 0.6744399 0.0276583 0.0164086
29 0.2838110 0.6744399 0.0276583 0.0164086
30 0.2838110 0.5562978 0.0276583 0.0164086
17 0.4950196 0.4381558 0.0276583 0.0164086
5 0.5654224 0.4972268 0.0276583 0.0164086
27 0.3542139 0.6153689 0.0276583 0.0164086
18 0.4950196 0.6153689 0.0276583 0.0164086
10 0.4233595 0.4972268 0.0276583 0.0164086
20 0.2134082 0.6744399 0.0276583 0.0164086
18 0.3542139 0.6744399 0.0276583 0.0164086
18 0.4233595 0.4381558 0.0276583 0.0164086
8 0.6358253 0.6153689 0.0276582 0.0164086
10 0.2838110 0.7335109 0.0276583 0.0164086
13 0.5654224 0.5562978 0.0276583 0.0164086
3 0.4233595 0.6153689 0.0276583 0.0164086
24 0.5654224 0.7335109 0.0276583 0.0164086
2 0.6358253 0.5562978 0.0276582 0.0164086
8 0.2838110 0.4972268 0.0276583 0.0164086
10 0.2134082 0.7335109 0.0276583 0.0164086
1 0.4950196 0.7335109 0.0276583 0.0164086
30 0.6358253 0.6744399 0.0276582 0.0164086
26 0.2134082 0.5562978 0.0276583 0.0164086
20 0.4233595 0.7335109 0.0276583 0.0164086
7 0.2134082 0.4381558 0.0276583 0.0164086
9 0.4233595 0.5562978 0.0276583 0.0164086
11 0.6358253 0.7335109 0.0276582 0.0164086
9 0.3542139 0.7335109 0.0276583 0.0164086
10 0.5654224 0.6153689 0.0276583 0.0164086
24 0.2838110 0.6153689 0.0276583 0.0164086
3 0.4950196 0.6744399 0.0276583 0.0164086
4 0.4233595 0.6744399 0.0276583 0.0164086
21 0.3542139 0.5562978 0.0276583 0.0164086
14 0.3542139 0.4381558 0.0276583 0.0164086
