6 0.2725908 0.4956559 0.0276103 0.0168682
4 0.3428716 0.3742050 0.0276103 0.0168682
32 0.4150350 0.4399909 0.5082812 0.4318253
1 0.2023099 0.3134795 0.0276103 0.0168682
16 0.4834333 0.3134795 0.0276104 0.0168682
22 0.2725908 0.3742050 0.0276103 0.0168682
17 0.5537142 0.4349304 0.0276103 0.0168682
30 0.6239951 0.4349304 0.0276104 0.0168682
34 0.3428716 0.4950936 0.0652608 0.0607254
22 0.3428716 0.4956559 0.0276103 0.0168682
5 0.4118974 0.4956559 0.0276103 0.0168682
11 0.4834333 0.4956559 0.0276104 0.0168682
6 0.2023099 0.6171067 0.0276103 0.0168682
27 0.4834333 0.4349304 0.0276104 0.0168682
11 0.2023099 0.4956559 0.0276103 0.0168682
22 0.4118974 0.3742050 0.0276103 0.0168682
17 0.4118974 0.5563813 0.0276103 0.0168682
21 0.4118974 0.3134795 0.0276103 0.0168682
4 0.4834333 0.5563813 0.0276104 0.0168682
15 0.3428716 0.3134795 0.0276103 0.0168682
26 0.4834333 0.6171067 0.0276104 0.0168682
1 0.5537142 0.4956559 0.0276103 0.0168682
16 0.5537142 0.6171067 0.0276103 0.0168682
10 0.6239951 0.3134795 0.0276104 0.0168682
5 0.4118974 0.4349304 0.0276103 0.0168682
7 0.2725908 0.3134795 0.0276103 0.0168682
2 0.2023099 0.4349304 0.0276103 0.0168682
6 0.6239951 0.4956559 0.0276104 0.0168682
27 0.3428716 0.4349304 0.0276103 0.0168682
18 0.4834333 0.3742050 0.0276104 0.0168682
26 0.2725908 0.6171067 0.0276103 0.0168682
9 0.2725908 0.5563813 0.0276103 0.0168682
24 0.4118974 0.6171067 0.0276103 0.0168682
9 0.5537142 0.5563813 0.0276103 0.0168682
6 0.5537142 0.3134795 0.0276103 0.0168682
2 0.2023099 0.3742050 0.0276103 0.0168682
7 0.6239951 0.5563813 0.0276104 0.0168682
1 0.3428716 0.5563813 0.0276103 0.0168682
9 0.2023099 0.5563813 0.0276103 0.0168682
11 0.6239951 0.6171067 0.0276104 0.0168682
25 0.6239951 0.3742050 0.0276104 0.0168682
27 0.2725908 0.4349304 0.0276103 0.0168682
25 0.3428716 0.6171067 0.0276103 0.0168682
2 0.5537142 0.3742050 0.0276103 0.0168682
