28 0.5694191 0.5652980 0.0267393 0.0165068
11 0.5694191 0.5058735 0.0267393 0.0165068
32 0.6393059 0.4514011 0.4922459 0.4225742
8 0.6362673 0.3276001 0.0267393 0.0165068
3 0.5694191 0.3870246 0.0267393 0.0165068
7 0.5694191 0.4464490 0.0267393 0.0165068
25 0.6362673 0.4464490 0.0267393 0.0165068
9 0.7055464 0.5058735 0.0267393 0.0165068
34 0.5007478 0.5647478 0.0619865 0.0594245
30 0.5013555 0.5652980 0.0267393 0.0165068
22 0.7736100 0.5652980 0.0267393 0.0165068
12 0.7736100 0.6247225 0.0267393 0.0165068
22 0.6362673 0.5652980 0.0267393 0.0165068
4 0.7736100 0.3276001 0.0267393 0.0165068
21 0.5013555 0.4464490 0.0267393 0.0165068
26 0.4332919 0.6247225 0.0267393 0.0165068
2 0.8416737 0.5652980 0.0267393 0.0165068
24 0.4332919 0.3276001 0.0267393 0.0165068
11 0.6362673 0.3870246 0.0267393 0.0165068
11 0.5013555 0.3870246 0.0267393 0.0165068
11 0.7055464 0.6247225 0.0267393 0.0165068
13 0.7736100 0.5058735 0.0267393 0.0165068
19 0.5013555 0.3276001 0.0267393 0.0165068
7 0.6362673 0.5058735 0.0267393 0.0165068
29 0.5694191 0.6247225 0.0267393 0.0165068
25 0.4332919 0.3870246 0.0267393 0.0165068
17 0.4332919 0.5652980 0.0267393 0.0165068
30 0.5013555 0.5058735 0.0267393 0.0165068
10 0.8416737 0.3870246 0.0267393 0.0165068
28 0.5013555 0.6247225 0.0267393 0.0165068
26 0.4332919 0.5058735 0.0267393 0.0165068
10 0.7736100 0.3870246 0.0267393 0.0165068
21 0.8416737 0.4464490 0.0267393 0.0165068
10 0.6362673 0.6247225 0.0267393 0.0165068
12 0.8416737 0.3276001 0.0267393 0.0165068
6 0.8416737 0.6247225 0.0267393 0.0165068
2 0.5694191 0.3276001 0.0267393 0.0165068
30 0.7055464 0.3276001 0.0267393 0.0165068
24 0.7055464 0.4464490 0.0267393 0.0165068
21 0.7736100 0.4464490 0.0267393 0.0165068
1 0.7055464 0.3870246 0.0267393 0.0165068
12 0.8416737 0.5058735 0.0267393 0.0165068
19 0.7055464 0.5652980 0.0267393 0.0165068
30 0.4332919 0.4464490 0.0267393 0.0165068
