18 0.4655328 0.7770953 0.0271075 0.0159650
20 0.3262988 0.4897261 0.0271075 0.0159650
32 0.3293792 0.6094632 0.4990245 0.4087029
8 0.2585300 0.4897261 0.0271075 0.0159650
5 0.5345337 0.4897261 0.0271075 0.0159650
19 0.1205282 0.7196214 0.0271075 0.0159649
34 0.1889130 0.7190893 0.0628401 0.0574738
10 0.1895291 0.7196214 0.0271075 0.0159649
9 0.2585300 0.7196214 0.0271075 0.0159649
7 0.3262988 0.7196214 0.0271075 0.0159649
15 0.4655328 0.7196214 0.0271075 0.0159649
22 0.2585300 0.7770953 0.0271075 0.0159650
20 0.3965319 0.5471999 0.0271075 0.0159649
18 0.3262988 0.6046738 0.0271075 0.0159649
21 0.5345337 0.7196214 0.0271075 0.0159649
1 0.5345337 0.7770953 0.0271075 0.0159650
14 0.1205282 0.4897261 0.0271075 0.0159650
26 0.3262988 0.7770953 0.0271075 0.0159650
9 0.1895291 0.6621476 0.0271075 0.0159649
3 0.2585300 0.5471999 0.0271075 0.0159649
10 0.3262988 0.5471999 0.0271075 0.0159649
13 0.1895291 0.7770953 0.0271075 0.0159650
2 0.3965319 0.7770953 0.0271075 0.0159650
21 0.5345337 0.6046738 0.0271075 0.0159649
20 0.1895291 0.4897261 0.0271075 0.0159650
18 0.3965319 0.7196214 0.0271075 0.0159649
19 0.5345337 0.5471999 0.0271075 0.0159649
27 0.3965319 0.4897261 0.0271075 0.0159650
14 0.3965319 0.6046738 0.0271075 0.0159649
2 0.1895291 0.6046738 0.0271075 0.0159649
2 0.3965319 0.6621476 0.0271075 0.0159649
12 0.1205282 0.7770953 0.0271075 0.0159650
4 0.5345337 0.6621476 0.0271075 0.0159649
22 0.2585300 0.6046738 0.0271075 0.0159649
31 0.1205282 0.6046738 0.0271075 0.0159649
26 0.3262988 0.6621476 0.0271075 0.0159649
6 0.4655328 0.4897261 0.0271075 0.0159650
21 0.1205282 0.5471999 0.0271075 0.0159649
20 0.4655328 0.5471999 0.0271075 0.0159649
22 0.4655328 0.6046738 0.0271075 0.0159649
8 0.4655328 0.6621476 0.0271075 0.0159649
29 0.1205282 0.6621476 0.0271075 0.0159649
11 0.2585300 0.6621476 0.0271075 0.0159649
14 0.1895291 0.5471999 0.0271075 0.0159649
