22 0.6874203 0.4603551 0.0279076 0.0168543
29 0.3322334 0.7030570 0.0279075 0.0168542
32 0.4762110 0.5260869 0.5137527 0.4314702
19 0.2611960 0.3996796 0.0279076 0.0168543
7 0.5453456 0.3996796 0.0279075 0.0168543
17 0.6163830 0.3996796 0.0279076 0.0168543
34 0.4032708 0.4597933 0.0659633 0.0606755
7 0.4032708 0.4603551 0.0279076 0.0168543
16 0.5453456 0.5210306 0.0279075 0.0168543
25 0.2611960 0.5817060 0.0279076 0.0168543
6 0.6163830 0.6423816 0.0279076 0.0168543
22 0.2611960 0.7030570 0.0279076 0.0168542
7 0.4730396 0.4603551 0.0279075 0.0168543
12 0.4032708 0.5817060 0.0279076 0.0168543
5 0.6163830 0.4603551 0.0279076 0.0168543
10 0.4730396 0.3996796 0.0279075 0.0168543
16 0.4730396 0.5210306 0.0279075 0.0168543
22 0.6874203 0.7030570 0.0279076 0.0168542
8 0.4032708 0.7030570 0.0279076 0.0168542
26 0.5453456 0.5817060 0.0279075 0.0168543
27 0.3322334 0.5817060 0.0279075 0.0168543
16 0.4730396 0.6423816 0.0279075 0.0168543
29 0.2611960 0.4603551 0.0279076 0.0168543
12 0.6874203 0.6423816 0.0279076 0.0168543
16 0.4032708 0.5210306 0.0279076 0.0168543
27 0.3322334 0.6423816 0.0279075 0.0168543
7 0.5453456 0.6423816 0.0279075 0.0168543
10 0.6874203 0.3996796 0.0279076 0.0168543
14 0.5453456 0.7030570 0.0279075 0.0168542
25 0.5453456 0.4603551 0.0279075 0.0168543
20 0.6874203 0.5210306 0.0279076 0.0168543
14 0.3322334 0.3996796 0.0279075 0.0168543
22 0.6163830 0.5817060 0.0279076 0.0168543
26 0.4730396 0.5817060 0.0279075 0.0168543
15 0.6163830 0.7030570 0.0279076 0.0168542
7 0.2611960 0.6423816 0.0279076 0.0168543
2 0.4730396 0.7030570 0.0279075 0.0168542
7 0.6874203 0.5817060 0.0279076 0.0168543
17 0.2611960 0.5210306 0.0279076 0.0168543
8 0.3322334 0.5210306 0.0279075 0.0168543
14 0.3322334 0.4603551 0.0279075 0.0168543
4 0.4032708 0.3996796 0.0279076 0.0168543
4 0.6163830 0.5210306 0.0279076 0.0168543
12 0.4032708 0.6423816 0.0279076 0.0168543
