12 0.4963897 0.5981588 0.0281386 0.0158398
26 0.2802343 0.5981588 0.0281386 0.0158398
32 0.2834318 0.4888639 0.5180056 0.4054998
3 0.1382623 0.3700651 0.0281386 0.0158398
8 0.4247643 0.3700651 0.0281386 0.0158398
2 0.3531388 0.4270885 0.0281386 0.0158398
27 0.4247643 0.4270885 0.0281386 0.0158398
31 0.0666369 0.4841119 0.0281386 0.0158398
22 0.2098878 0.5411353 0.0281386 0.0158398
33 0.1376228 0.6546541 0.0652303 0.0570234
22 0.1382623 0.6551822 0.0281386 0.0158398
20 0.3531388 0.6551822 0.0281386 0.0158398
20 0.3531388 0.5981588 0.0281386 0.0158398
14 0.2802343 0.3700651 0.0281386 0.0158398
19 0.4247643 0.4841119 0.0281386 0.0158398
16 0.0666369 0.4270885 0.0281386 0.0158398
14 0.4247643 0.5411353 0.0281386 0.0158398
2 0.2802343 0.6551822 0.0281386 0.0158398
10 0.2098878 0.5981588 0.0281386 0.0158398
26 0.4247643 0.5981588 0.0281386 0.0158398
25 0.2802343 0.4841119 0.0281386 0.0158398
29 0.4963897 0.4270885 0.0281386 0.0158398
1 0.2098878 0.4841119 0.0281386 0.0158398
24 0.1382623 0.5411353 0.0281386 0.0158398
8 0.0666369 0.5411353 0.0281386 0.0158398
2 0.4963897 0.3700651 0.0281386 0.0158398
16 0.3531388 0.4841119 0.0281386 0.0158398
26 0.4963897 0.5411353 0.0281386 0.0158398
17 0.4247643 0.6551822 0.0281386 0.0158398
6 0.1382623 0.4841119 0.0281386 0.0158398
29 0.0666369 0.5981588 0.0281386 0.0158398
28 0.3531388 0.5411353 0.0281386 0.0158398
27 0.1382623 0.4270885 0.0281386 0.0158398
22 0.4963897 0.6551822 0.0281386 0.0158398
29 0.2802343 0.4270885 0.0281386 0.0158398
26 0.2098878 0.4270885 0.0281386 0.0158398
7 0.2802343 0.5411353 0.0281386 0.0158398
25 0.2098878 0.3700651 0.0281386 0.0158398
21 0.0666369 0.6551822 0.0281386 0.0158398
3 0.3531388 0.3700651 0.0281386 0.0158398
5 0.2098878 0.6551822 0.0281386 0.0158398
2 0.0666369 0.3700651 0.0281386 0.0158398
12 0.4963897 0.4841119 0.0281386 0.0158398
20 0.1382623 0.5981588 0.0281386 0.0158398
