8 0.2667080 0.5063907 0.0283803 0.0165226
19 0.3389487 0.5658718 0.0283803 0.0165226
32 0.4853651 0.3923852 0.5224553 0.4229769
29 0.6279116 0.2684662 0.0283803 0.0165226
12 0.3389487 0.3279473 0.0283803 0.0165225
21 0.4111894 0.3874285 0.0283803 0.0165225
20 0.4111894 0.4469096 0.0283803 0.0165226
8 0.4821401 0.4469096 0.0283803 0.0165226
7 0.3389487 0.5063907 0.0283803 0.0165226
34 0.4821401 0.5058399 0.0670807 0.0594811
4 0.4821401 0.5063907 0.0283803 0.0165226
10 0.7001524 0.5658718 0.0283803 0.0165226
15 0.7001524 0.3279473 0.0283803 0.0165225
20 0.4821401 0.3279473 0.0283803 0.0165225
19 0.6279116 0.4469096 0.0283803 0.0165226
22 0.5556709 0.5658718 0.0283803 0.0165226
20 0.3389487 0.3874285 0.0283803 0.0165225
9 0.4821401 0.3874285 0.0283803 0.0165225
22 0.4821401 0.5658718 0.0283803 0.0165226
28 0.6279116 0.5658718 0.0283803 0.0165226
29 0.3389487 0.4469096 0.0283803 0.0165226
4 0.2667080 0.5658718 0.0283803 0.0165226
26 0.2667080 0.2684662 0.0283803 0.0165226
1 0.7001524 0.3874285 0.0283803 0.0165225
13 0.5556709 0.4469096 0.0283803 0.0165226
4 0.3389487 0.2684662 0.0283803 0.0165226
29 0.4111894 0.3279473 0.0283803 0.0165225
19 0.7001524 0.5063907 0.0283803 0.0165226
13 0.7001524 0.4469096 0.0283803 0.0165226
12 0.5556709 0.3279473 0.0283803 0.0165225
25 0.4111894 0.2684662 0.0283803 0.0165226
24 0.5556709 0.3874285 0.0283803 0.0165225
20 0.7001524 0.2684662 0.0283803 0.0165226
1 0.2667080 0.3279473 0.0283803 0.0165225
24 0.5556709 0.5063907 0.0283803 0.0165226
15 0.6279116 0.5063907 0.0283803 0.0165226
3 0.4111894 0.5063907 0.0283803 0.0165226
10 0.4821401 0.2684662 0.0283803 0.0165226
10 0.6279116 0.3874285 0.0283803 0.0165225
25 0.4111894 0.5658718 0.0283803 0.0165226
10 0.6279116 0.3279473 0.0283803 0.0165225
3 0.2667080 0.3874285 0.0283803 0.0165225
12 0.5556709 0.2684662 0.0283803 0.0165226
19 0.2667080 0.4469096 0.0283803 0.0165226
