4 0.4216293 0.5457551 0.0280206 0.0173820
28 0.2076538 0.6083303 0.0280206 0.0173820
32 0.3522147 0.4883946 0.5158339 0.4449788
15 0.4216293 0.3580297 0.0280206 0.0173820
22 0.5642797 0.3580297 0.0280206 0.0173820
3 0.3490305 0.4206049 0.0280206 0.0173820
33 0.4923177 0.4200254 0.0649569 0.0625751
19 0.4929545 0.4206049 0.0280206 0.0173820
1 0.1363286 0.4831800 0.0280206 0.0173820
16 0.4216293 0.4831800 0.0280206 0.0173820
25 0.5642797 0.4831800 0.0280206 0.0173820
7 0.4929545 0.6083303 0.0280206 0.0173820
8 0.1363286 0.5457551 0.0280206 0.0173820
31 0.2789790 0.6709054 0.0280206 0.0173820
9 0.4216293 0.4206049 0.0280206 0.0173820
19 0.5642797 0.5457551 0.0280206 0.0173820
14 0.2789790 0.3580297 0.0280206 0.0173820
5 0.1363286 0.4206049 0.0280206 0.0173820
30 0.2076538 0.6709054 0.0280206 0.0173820
17 0.2076538 0.3580297 0.0280206 0.0173820
22 0.1363286 0.6083303 0.0280206 0.0173820
4 0.1363286 0.6709054 0.0280206 0.0173820
13 0.2076538 0.4831800 0.0280206 0.0173820
4 0.4929545 0.3580297 0.0280206 0.0173820
25 0.4929545 0.4831800 0.0280206 0.0173820
3 0.2789790 0.6083303 0.0280206 0.0173820
17 0.4929545 0.6709054 0.0280206 0.0173820
24 0.3490305 0.6709054 0.0280206 0.0173820
21 0.5642797 0.6709054 0.0280206 0.0173820
15 0.1363286 0.3580297 0.0280206 0.0173820
8 0.2789790 0.4831800 0.0280206 0.0173820
16 0.3490305 0.5457551 0.0280206 0.0173820
17 0.2789790 0.5457551 0.0280206 0.0173820
19 0.4216293 0.6083303 0.0280206 0.0173820
12 0.3490305 0.4831800 0.0280206 0.0173820
14 0.4929545 0.5457551 0.0280206 0.0173820
25 0.2076538 0.4206049 0.0280206 0.0173820
30 0.4216293 0.6709054 0.0280206 0.0173820
19 0.5642797 0.4206049 0.0280206 0.0173820
20 0.2076538 0.5457551 0.0280206 0.0173820
9 0.3490305 0.3580297 0.0280206 0.0173820
15 0.5642797 0.6083303 0.0280206 0.0173820
11 0.3490305 0.6083303 0.0280206 0.0173820
18 0.2789790 0.4206049 0.0280206 0.0173820
