5 0.1186036 0.5951463 0.0286376 0.0172607
29 0.4101869 0.3465924 0.0286377 0.0172607
32 0.3392436 0.4139091 0.5271930 0.4418735
27 0.2643953 0.2844540 0.0286376 0.0172607
22 0.5559785 0.3465924 0.0286377 0.0172607
24 0.1914994 0.4087309 0.0286377 0.0172607
13 0.4101869 0.4087309 0.0286377 0.0172607
17 0.5559785 0.4087309 0.0286377 0.0172607
23 0.1186036 0.5330078 0.0286376 0.0172607
34 0.4824319 0.5324325 0.0663873 0.0621385
23 0.4830827 0.5330078 0.0286376 0.0172607
11 0.3359894 0.5951463 0.0286377 0.0172607
1 0.3359894 0.3465924 0.0286377 0.0172607
20 0.2643953 0.4087309 0.0286376 0.0172607
9 0.1914994 0.4708694 0.0286377 0.0172607
15 0.1186036 0.3465924 0.0286376 0.0172607
9 0.2643953 0.5330078 0.0286376 0.0172607
21 0.2643953 0.4708694 0.0286376 0.0172607
19 0.1914994 0.3465924 0.0286377 0.0172607
5 0.2643953 0.5951463 0.0286376 0.0172607
4 0.4101869 0.2844540 0.0286377 0.0172607
21 0.5559785 0.2844540 0.0286377 0.0172607
6 0.5559785 0.4708694 0.0286377 0.0172607
4 0.1914994 0.5951463 0.0286377 0.0172607
25 0.4830827 0.4708694 0.0286376 0.0172607
6 0.3359894 0.5330078 0.0286377 0.0172607
31 0.4830827 0.5951463 0.0286376 0.0172607
28 0.2643953 0.3465924 0.0286376 0.0172607
19 0.4830827 0.4087309 0.0286376 0.0172607
24 0.1186036 0.2844540 0.0286376 0.0172607
7 0.3359894 0.2844540 0.0286377 0.0172607
25 0.4101869 0.5951463 0.0286377 0.0172607
25 0.1186036 0.4087309 0.0286376 0.0172607
24 0.5559785 0.5951463 0.0286377 0.0172607
26 0.4830827 0.3465924 0.0286376 0.0172607
27 0.1914994 0.2844540 0.0286377 0.0172607
8 0.4101869 0.5330078 0.0286377 0.0172607
29 0.1186036 0.4708694 0.0286376 0.0172607
5 0.3359894 0.4087309 0.0286377 0.0172607
8 0.4101869 0.4708694 0.0286377 0.0172607
7 0.3359894 0.4708694 0.0286377 0.0172607
21 0.5559785 0.5330078 0.0286377 0.0172607
28 0.4830827 0.2844540 0.0286376 0.0172607
3 0.1914994 0.5330078 0.0286377 0.0172607
