5 0.4619216 0.2778775 0.0263755 0.0166747
13 0.5949977 0.2778775 0.0263755 0.0166747
32 0.5979949 0.3429086 0.4855479 0.4268711
23 0.4619216 0.2178487 0.0263755 0.0166747
30 0.6633341 0.2178487 0.0263754 0.0166747
7 0.5290591 0.3379062 0.0263754 0.0166746
29 0.5949977 0.3379062 0.0263755 0.0166746
24 0.6633341 0.3379062 0.0263754 0.0166746
26 0.7976091 0.3379062 0.0263754 0.0166746
3 0.5290591 0.4579637 0.0263754 0.0166747
33 0.7976091 0.4574078 0.0623419 0.0600288
6 0.7976091 0.4579637 0.0263754 0.0166747
16 0.3947842 0.4579637 0.0263755 0.0166747
8 0.4619216 0.5179924 0.0263755 0.0166747
17 0.7304716 0.3379062 0.0263754 0.0166746
29 0.4619216 0.3379062 0.0263755 0.0166746
3 0.7304716 0.4579637 0.0263754 0.0166747
4 0.6633341 0.3979349 0.0263754 0.0166747
22 0.7976091 0.3979349 0.0263754 0.0166747
30 0.7304716 0.2778775 0.0263754 0.0166747
19 0.7304716 0.2178487 0.0263754 0.0166747
16 0.4619216 0.3979349 0.0263755 0.0166747
28 0.7976091 0.2178487 0.0263754 0.0166747
24 0.4619216 0.4579637 0.0263755 0.0166747
29 0.3947842 0.2178487 0.0263755 0.0166747
18 0.3947842 0.3979349 0.0263755 0.0166747
27 0.7304716 0.3979349 0.0263754 0.0166747
13 0.3947842 0.2778775 0.0263755 0.0166747
22 0.6633341 0.5179924 0.0263754 0.0166747
4 0.5949977 0.3979349 0.0263755 0.0166747
30 0.3947842 0.5179924 0.0263755 0.0166747
16 0.7976091 0.2778775 0.0263754 0.0166747
27 0.7976091 0.5179924 0.0263754 0.0166747
31 0.5290591 0.3979349 0.0263754 0.0166747
22 0.5290591 0.2778775 0.0263754 0.0166747
25 0.6633341 0.4579637 0.0263754 0.0166747
3 0.7304716 0.5179924 0.0263754 0.0166747
16 0.5949977 0.5179924 0.0263755 0.0166747
27 0.3947842 0.3379062 0.0263755 0.0166746
2 0.5949977 0.2178487 0.0263755 0.0166747
8 0.6633341 0.2778775 0.0263754 0.0166747
31 0.5290591 0.5179924 0.0263754 0.0166747
12 0.5290591 0.2178487 0.0263754 0.0166747
26 0.5949977 0.4579637 0.0263755 0.0166747
