5 0.2532632 0.6444253 0.0274043 0.0166288
19 0.6020453 0.6444253 0.0274043 0.0166288
32 0.4644009 0.4698222 0.5044884 0.4256989
26 0.3927760 0.3451057 0.0274043 0.0166289
6 0.4612868 0.3451057 0.0274043 0.0166289
4 0.4612868 0.4049696 0.0274043 0.0166289
33 0.5316661 0.4642792 0.0660195 0.0598639
17 0.5322889 0.4648335 0.0274043 0.0166288
30 0.4612868 0.5246974 0.0274043 0.0166289
8 0.6020453 0.5246974 0.0274043 0.0166289
27 0.2532632 0.5845614 0.0274043 0.0166289
13 0.6718018 0.6444253 0.0274043 0.0166288
26 0.3927760 0.4648335 0.0274043 0.0166288
1 0.2532632 0.3451057 0.0274043 0.0166289
13 0.6020453 0.5845614 0.0274043 0.0166289
31 0.4612868 0.5845614 0.0274043 0.0166289
18 0.4612868 0.6444253 0.0274043 0.0166288
31 0.3927760 0.6444253 0.0274043 0.0166288
31 0.5322889 0.4049696 0.0274043 0.0166289
28 0.2532632 0.4648335 0.0274043 0.0166288
25 0.4612868 0.4648335 0.0274043 0.0166288
24 0.6020453 0.3451057 0.0274043 0.0166289
22 0.2532632 0.4049696 0.0274043 0.0166289
29 0.5322889 0.6444253 0.0274043 0.0166288
10 0.3927760 0.5246974 0.0274043 0.0166289
15 0.5322889 0.5246974 0.0274043 0.0166289
30 0.3230196 0.4648335 0.0274043 0.0166288
7 0.6718018 0.3451057 0.0274043 0.0166289
27 0.3230196 0.6444253 0.0274043 0.0166288
25 0.2532632 0.5246974 0.0274043 0.0166289
4 0.6718018 0.4648335 0.0274043 0.0166288
1 0.3230196 0.5845614 0.0274043 0.0166289
30 0.6718018 0.4049696 0.0274043 0.0166289
10 0.3927760 0.4049696 0.0274043 0.0166289
13 0.3230196 0.4049696 0.0274043 0.0166289
16 0.5322889 0.3451057 0.0274043 0.0166289
30 0.6718018 0.5845614 0.0274043 0.0166289
20 0.3927760 0.5845614 0.0274043 0.0166289
26 0.3230196 0.5246974 0.0274043 0.0166289
8 0.6020453 0.4049696 0.0274043 0.0166289
1 0.5322889 0.5845614 0.0274043 0.0166289
19 0.6020453 0.4648335 0.0274043 0.0166288
16 0.3230196 0.3451057 0.0274043 0.0166289
25 0.6718018 0.5246974 0.0274043 0.0166289
