4 0.3393338 0.6001893 0.0264613 0.0162427
16 0.2058244 0.4832421 0.0264613 0.0162427
32 0.3423407 0.4296412 0.4871288 0.4158125
24 0.4078926 0.3662948 0.0264613 0.0162427
7 0.5426048 0.3662948 0.0264613 0.0162427
5 0.2731805 0.4247684 0.0264613 0.0162427
21 0.1384683 0.4832421 0.0264613 0.0162427
25 0.2731805 0.5417157 0.0264613 0.0162427
8 0.4752487 0.5417157 0.0264613 0.0162427
16 0.4752487 0.6001893 0.0264613 0.0162427
33 0.5426048 0.5996479 0.0625449 0.0584736
15 0.5426048 0.6001893 0.0264613 0.0162427
19 0.4752487 0.3078211 0.0264613 0.0162427
11 0.2058244 0.3078211 0.0264613 0.0162427
31 0.4752487 0.4247684 0.0264613 0.0162427
8 0.4078926 0.4832421 0.0264613 0.0162427
15 0.2058244 0.3662948 0.0264613 0.0162427
22 0.5426048 0.4832421 0.0264613 0.0162427
6 0.4078926 0.3078211 0.0264613 0.0162427
22 0.2731805 0.3078211 0.0264613 0.0162427
26 0.2731805 0.3662948 0.0264613 0.0162427
1 0.2731805 0.6001893 0.0264613 0.0162427
29 0.4752487 0.4832421 0.0264613 0.0162427
28 0.3393338 0.3078211 0.0264613 0.0162427
30 0.5426048 0.4247684 0.0264613 0.0162427
14 0.3393338 0.4247684 0.0264613 0.0162427
3 0.3393338 0.4832421 0.0264613 0.0162427
3 0.1384683 0.5417157 0.0264613 0.0162427
7 0.1384683 0.4247684 0.0264613 0.0162427
13 0.3393338 0.3662948 0.0264613 0.0162427
21 0.4078926 0.6001893 0.0264613 0.0162427
22 0.2058244 0.4247684 0.0264613 0.0162427
21 0.1384683 0.3078211 0.0264613 0.0162427
24 0.4078926 0.5417157 0.0264613 0.0162427
11 0.4752487 0.3662948 0.0264613 0.0162427
31 0.2058244 0.5417157 0.0264613 0.0162427
15 0.2731805 0.4832421 0.0264613 0.0162427
30 0.5426048 0.3078211 0.0264613 0.0162427
21 0.1384683 0.6001893 0.0264613 0.0162427
6 0.3393338 0.5417157 0.0264613 0.0162427
4 0.4078926 0.4247684 0.0264613 0.0162427
14 0.1384683 0.3662948 0.0264613 0.0162427
26 0.2058244 0.6001893 0.0264613 0.0162427
27 0.5426048 0.5417157 0.0264613 0.0162427
