13 0.4493314 0.6187046 0.0278469 0.0160567
18 0.6619801 0.5030961 0.0278468 0.0160567
32 0.5929959 0.5657174 0.5126351 0.4110524
21 0.5898315 0.5030961 0.0278468 0.0160567
1 0.5898315 0.6187046 0.0278468 0.0160567
15 0.6619801 0.6187046 0.0278468 0.0160567
29 0.7328630 0.6187046 0.0278469 0.0160567
33 0.4486986 0.6759736 0.0645541 0.0578042
12 0.4493314 0.6765089 0.0278469 0.0160567
25 0.6619801 0.7343131 0.0278468 0.0160567
27 0.7328630 0.7343131 0.0278469 0.0160567
13 0.8037459 0.7343131 0.0278469 0.0160567
4 0.6619801 0.4452919 0.0278468 0.0160568
20 0.5898315 0.6765089 0.0278468 0.0160567
1 0.6619801 0.6765089 0.0278468 0.0160567
20 0.8037459 0.6187046 0.0278469 0.0160567
15 0.7328630 0.4452919 0.0278469 0.0160568
10 0.7328630 0.5030961 0.0278469 0.0160567
26 0.5202143 0.5609004 0.0278469 0.0160568
19 0.4493314 0.4452919 0.0278469 0.0160568
30 0.5898315 0.4452919 0.0278468 0.0160568
12 0.4493314 0.5030961 0.0278469 0.0160567
22 0.5202143 0.5030961 0.0278469 0.0160567
16 0.3784486 0.6765089 0.0278469 0.0160567
21 0.8037459 0.5609004 0.0278469 0.0160568
26 0.5202143 0.6187046 0.0278469 0.0160567
30 0.3784486 0.6187046 0.0278469 0.0160567
22 0.3784486 0.5030961 0.0278469 0.0160567
22 0.6619801 0.5609004 0.0278468 0.0160568
25 0.3784486 0.4452919 0.0278469 0.0160568
21 0.3784486 0.7343131 0.0278469 0.0160567
8 0.5898315 0.5609004 0.0278468 0.0160568
25 0.5202143 0.6765089 0.0278469 0.0160567
17 0.4493314 0.7343131 0.0278469 0.0160567
27 0.8037459 0.4452919 0.0278469 0.0160568
25 0.8037459 0.6765089 0.0278469 0.0160567
11 0.4493314 0.5609004 0.0278469 0.0160568
17 0.5202143 0.7343131 0.0278469 0.0160567
28 0.8037459 0.5030961 0.0278469 0.0160567
3 0.7328630 0.5609004 0.0278469 0.0160568
16 0.3784486 0.5609004 0.0278469 0.0160568
28 0.5898315 0.7343131 0.0278468 0.0160567
29 0.5202143 0.4452919 0.0278469 0.0160568
7 0.7328630 0.6765089 0.0278469 0.0160567
