6 0.4454737 0.6500925 0.0272617 0.0161909
24 0.3760801 0.6500925 0.0272618 0.0161909
32 0.5167260 0.5966626 0.5018643 0.4144868
23 0.4454737 0.4752309 0.0272617 0.0161909
15 0.5842608 0.4752309 0.0272617 0.0161909
27 0.5842608 0.5335181 0.0272617 0.0161909
33 0.6530348 0.5912656 0.0631978 0.0582872
22 0.6536544 0.5918054 0.0272618 0.0161909
8 0.7230479 0.6500925 0.0272617 0.0161909
1 0.3066865 0.7083797 0.0272618 0.0161909
31 0.5136281 0.7083797 0.0272618 0.0161909
10 0.3760801 0.7666669 0.0272618 0.0161909
3 0.5136281 0.4752309 0.0272618 0.0161909
14 0.7230479 0.4752309 0.0272617 0.0161909
20 0.5842608 0.6500925 0.0272617 0.0161909
29 0.5842608 0.5918054 0.0272617 0.0161909
21 0.7230479 0.5335181 0.0272617 0.0161909
25 0.6536544 0.7666669 0.0272618 0.0161909
26 0.6536544 0.4752309 0.0272618 0.0161909
24 0.3760801 0.4752309 0.0272618 0.0161909
30 0.7230479 0.7666669 0.0272617 0.0161909
10 0.5136281 0.6500925 0.0272618 0.0161909
3 0.6536544 0.6500925 0.0272618 0.0161909
6 0.4454737 0.5335181 0.0272617 0.0161909
26 0.5136281 0.5335181 0.0272618 0.0161909
8 0.7230479 0.5918054 0.0272617 0.0161909
26 0.5136281 0.7666669 0.0272618 0.0161909
13 0.6536544 0.5335181 0.0272618 0.0161909
17 0.3066865 0.6500925 0.0272618 0.0161909
13 0.3760801 0.5918054 0.0272618 0.0161909
19 0.3066865 0.5335181 0.0272618 0.0161909
15 0.5842608 0.7666669 0.0272617 0.0161909
5 0.3760801 0.5335181 0.0272618 0.0161909
6 0.4454737 0.5918054 0.0272617 0.0161909
1 0.3066865 0.5918054 0.0272618 0.0161909
4 0.7230479 0.7083797 0.0272617 0.0161909
1 0.3066865 0.7666669 0.0272618 0.0161909
14 0.5136281 0.5918054 0.0272618 0.0161909
16 0.5842608 0.7083797 0.0272617 0.0161909
29 0.3066865 0.4752309 0.0272618 0.0161909
19 0.4454737 0.7083797 0.0272617 0.0161909
3 0.4454737 0.7666669 0.0272617 0.0161909
7 0.3760801 0.7083797 0.0272618 0.0161909
17 0.6536544 0.7083797 0.0272618 0.0161909
