15 0.4149916 0.7196220 0.0274683 0.0167535
9 0.4149916 0.6593094 0.0274683 0.0167535
32 0.4181131 0.5437101 0.5056675 0.4288898
29 0.2064819 0.4180588 0.0274684 0.0167535
8 0.3463208 0.4180588 0.0274683 0.0167535
20 0.4861597 0.4180588 0.0274684 0.0167535
30 0.5560791 0.4783714 0.0274684 0.0167535
4 0.4149916 0.5989967 0.0274683 0.0167535
34 0.2757770 0.6587509 0.0636766 0.0603126
23 0.2764013 0.6593094 0.0274683 0.0167535
13 0.2064819 0.7196220 0.0274684 0.0167535
19 0.6259985 0.7196220 0.0274683 0.0167535
27 0.5560791 0.7196220 0.0274684 0.0167535
16 0.4149916 0.4180588 0.0274683 0.0167535
2 0.3463208 0.4783714 0.0274683 0.0167535
11 0.4861597 0.5989967 0.0274684 0.0167535
16 0.3463208 0.6593094 0.0274683 0.0167535
13 0.2064819 0.4783714 0.0274684 0.0167535
5 0.2764013 0.7196220 0.0274683 0.0167535
7 0.5560791 0.5386841 0.0274684 0.0167535
10 0.5560791 0.5989967 0.0274684 0.0167535
18 0.2764013 0.5386841 0.0274683 0.0167535
15 0.3463208 0.7196220 0.0274683 0.0167535
13 0.6259985 0.4180588 0.0274683 0.0167535
14 0.4149916 0.4783714 0.0274683 0.0167535
22 0.4861597 0.4783714 0.0274684 0.0167535
2 0.2064819 0.5386841 0.0274684 0.0167535
13 0.6259985 0.6593094 0.0274683 0.0167535
4 0.3463208 0.5989967 0.0274683 0.0167535
4 0.3463208 0.5386841 0.0274683 0.0167535
21 0.4861597 0.7196220 0.0274684 0.0167535
15 0.2764013 0.4783714 0.0274683 0.0167535
28 0.6259985 0.5386841 0.0274683 0.0167535
6 0.2064819 0.5989967 0.0274684 0.0167535
1 0.2764013 0.4180588 0.0274683 0.0167535
4 0.6259985 0.4783714 0.0274683 0.0167535
15 0.4861597 0.5386841 0.0274684 0.0167535
31 0.4861597 0.6593094 0.0274684 0.0167535
16 0.2064819 0.6593094 0.0274684 0.0167535
27 0.2764013 0.5989967 0.0274683 0.0167535
17 0.5560791 0.4180588 0.0274684 0.0167535
22 0.6259985 0.5989967 0.0274683 0.0167535
8 0.4149916 0.5386841 0.0274683 0.0167535
28 0.5560791 0.6593094 0.0274684 0.0167535
