1 0.5858691 0.5103460 0.0283112 0.0170993
24 0.3683874 0.2641161 0.0283112 0.0170993
32 0.3716046 0.3923608 0.5211840 0.4377420
13 0.5138042 0.2641161 0.0283112 0.0170993
19 0.4417392 0.3256736 0.0283112 0.0170993
34 0.1534795 0.3866610 0.0669174 0.0615575
1 0.1534794 0.3872310 0.0283112 0.0170993
23 0.2255444 0.4487885 0.0283112 0.0170993
2 0.3683874 0.4487885 0.0283112 0.0170993
15 0.3683874 0.5103460 0.0283112 0.0170993
5 0.5138042 0.5103460 0.0283112 0.0170993
14 0.5138042 0.5719035 0.0283112 0.0170993
11 0.2255444 0.3256736 0.0283112 0.0170993
20 0.4417392 0.3872310 0.0283112 0.0170993
6 0.2976093 0.3256736 0.0283112 0.0170993
31 0.5858691 0.3256736 0.0283112 0.0170993
28 0.4417392 0.5103460 0.0283112 0.0170993
5 0.2255444 0.5719035 0.0283112 0.0170993
30 0.2976093 0.2641161 0.0283112 0.0170993
12 0.2255444 0.3872310 0.0283112 0.0170993
18 0.5858691 0.5719035 0.0283112 0.0170993
3 0.2976093 0.5103460 0.0283112 0.0170993
10 0.3683874 0.5719035 0.0283112 0.0170993
21 0.2976093 0.3872310 0.0283112 0.0170993
14 0.5858691 0.4487885 0.0283112 0.0170993
25 0.2255444 0.5103460 0.0283112 0.0170993
26 0.2976093 0.4487885 0.0283112 0.0170993
17 0.4417392 0.2641161 0.0283112 0.0170993
14 0.1534794 0.2641161 0.0283112 0.0170993
10 0.5858691 0.2641161 0.0283112 0.0170993
14 0.3683874 0.3872310 0.0283112 0.0170993
19 0.5138042 0.3872310 0.0283112 0.0170993
12 0.2976093 0.5719035 0.0283112 0.0170993
25 0.1534794 0.5719035 0.0283112 0.0170993
16 0.5858691 0.3872310 0.0283112 0.0170993
15 0.1534794 0.5103460 0.0283112 0.0170993
29 0.4417392 0.4487885 0.0283112 0.0170993
8 0.3683874 0.3256736 0.0283112 0.0170993
10 0.4417392 0.5719035 0.0283112 0.0170993
9 0.5138042 0.3256736 0.0283112 0.0170993
24 0.5138042 0.4487885 0.0283112 0.0170993
19 0.1534794 0.3256736 0.0283112 0.0170993
29 0.2255444 0.2641161 0.0283112 0.0170993
18 0.1534794 0.4487885 0.0283112 0.0170993
