20 0.5313780 0.4860474 0.0274630 0.0167441
14 0.7410951 0.7271620 0.0274630 0.0167440
32 0.6031562 0.5513493 0.5055681 0.4286481
31 0.3915665 0.4257688 0.0274630 0.0167440
27 0.6000354 0.4860474 0.0274629 0.0167441
15 0.6711894 0.4860474 0.0274630 0.0167441
20 0.7410951 0.5463261 0.0274630 0.0167440
9 0.8110009 0.5463261 0.0274629 0.0167440
8 0.8110009 0.6066047 0.0274629 0.0167440
23 0.3915665 0.7271620 0.0274630 0.0167440
33 0.4608481 0.7266039 0.0636642 0.0602787
9 0.4614723 0.7271620 0.0274630 0.0167440
28 0.7410951 0.6668833 0.0274630 0.0167441
29 0.6711894 0.4257688 0.0274630 0.0167440
14 0.6000354 0.6066047 0.0274629 0.0167440
7 0.4614723 0.5463261 0.0274630 0.0167440
30 0.8110009 0.4860474 0.0274629 0.0167441
11 0.5313780 0.4257688 0.0274630 0.0167440
22 0.4614723 0.4860474 0.0274630 0.0167441
25 0.4614723 0.4257688 0.0274630 0.0167440
17 0.5313780 0.7271620 0.0274630 0.0167440
25 0.7410951 0.4860474 0.0274630 0.0167441
27 0.8110009 0.4257688 0.0274629 0.0167440
22 0.7410951 0.6066047 0.0274630 0.0167440
24 0.3915665 0.4860474 0.0274630 0.0167441
1 0.8110009 0.6668833 0.0274629 0.0167441
3 0.8110009 0.7271620 0.0274629 0.0167440
18 0.7410951 0.4257688 0.0274630 0.0167440
13 0.3915665 0.6668833 0.0274630 0.0167441
16 0.6711894 0.7271620 0.0274630 0.0167440
13 0.3915665 0.5463261 0.0274630 0.0167440
22 0.6000354 0.5463261 0.0274629 0.0167440
9 0.5313780 0.6668833 0.0274630 0.0167441
12 0.6711894 0.6066047 0.0274630 0.0167440
24 0.6711894 0.5463261 0.0274630 0.0167440
30 0.6000354 0.4257688 0.0274629 0.0167440
16 0.4614723 0.6066047 0.0274630 0.0167440
2 0.4614723 0.6668833 0.0274630 0.0167441
29 0.6000354 0.6668833 0.0274629 0.0167441
22 0.3915665 0.6066047 0.0274630 0.0167440
18 0.5313780 0.5463261 0.0274630 0.0167440
5 0.5313780 0.6066047 0.0274630 0.0167440
6 0.6000354 0.7271620 0.0274629 0.0167440
17 0.6711894 0.6668833 0.0274630 0.0167441
