27 0.4980067 0.3883139 0.0282797 0.0163740
24 0.5699914 0.5651535 0.0282797 0.0163740
32 0.4279501 0.3932261 0.5206039 0.4191754
24 0.4247365 0.2704208 0.0282797 0.0163740
19 0.3540372 0.3293673 0.0282797 0.0163740
25 0.6419762 0.3883139 0.0282798 0.0163740
26 0.5699914 0.4472604 0.0282797 0.0163740
34 0.6419762 0.4467146 0.0668430 0.0589465
28 0.6419762 0.4472604 0.0282798 0.0163740
16 0.4247365 0.5062070 0.0282797 0.0163740
1 0.6419762 0.5062070 0.0282798 0.0163740
14 0.6419762 0.5651535 0.0282798 0.0163740
14 0.2820525 0.4472604 0.0282797 0.0163740
18 0.4247365 0.3293673 0.0282797 0.0163740
26 0.2100677 0.3293673 0.0282797 0.0163740
20 0.2100677 0.2704208 0.0282797 0.0163740
12 0.4980067 0.3293673 0.0282797 0.0163740
28 0.2100677 0.4472604 0.0282797 0.0163740
14 0.6419762 0.2704208 0.0282798 0.0163740
11 0.3540372 0.3883139 0.0282797 0.0163740
18 0.5699914 0.3883139 0.0282797 0.0163740
10 0.5699914 0.2704208 0.0282797 0.0163740
5 0.3540372 0.5062070 0.0282797 0.0163740
3 0.4980067 0.5062070 0.0282797 0.0163740
4 0.4247365 0.5651535 0.0282797 0.0163740
4 0.4980067 0.4472604 0.0282797 0.0163740
26 0.2820525 0.2704208 0.0282797 0.0163740
5 0.4980067 0.5651535 0.0282797 0.0163740
31 0.4980067 0.2704208 0.0282797 0.0163740
14 0.5699914 0.3293673 0.0282797 0.0163740
16 0.2100677 0.5651535 0.0282797 0.0163740
17 0.2820525 0.5651535 0.0282797 0.0163740
13 0.2820525 0.3293673 0.0282797 0.0163740
20 0.2100677 0.5062070 0.0282797 0.0163740
7 0.2100677 0.3883139 0.0282797 0.0163740
20 0.2820525 0.5062070 0.0282797 0.0163740
14 0.3540372 0.5651535 0.0282797 0.0163740
24 0.3540372 0.2704208 0.0282797 0.0163740
30 0.2820525 0.3883139 0.0282797 0.0163740
31 0.6419762 0.3293673 0.0282798 0.0163740
5 0.4247365 0.4472604 0.0282797 0.0163740
2 0.3540372 0.4472604 0.0282797 0.0163740
26 0.4247365 0.3883139 0.0282797 0.0163740
18 0.5699914 0.5062070 0.0282797 0.0163740
