27 0.1988184 0.3831824 0.0278793 0.0173760
7 0.2697839 0.6959513 0.0278793 0.0173760
32 0.4136157 0.5135027 0.5132325 0.4448269
17 0.3407494 0.3831824 0.0278793 0.0173760
21 0.5536458 0.3831824 0.0278793 0.0173760
29 0.3407494 0.4457362 0.0278793 0.0173760
33 0.2691502 0.5077107 0.0646293 0.0625538
5 0.2697839 0.5082899 0.0278793 0.0173760
9 0.5536458 0.5082899 0.0278793 0.0173760
23 0.2697839 0.5708437 0.0278793 0.0173760
26 0.4826803 0.6333975 0.0278793 0.0173760
24 0.4826803 0.6959513 0.0278793 0.0173760
24 0.5536458 0.6959513 0.0278793 0.0173760
9 0.5536458 0.5708437 0.0278793 0.0173760
17 0.4104476 0.6333975 0.0278793 0.0173760
5 0.6246113 0.6333975 0.0278793 0.0173760
4 0.4104476 0.4457362 0.0278793 0.0173760
15 0.1988184 0.6959513 0.0278793 0.0173760
17 0.1988184 0.5708437 0.0278793 0.0173760
13 0.1988184 0.5082899 0.0278793 0.0173760
3 0.3407494 0.5082899 0.0278793 0.0173760
9 0.4104476 0.5082899 0.0278793 0.0173760
24 0.4826803 0.3831824 0.0278793 0.0173760
16 0.5536458 0.4457362 0.0278793 0.0173760
5 0.2697839 0.4457362 0.0278793 0.0173760
16 0.4826803 0.5082899 0.0278793 0.0173760
24 0.3407494 0.6959513 0.0278793 0.0173760
8 0.6246113 0.3831824 0.0278793 0.0173760
25 0.6246113 0.6959513 0.0278793 0.0173760
29 0.5536458 0.6333975 0.0278793 0.0173760
15 0.2697839 0.3831824 0.0278793 0.0173760
6 0.4104476 0.5708437 0.0278793 0.0173760
2 0.4104476 0.6959513 0.0278793 0.0173760
2 0.3407494 0.5708437 0.0278793 0.0173760
30 0.1988184 0.6333975 0.0278793 0.0173760
1 0.6246113 0.5708437 0.0278793 0.0173760
1 0.3407494 0.6333975 0.0278793 0.0173760
7 0.4826803 0.4457362 0.0278793 0.0173760
20 0.6246113 0.4457362 0.0278793 0.0173760
27 0.6246113 0.5082899 0.0278793 0.0173760
14 0.4104476 0.3831824 0.0278793 0.0173760
27 0.2697839 0.6333975 0.0278793 0.0173760
2 0.1988184 0.4457362 0.0278793 0.0173760
14 0.4826803 0.5708437 0.0278793 0.0173760
