28 0.3247900 0.5809170 0.0263971 0.0168620
14 0.5251676 0.3988076 0.0263971 0.0168620
32 0.5281673 0.5252724 0.4859459 0.4316667
34 0.3247900 0.5196518 0.0623931 0.0607031
12 0.3247900 0.5202138 0.0263971 0.0168620
19 0.6607526 0.5202138 0.0263971 0.0168620
18 0.7279451 0.5202138 0.0263970 0.0168620
10 0.3919825 0.5809170 0.0263971 0.0168620
9 0.3247900 0.6416201 0.0263971 0.0168620
16 0.3919825 0.6416201 0.0263971 0.0168620
27 0.5251676 0.6416201 0.0263971 0.0168620
21 0.6607526 0.7023232 0.0263971 0.0168620
28 0.7279451 0.7023232 0.0263970 0.0168620
22 0.3247900 0.4595107 0.0263971 0.0168620
8 0.7279451 0.4595107 0.0263970 0.0168620
30 0.5935600 0.7023232 0.0263971 0.0168620
21 0.6607526 0.6416201 0.0263971 0.0168620
5 0.3247900 0.3988076 0.0263971 0.0168620
28 0.3919825 0.7023232 0.0263971 0.0168620
8 0.6607526 0.3988076 0.0263971 0.0168620
10 0.4591750 0.3988076 0.0263971 0.0168620
3 0.3247900 0.7023232 0.0263971 0.0168620
12 0.7279451 0.3988076 0.0263970 0.0168620
15 0.4591750 0.5809170 0.0263971 0.0168620
31 0.5935600 0.4595107 0.0263971 0.0168620
18 0.3919825 0.4595107 0.0263971 0.0168620
31 0.7279451 0.5809170 0.0263970 0.0168620
20 0.6607526 0.4595107 0.0263971 0.0168620
4 0.5935600 0.5202138 0.0263971 0.0168620
14 0.5251676 0.5202138 0.0263971 0.0168620
16 0.3919825 0.5202138 0.0263971 0.0168620
9 0.5935600 0.3988076 0.0263971 0.0168620
10 0.5935600 0.5809170 0.0263971 0.0168620
20 0.4591750 0.7023232 0.0263971 0.0168620
29 0.3919825 0.3988076 0.0263971 0.0168620
29 0.4591750 0.5202138 0.0263971 0.0168620
19 0.5251676 0.7023232 0.0263971 0.0168620
28 0.6607526 0.5809170 0.0263971 0.0168620
1 0.5935600 0.6416201 0.0263971 0.0168620
25 0.7279451 0.6416201 0.0263970 0.0168620
4 0.5251676 0.5809170 0.0263971 0.0168620
4 0.5251676 0.4595107 0.0263971 0.0168620
25 0.4591750 0.4595107 0.0263971 0.0168620
8 0.4591750 0.6416201 0.0263971 0.0168620
