13 0.4637436 0.5079394 0.0280127 0.0163015
11 0.3924386 0.6253105 0.0280127 0.0163015
32 0.3230435 0.5715154 0.5156881 0.4173196
20 0.4637436 0.4492538 0.0280127 0.0163015
7 0.5350486 0.5079394 0.0280127 0.0163015
31 0.2498285 0.5666249 0.0280127 0.0163015
12 0.5350486 0.5666249 0.0280127 0.0163015
17 0.5350486 0.6253105 0.0280127 0.0163015
8 0.3924386 0.6839960 0.0280127 0.0163015
33 0.4631070 0.6834527 0.0649385 0.0586855
28 0.4637436 0.6839960 0.0280127 0.0163015
24 0.1785235 0.7426816 0.0280127 0.0163015
17 0.3924386 0.7426816 0.0280127 0.0163015
21 0.1785235 0.6253105 0.0280127 0.0163015
22 0.1072185 0.6253105 0.0280127 0.0163015
15 0.3198602 0.5079394 0.0280127 0.0163015
7 0.4637436 0.7426816 0.0280127 0.0163015
10 0.2498285 0.4492538 0.0280127 0.0163015
21 0.3198602 0.4492538 0.0280127 0.0163015
31 0.4637436 0.5666249 0.0280127 0.0163015
12 0.1072185 0.4492538 0.0280127 0.0163015
14 0.1072185 0.7426816 0.0280127 0.0163015
9 0.3198602 0.5666249 0.0280127 0.0163015
20 0.3198602 0.6253105 0.0280127 0.0163015
31 0.2498285 0.6839960 0.0280127 0.0163015
30 0.3198602 0.6839960 0.0280127 0.0163015
11 0.3924386 0.5666249 0.0280127 0.0163015
28 0.1072185 0.5666249 0.0280127 0.0163015
14 0.2498285 0.6253105 0.0280127 0.0163015
1 0.3924386 0.4492538 0.0280127 0.0163015
24 0.5350486 0.7426816 0.0280127 0.0163015
8 0.2498285 0.7426816 0.0280127 0.0163015
18 0.1072185 0.6839960 0.0280127 0.0163015
4 0.3924386 0.5079394 0.0280127 0.0163015
18 0.2498285 0.5079394 0.0280127 0.0163015
20 0.5350486 0.6839960 0.0280127 0.0163015
8 0.4637436 0.6253105 0.0280127 0.0163015
7 0.3198602 0.7426816 0.0280127 0.0163015
10 0.1785235 0.5079394 0.0280127 0.0163015
4 0.1072185 0.5079394 0.0280127 0.0163015
13 0.1785235 0.4492538 0.0280127 0.0163015
22 0.1785235 0.6839960 0.0280127 0.0163015
10 0.5350486 0.4492538 0.0280127 0.0163015
5 0.1785235 0.5666249 0.0280127 0.0163015
