14 0.2352346 0.4632033 0.0280361 0.0168332
5 0.2352346 0.3420041 0.0280361 0.0168333
32 0.4512401 0.4076537 0.5161194 0.4309309
11 0.4480542 0.2814044 0.0280361 0.0168332
30 0.5920579 0.2814044 0.0280361 0.0168332
34 0.6634225 0.4626422 0.0662672 0.0605996
5 0.6634225 0.4632033 0.0280361 0.0168332
26 0.4480542 0.5238030 0.0280361 0.0168332
17 0.5920579 0.5238030 0.0280361 0.0168332
15 0.2352346 0.5844026 0.0280361 0.0168332
18 0.5920579 0.5844026 0.0280361 0.0168332
3 0.6634225 0.5844026 0.0280361 0.0168332
27 0.5206932 0.4026037 0.0280361 0.0168332
28 0.4480542 0.4632033 0.0280361 0.0168332
18 0.3779639 0.4632033 0.0280361 0.0168332
3 0.3065992 0.5238030 0.0280361 0.0168332
1 0.3065992 0.2814044 0.0280361 0.0168332
12 0.5206932 0.5238030 0.0280361 0.0168332
19 0.2352346 0.4026037 0.0280361 0.0168332
14 0.3065992 0.4632033 0.0280361 0.0168332
3 0.6634225 0.4026037 0.0280361 0.0168332
26 0.5206932 0.5844026 0.0280361 0.0168332
8 0.6634225 0.2814044 0.0280361 0.0168332
5 0.2352346 0.2814044 0.0280361 0.0168332
22 0.3779639 0.5844026 0.0280361 0.0168332
26 0.3065992 0.4026037 0.0280361 0.0168332
22 0.5206932 0.4632033 0.0280361 0.0168332
31 0.3065992 0.3420041 0.0280361 0.0168333
5 0.6634225 0.3420041 0.0280361 0.0168333
16 0.4480542 0.3420041 0.0280361 0.0168333
15 0.5206932 0.3420041 0.0280361 0.0168333
24 0.3779639 0.4026037 0.0280361 0.0168332
5 0.2352346 0.5238030 0.0280361 0.0168332
3 0.6634225 0.5238030 0.0280361 0.0168332
30 0.3779639 0.3420041 0.0280361 0.0168333
29 0.5206932 0.2814044 0.0280361 0.0168332
3 0.3779639 0.5238030 0.0280361 0.0168332
5 0.5920579 0.3420041 0.0280361 0.0168333
26 0.5920579 0.4632033 0.0280361 0.0168332
4 0.4480542 0.4026037 0.0280361 0.0168332
14 0.5920579 0.4026037 0.0280361 0.0168332
11 0.4480542 0.5844026 0.0280361 0.0168332
22 0.3065992 0.5844026 0.0280361 0.0168332
29 0.3779639 0.2814044 0.0280361 0.0168332
