22 0.6869980 0.6321178 0.0285022 0.0171098
26 0.3242425 0.5705221 0.0285022 0.0171099
32 0.4712880 0.4524638 0.5247000 0.4380137
22 0.6869980 0.3241394 0.0285022 0.0171099
5 0.2516914 0.3857351 0.0285022 0.0171099
33 0.3967936 0.3851648 0.0673689 0.0615957
31 0.3967936 0.3857351 0.0285022 0.0171099
23 0.6869980 0.3857351 0.0285022 0.0171099
2 0.3242425 0.4473308 0.0285022 0.0171099
21 0.4680492 0.5089265 0.0285022 0.0171099
3 0.6144469 0.5705221 0.0285022 0.0171099
9 0.3967936 0.6321178 0.0285022 0.0171098
22 0.4680492 0.5705221 0.0285022 0.0171099
8 0.4680492 0.6321178 0.0285022 0.0171098
20 0.3967936 0.3241394 0.0285022 0.0171099
14 0.6144469 0.6321178 0.0285022 0.0171098
25 0.6869980 0.5089265 0.0285022 0.0171099
21 0.4680492 0.4473308 0.0285022 0.0171099
28 0.6144469 0.5089265 0.0285022 0.0171099
20 0.5418958 0.5705221 0.0285022 0.0171099
28 0.5418958 0.5089265 0.0285022 0.0171099
30 0.5418958 0.3857351 0.0285022 0.0171099
24 0.3242425 0.3241394 0.0285022 0.0171099
22 0.5418958 0.4473308 0.0285022 0.0171099
20 0.5418958 0.6321178 0.0285022 0.0171098
13 0.3242425 0.5089265 0.0285022 0.0171099
7 0.3967936 0.5089265 0.0285022 0.0171099
12 0.2516914 0.3241394 0.0285022 0.0171099
9 0.3242425 0.3857351 0.0285022 0.0171099
26 0.6144469 0.3857351 0.0285022 0.0171099
12 0.6144469 0.3241394 0.0285022 0.0171099
5 0.2516914 0.6321178 0.0285022 0.0171098
26 0.3967936 0.5705221 0.0285022 0.0171099
29 0.4680492 0.3241394 0.0285022 0.0171099
19 0.2516914 0.4473308 0.0285022 0.0171099
8 0.6869980 0.5705221 0.0285022 0.0171099
29 0.6869980 0.4473308 0.0285022 0.0171099
20 0.3242425 0.6321178 0.0285022 0.0171098
30 0.6144469 0.4473308 0.0285022 0.0171099
30 0.2516914 0.5089265 0.0285022 0.0171099
24 0.3967936 0.4473308 0.0285022 0.0171099
29 0.4680492 0.3857351 0.0285022 0.0171099
24 0.5418958 0.3241394 0.0285022 0.0171099
27 0.2516914 0.5705221 0.0285022 0.0171099
