15 0.0407629 0.4986408 0.0277088 0.0160817
16 0.4639521 0.5565351 0.0277088 0.0160817
32 0.2552719 0.3876767 0.5080439 0.4116929
34 0.1106647 0.2665275 0.0642341 0.0578943
3 0.1112944 0.2670635 0.0277088 0.0160817
22 0.1818260 0.2670635 0.0277088 0.0160817
4 0.3228891 0.3249578 0.0277088 0.0160817
3 0.2510980 0.3828521 0.0277088 0.0160817
23 0.3934206 0.3828521 0.0277088 0.0160817
5 0.3228891 0.4407464 0.0277088 0.0160817
24 0.1112944 0.5565351 0.0277088 0.0160817
18 0.1818260 0.5565351 0.0277088 0.0160817
31 0.0407629 0.3249578 0.0277088 0.0160817
11 0.4639521 0.4407464 0.0277088 0.0160817
1 0.3228891 0.3828521 0.0277088 0.0160817
20 0.1818260 0.4986408 0.0277088 0.0160817
7 0.4639521 0.3828521 0.0277088 0.0160817
4 0.2510980 0.5565351 0.0277088 0.0160817
8 0.1112944 0.3828521 0.0277088 0.0160817
20 0.3934206 0.3249578 0.0277088 0.0160817
11 0.3934206 0.2670635 0.0277088 0.0160817
25 0.1112944 0.4407464 0.0277088 0.0160817
20 0.4639521 0.3249578 0.0277088 0.0160817
22 0.3228891 0.5565351 0.0277088 0.0160817
25 0.1112944 0.4986408 0.0277088 0.0160817
11 0.3934206 0.4407464 0.0277088 0.0160817
31 0.2510980 0.4407464 0.0277088 0.0160817
26 0.1818260 0.3249578 0.0277088 0.0160817
20 0.3228891 0.2670635 0.0277088 0.0160817
2 0.0407629 0.4407464 0.0277088 0.0160817
19 0.4639521 0.4986408 0.0277088 0.0160817
26 0.3934206 0.4986408 0.0277088 0.0160817
29 0.3228891 0.4986408 0.0277088 0.0160817
19 0.1818260 0.3828521 0.0277088 0.0160817
5 0.0407629 0.2670635 0.0277088 0.0160817
5 0.4639521 0.2670635 0.0277088 0.0160817
13 0.2510980 0.3249578 0.0277088 0.0160817
20 0.0407629 0.5565351 0.0277088 0.0160817
7 0.2510980 0.2670635 0.0277088 0.0160817
15 0.2510980 0.4986408 0.0277088 0.0160817
10 0.1112944 0.3249578 0.0277088 0.0160817
22 0.0407629 0.3828521 0.0277088 0.0160817
10 0.1818260 0.4407464 0.0277088 0.0160817
31 0.3934206 0.5565351 0.0277088 0.0160817
