4 0.4146601 0.5708733 0.0282859 0.0168961
8 0.4146601 0.3275702 0.0282859 0.0168960
32 0.4885892 0.3934648 0.5207181 0.4325389
34 0.2706590 0.2661812 0.0668576 0.0608258
9 0.2706590 0.2667444 0.0282859 0.0168961
29 0.4146601 0.2667444 0.0282859 0.0168961
14 0.2706590 0.3275702 0.0282859 0.0168960
16 0.3426595 0.4492218 0.0282859 0.0168961
30 0.4853749 0.4492218 0.0282859 0.0168961
27 0.4146601 0.5100475 0.0282859 0.0168960
15 0.3426595 0.5708733 0.0282859 0.0168961
6 0.5586611 0.5708733 0.0282860 0.0168961
16 0.4853749 0.2667444 0.0282859 0.0168961
17 0.4146601 0.3883960 0.0282859 0.0168960
8 0.3426595 0.5100475 0.0282859 0.0168960
6 0.3426595 0.3275702 0.0282859 0.0168960
16 0.5586611 0.3275702 0.0282860 0.0168960
20 0.5586611 0.2667444 0.0282860 0.0168961
8 0.7026622 0.3883960 0.0282859 0.0168960
15 0.3426595 0.2667444 0.0282859 0.0168961
24 0.2706590 0.5100475 0.0282859 0.0168960
2 0.6306617 0.3883960 0.0282859 0.0168960
13 0.2706590 0.3883960 0.0282859 0.0168960
11 0.6306617 0.5708733 0.0282859 0.0168961
28 0.4853749 0.3275702 0.0282859 0.0168960
27 0.6306617 0.5100475 0.0282859 0.0168960
1 0.6306617 0.2667444 0.0282859 0.0168961
1 0.6306617 0.3275702 0.0282859 0.0168960
12 0.7026622 0.5708733 0.0282859 0.0168961
5 0.7026622 0.2667444 0.0282859 0.0168961
4 0.6306617 0.4492218 0.0282859 0.0168961
4 0.5586611 0.5100475 0.0282860 0.0168960
10 0.7026622 0.5100475 0.0282859 0.0168960
6 0.2706590 0.4492218 0.0282859 0.0168961
30 0.4146601 0.4492218 0.0282859 0.0168961
14 0.4853749 0.5708733 0.0282859 0.0168961
16 0.4853749 0.5100475 0.0282859 0.0168960
18 0.4853749 0.3883960 0.0282859 0.0168960
26 0.5586611 0.3883960 0.0282860 0.0168960
7 0.2706590 0.5708733 0.0282859 0.0168961
9 0.5586611 0.4492218 0.0282860 0.0168961
26 0.7026622 0.3275702 0.0282859 0.0168960
1 0.3426595 0.3883960 0.0282859 0.0168960
20 0.7026622 0.4492218 0.0282859 0.0168961
