17 0.2468507 0.6397310 0.0277802 0.0167190
12 0.6004163 0.7601081 0.0277802 0.0167190
32 0.4608842 0.5845582 0.5114073 0.4280076
13 0.6004163 0.4591653 0.0277802 0.0167191
14 0.6711295 0.5193538 0.0277802 0.0167190
10 0.4577274 0.5795424 0.0277802 0.0167190
15 0.5297032 0.5795424 0.0277802 0.0167190
7 0.6711295 0.5795424 0.0277802 0.0167190
33 0.3882770 0.6391737 0.0656622 0.0601886
13 0.3882770 0.6397310 0.0277802 0.0167190
19 0.4577274 0.6397310 0.0277802 0.0167190
21 0.6711295 0.6999196 0.0277802 0.0167191
12 0.2468507 0.5795424 0.0277802 0.0167190
8 0.4577274 0.7601081 0.0277802 0.0167190
8 0.2468507 0.4591653 0.0277802 0.0167191
18 0.4577274 0.5193538 0.0277802 0.0167190
24 0.6711295 0.4591653 0.0277802 0.0167191
16 0.3175639 0.5795424 0.0277802 0.0167190
8 0.3175639 0.6999196 0.0277802 0.0167191
31 0.6004163 0.5795424 0.0277802 0.0167190
26 0.3882770 0.6999196 0.0277802 0.0167191
5 0.3175639 0.7601081 0.0277802 0.0167190
25 0.5297032 0.5193538 0.0277802 0.0167190
3 0.6711295 0.7601081 0.0277802 0.0167190
30 0.6004163 0.5193538 0.0277802 0.0167190
19 0.3175639 0.6397310 0.0277802 0.0167190
6 0.5297032 0.7601081 0.0277802 0.0167190
2 0.3882770 0.7601081 0.0277802 0.0167190
17 0.2468507 0.7601081 0.0277802 0.0167190
16 0.3175639 0.4591653 0.0277802 0.0167191
4 0.6004163 0.6397310 0.0277802 0.0167190
25 0.5297032 0.4591653 0.0277802 0.0167191
4 0.2468507 0.6999196 0.0277802 0.0167191
5 0.4577274 0.4591653 0.0277802 0.0167191
3 0.3882770 0.5795424 0.0277802 0.0167190
6 0.3175639 0.5193538 0.0277802 0.0167190
21 0.5297032 0.6999196 0.0277802 0.0167191
18 0.6711295 0.6397310 0.0277802 0.0167190
27 0.5297032 0.6397310 0.0277802 0.0167190
8 0.3882770 0.4591653 0.0277802 0.0167191
8 0.2468507 0.5193538 0.0277802 0.0167190
14 0.6004163 0.6999196 0.0277802 0.0167191
9 0.4577274 0.6999196 0.0277802 0.0167191
17 0.3882770 0.5193538 0.0277802 0.0167190
