29 0.5302931 0.7614204 0.0261305 0.0164621
13 0.5302931 0.5836290 0.0261305 0.0164621
32 0.5985888 0.5885677 0.4810392 0.4214315
4 0.4637791 0.4651014 0.0261305 0.0164622
30 0.5956194 0.4651014 0.0261305 0.0164622
2 0.7963494 0.4651014 0.0261305 0.0164622
33 0.3972650 0.5238165 0.0617631 0.0592638
5 0.3972650 0.5243652 0.0261305 0.0164622
18 0.5302931 0.5243652 0.0261305 0.0164622
27 0.5956194 0.5836290 0.0261305 0.0164621
16 0.5956194 0.6428928 0.0261305 0.0164622
24 0.4637791 0.7021566 0.0261305 0.0164622
2 0.6633212 0.4651014 0.0261305 0.0164622
5 0.7298353 0.5836290 0.0261305 0.0164621
30 0.3972650 0.4651014 0.0261305 0.0164622
8 0.7963494 0.7614204 0.0261305 0.0164621
3 0.4637791 0.6428928 0.0261305 0.0164622
19 0.7298353 0.7021566 0.0261305 0.0164622
17 0.5956194 0.7021566 0.0261305 0.0164622
10 0.4637791 0.7614204 0.0261305 0.0164621
17 0.5302931 0.6428928 0.0261305 0.0164622
26 0.4637791 0.5836290 0.0261305 0.0164621
16 0.5302931 0.7021566 0.0261305 0.0164622
17 0.7963494 0.5243652 0.0261305 0.0164622
16 0.6633212 0.5243652 0.0261305 0.0164622
17 0.7298353 0.5243652 0.0261305 0.0164622
31 0.3972650 0.7614204 0.0261305 0.0164621
5 0.7963494 0.5836290 0.0261305 0.0164621
4 0.6633212 0.7614204 0.0261305 0.0164621
10 0.5956194 0.7614204 0.0261305 0.0164621
7 0.7298353 0.7614204 0.0261305 0.0164621
16 0.3972650 0.7021566 0.0261305 0.0164622
29 0.5956194 0.5243652 0.0261305 0.0164622
30 0.7298353 0.4651014 0.0261305 0.0164622
17 0.3972650 0.5836290 0.0261305 0.0164621
1 0.6633212 0.5836290 0.0261305 0.0164621
18 0.6633212 0.6428928 0.0261305 0.0164622
26 0.7963494 0.6428928 0.0261305 0.0164622
10 0.7298353 0.6428928 0.0261305 0.0164622
24 0.6633212 0.7021566 0.0261305 0.0164622
21 0.7963494 0.7021566 0.0261305 0.0164622
6 0.4637791 0.5243652 0.0261305 0.0164622
17 0.5302931 0.4651014 0.0261305 0.0164622
12 0.3972650 0.6428928 0.0261305 0.0164622
