4 0.5536134 0.4915723 0.0274659 0.0168713
25 0.3451228 0.5523093 0.0274658 0.0168713
32 0.5567345 0.3751596 0.5056210 0.4319078
3 0.3451228 0.2486241 0.0274658 0.0168714
23 0.4849488 0.2486241 0.0274658 0.0168714
33 0.4849488 0.3087988 0.0649192 0.0607370
4 0.4849488 0.3093611 0.0274658 0.0168714
21 0.4150358 0.3700982 0.0274658 0.0168714
24 0.6247749 0.3700982 0.0274658 0.0168714
1 0.3451228 0.4308352 0.0274658 0.0168714
14 0.4849488 0.4308352 0.0274658 0.0168714
27 0.6247749 0.4915723 0.0274658 0.0168713
22 0.4150358 0.4308352 0.0274658 0.0168714
20 0.6946879 0.4308352 0.0274658 0.0168714
27 0.5536134 0.5523093 0.0274659 0.0168713
5 0.7646009 0.4915723 0.0274658 0.0168713
31 0.4849488 0.5523093 0.0274658 0.0168713
18 0.5536134 0.4308352 0.0274659 0.0168714
26 0.5536134 0.3093611 0.0274659 0.0168714
31 0.7646009 0.4308352 0.0274658 0.0168714
10 0.6946879 0.5523093 0.0274658 0.0168713
20 0.4150358 0.2486241 0.0274658 0.0168714
26 0.5536134 0.3700982 0.0274659 0.0168714
1 0.4150358 0.5523093 0.0274658 0.0168713
2 0.6946879 0.3093611 0.0274658 0.0168714
7 0.6247749 0.2486241 0.0274658 0.0168714
11 0.6247749 0.3093611 0.0274658 0.0168714
1 0.7646009 0.3700982 0.0274658 0.0168714
26 0.4150358 0.4915723 0.0274658 0.0168713
13 0.6247749 0.5523093 0.0274658 0.0168713
21 0.6946879 0.2486241 0.0274658 0.0168714
26 0.4849488 0.3700982 0.0274658 0.0168714
16 0.7646009 0.3093611 0.0274658 0.0168714
16 0.7646009 0.2486241 0.0274658 0.0168714
26 0.4849488 0.4915723 0.0274658 0.0168713
14 0.4150358 0.3093611 0.0274658 0.0168714
7 0.3451228 0.3700982 0.0274658 0.0168714
15 0.7646009 0.5523093 0.0274658 0.0168713
30 0.3451228 0.3093611 0.0274658 0.0168714
6 0.5536134 0.2486241 0.0274659 0.0168714
22 0.6946879 0.3700982 0.0274658 0.0168714
19 0.3451228 0.4915723 0.0274658 0.0168713
3 0.6247749 0.4308352 0.0274658 0.0168714
1 0.6946879 0.4915723 0.0274658 0.0168713
