21 0.3963428 0.2167964 0.0268839 0.0159570
19 0.8069324 0.3891317 0.0268839 0.0159570
32 0.6034706 0.3364737 0.4949072 0.4084985
33 0.4641634 0.2162645 0.0623217 0.0574451
31 0.4647744 0.2167964 0.0268839 0.0159570
9 0.6700693 0.2167964 0.0268839 0.0159570
30 0.3963428 0.2742415 0.0268839 0.0159570
25 0.6700693 0.2742415 0.0268839 0.0159570
4 0.4647744 0.3891317 0.0268839 0.0159570
16 0.6004156 0.4465768 0.0268839 0.0159570
3 0.4647744 0.5040219 0.0268839 0.0159570
29 0.7385008 0.5040219 0.0268839 0.0159570
30 0.5332060 0.3891317 0.0268839 0.0159570
21 0.5332060 0.5040219 0.0268839 0.0159570
30 0.6004156 0.2167964 0.0268839 0.0159570
11 0.5332060 0.2167964 0.0268839 0.0159570
31 0.3963428 0.5040219 0.0268839 0.0159570
10 0.6700693 0.3316866 0.0268839 0.0159570
18 0.4647744 0.4465768 0.0268839 0.0159570
27 0.4647744 0.3316866 0.0268839 0.0159570
31 0.5332060 0.3316866 0.0268839 0.0159570
21 0.7385008 0.2742415 0.0268839 0.0159570
15 0.3963428 0.3891317 0.0268839 0.0159570
13 0.5332060 0.4465768 0.0268839 0.0159570
2 0.7385008 0.3316866 0.0268839 0.0159570
21 0.8069324 0.3316866 0.0268839 0.0159570
29 0.6004156 0.2742415 0.0268839 0.0159570
13 0.3963428 0.4465768 0.0268839 0.0159570
31 0.3963428 0.3316866 0.0268839 0.0159570
26 0.6004156 0.5040219 0.0268839 0.0159570
27 0.7385008 0.2167964 0.0268839 0.0159570
18 0.8069324 0.4465768 0.0268839 0.0159570
6 0.8069324 0.2742415 0.0268839 0.0159570
7 0.6004156 0.3891317 0.0268839 0.0159570
19 0.4647744 0.2742415 0.0268839 0.0159570
2 0.7385008 0.4465768 0.0268839 0.0159570
30 0.8069324 0.2167964 0.0268839 0.0159570
27 0.7385008 0.3891317 0.0268839 0.0159570
6 0.8069324 0.5040219 0.0268839 0.0159570
17 0.6700693 0.4465768 0.0268839 0.0159570
10 0.5332060 0.2742415 0.0268839 0.0159570
31 0.6700693 0.3891317 0.0268839 0.0159570
21 0.6004156 0.3316866 0.0268839 0.0159570
28 0.6700693 0.5040219 0.0268839 0.0159570
