12 0.5471490 0.3154495 0.0275563 0.0170644
8 0.1964327 0.4383134 0.0275563 0.0170644
32 0.3385981 0.4434327 0.5072861 0.4368493
22 0.4770058 0.3154495 0.0275563 0.0170644
33 0.4062362 0.3763126 0.0663856 0.0614319
31 0.4068625 0.3768814 0.0275563 0.0170644
9 0.4770058 0.3768814 0.0275563 0.0170644
16 0.3354667 0.4383134 0.0275563 0.0170644
3 0.4770058 0.4383134 0.0275563 0.0170644
13 0.2665760 0.4997453 0.0275563 0.0170645
30 0.4770058 0.4997453 0.0275563 0.0170645
5 0.1964327 0.6226092 0.0275563 0.0170644
18 0.4770058 0.6226092 0.0275563 0.0170644
24 0.4770058 0.5611772 0.0275563 0.0170644
27 0.2665760 0.3768814 0.0275563 0.0170644
3 0.5471490 0.3768814 0.0275563 0.0170644
8 0.2665760 0.6226092 0.0275563 0.0170644
20 0.2665760 0.3154495 0.0275563 0.0170644
3 0.3354667 0.4997453 0.0275563 0.0170645
27 0.3354667 0.3154495 0.0275563 0.0170644
17 0.1262894 0.6226092 0.0275563 0.0170644
8 0.3354667 0.6226092 0.0275563 0.0170644
19 0.1262894 0.3768814 0.0275563 0.0170644
22 0.5471490 0.6226092 0.0275563 0.0170644
29 0.2665760 0.5611772 0.0275563 0.0170644
31 0.1262894 0.3154495 0.0275563 0.0170644
17 0.4068625 0.5611772 0.0275563 0.0170644
15 0.5471490 0.5611772 0.0275563 0.0170644
24 0.5471490 0.4997453 0.0275563 0.0170645
13 0.4068625 0.4383134 0.0275563 0.0170644
25 0.1964327 0.5611772 0.0275563 0.0170644
17 0.4068625 0.6226092 0.0275563 0.0170644
25 0.3354667 0.3768814 0.0275563 0.0170644
29 0.1964327 0.3154495 0.0275563 0.0170644
10 0.2665760 0.4383134 0.0275563 0.0170644
24 0.1964327 0.4997453 0.0275563 0.0170645
31 0.3354667 0.5611772 0.0275563 0.0170644
1 0.1964327 0.3768814 0.0275563 0.0170644
29 0.1262894 0.4997453 0.0275563 0.0170645
18 0.4068625 0.3154495 0.0275563 0.0170644
25 0.5471490 0.4383134 0.0275563 0.0170644
30 0.1262894 0.4383134 0.0275563 0.0170644
6 0.4068625 0.4997453 0.0275563 0.0170645
9 0.1262894 0.5611772 0.0275563 0.0170644
