2 0.5239512 0.4032811 0.0276176 0.0173186
24 0.4536518 0.4032811 0.0276176 0.0173186
32 0.3149360 0.4708236 0.5084153 0.4433557
29 0.3833524 0.3409342 0.0276176 0.0173186
17 0.4536518 0.3409342 0.0276176 0.0173186
13 0.3117976 0.4656280 0.0276176 0.0173186
11 0.1724541 0.5279750 0.0276176 0.0173186
14 0.4536518 0.5279750 0.0276176 0.0173186
23 0.3117976 0.5903219 0.0276176 0.0173186
31 0.3117976 0.6526687 0.0276176 0.0173186
33 0.5239512 0.6520915 0.0652780 0.0623469
17 0.5239512 0.6526687 0.0276176 0.0173186
21 0.1724541 0.4032811 0.0276176 0.0173186
18 0.1724541 0.3409342 0.0276176 0.0173186
15 0.4536518 0.5903219 0.0276176 0.0173186
6 0.2427536 0.6526687 0.0276176 0.0173186
21 0.2427536 0.4656280 0.0276176 0.0173186
2 0.1021547 0.5279750 0.0276176 0.0173186
2 0.2427536 0.4032811 0.0276176 0.0173186
13 0.1021547 0.6526687 0.0276176 0.0173186
29 0.2427536 0.3409342 0.0276176 0.0173186
17 0.4536518 0.4656280 0.0276176 0.0173186
3 0.3117976 0.5279750 0.0276176 0.0173186
5 0.1021547 0.5903219 0.0276176 0.0173186
9 0.3117976 0.4032811 0.0276176 0.0173186
20 0.3833524 0.6526687 0.0276176 0.0173186
3 0.2427536 0.5903219 0.0276176 0.0173186
13 0.3833524 0.5903219 0.0276176 0.0173186
12 0.5239512 0.4656280 0.0276176 0.0173186
21 0.5239512 0.5903219 0.0276176 0.0173186
6 0.3833524 0.5279750 0.0276176 0.0173186
2 0.4536518 0.6526687 0.0276176 0.0173186
29 0.1724541 0.6526687 0.0276176 0.0173186
1 0.1021547 0.3409342 0.0276176 0.0173186
20 0.2427536 0.5279750 0.0276176 0.0173186
7 0.3833524 0.4032811 0.0276176 0.0173186
27 0.1724541 0.5903219 0.0276176 0.0173186
12 0.5239512 0.5279750 0.0276176 0.0173186
19 0.3117976 0.3409342 0.0276176 0.0173186
27 0.1021547 0.4032811 0.0276176 0.0173186
18 0.1724541 0.4656280 0.0276176 0.0173186
13 0.5239512 0.3409342 0.0276176 0.0173186
11 0.1021547 0.4656280 0.0276176 0.0173186
24 0.3833524 0.4656280 0.0276176 0.0173186
