13 0.4112769 0.3829226 0.0271537 0.0168664
19 0.2718057 0.5650790 0.0271537 0.0168663
32 0.2748914 0.4487013 0.4998742 0.4317782
21 0.2039216 0.3222038 0.0271537 0.0168664
31 0.1348032 0.3829226 0.0271537 0.0168664
25 0.4112769 0.4436414 0.0271537 0.0168663
8 0.0656848 0.5043602 0.0271537 0.0168663
11 0.0656848 0.5650790 0.0271537 0.0168663
34 0.3415413 0.5645168 0.0654156 0.0607188
30 0.3421584 0.5650790 0.0271537 0.0168663
14 0.4112769 0.5650790 0.0271537 0.0168663
2 0.4803952 0.6257978 0.0271537 0.0168664
14 0.3421584 0.4436414 0.0271537 0.0168663
26 0.0656848 0.3829226 0.0271537 0.0168664
13 0.4803952 0.3829226 0.0271537 0.0168664
6 0.3421584 0.3829226 0.0271537 0.0168664
21 0.2718057 0.5043602 0.0271537 0.0168663
22 0.3421584 0.6257978 0.0271537 0.0168664
13 0.2718057 0.6257978 0.0271537 0.0168664
2 0.2718057 0.3829226 0.0271537 0.0168664
19 0.4112769 0.5043602 0.0271537 0.0168663
28 0.2718057 0.3222038 0.0271537 0.0168664
17 0.0656848 0.4436414 0.0271537 0.0168663
3 0.4803952 0.5043602 0.0271537 0.0168663
1 0.3421584 0.5043602 0.0271537 0.0168663
15 0.0656848 0.3222038 0.0271537 0.0168664
14 0.0656848 0.6257978 0.0271537 0.0168664
25 0.2039216 0.4436414 0.0271537 0.0168663
15 0.2039216 0.6257978 0.0271537 0.0168664
21 0.4112769 0.6257978 0.0271537 0.0168664
6 0.1348032 0.6257978 0.0271537 0.0168664
29 0.4803952 0.3222038 0.0271537 0.0168664
5 0.4803952 0.4436414 0.0271537 0.0168663
31 0.4803952 0.5650790 0.0271537 0.0168663
16 0.4112769 0.3222038 0.0271537 0.0168664
18 0.1348032 0.4436414 0.0271537 0.0168663
18 0.1348032 0.3222038 0.0271537 0.0168664
14 0.2718057 0.4436414 0.0271537 0.0168663
13 0.2039216 0.3829226 0.0271537 0.0168664
27 0.2039216 0.5650790 0.0271537 0.0168663
31 0.1348032 0.5650790 0.0271537 0.0168663
14 0.3421584 0.3222038 0.0271537 0.0168664
16 0.1348032 0.5043602 0.0271537 0.0168663
14 0.2039216 0.5043602 0.0271537 0.0168663
