16 0.3368308 0.7910723 0.0262600 0.0159505
25 0.4036744 0.6188064 0.0262600 0.0159505
32 0.5391521 0.6235916 0.4834227 0.4083338
33 0.3368308 0.5034309 0.0620691 0.0574219
27 0.3368308 0.5039625 0.0262600 0.0159505
30 0.5361681 0.5039625 0.0262600 0.0159505
26 0.6710489 0.5613845 0.0262600 0.0159505
18 0.4036744 0.6762284 0.0262600 0.0159505
13 0.5361681 0.6762284 0.0262600 0.0159505
20 0.6710489 0.6762284 0.0262600 0.0159505
22 0.7378926 0.6762284 0.0262600 0.0159505
14 0.5361681 0.7336503 0.0262600 0.0159505
5 0.4705181 0.6188064 0.0262600 0.0159505
12 0.7378926 0.7336503 0.0262600 0.0159505
29 0.3368308 0.6762284 0.0262600 0.0159505
22 0.6710489 0.7910723 0.0262600 0.0159505
21 0.3368308 0.6188064 0.0262600 0.0159505
29 0.6042053 0.5039625 0.0262600 0.0159505
18 0.4036744 0.7910723 0.0262600 0.0159505
20 0.4036744 0.5039625 0.0262600 0.0159505
13 0.6710489 0.7336503 0.0262600 0.0159505
9 0.4705181 0.7910723 0.0262600 0.0159505
24 0.4705181 0.7336503 0.0262600 0.0159505
22 0.5361681 0.7910723 0.0262600 0.0159505
30 0.7378926 0.6188064 0.0262600 0.0159505
18 0.6042053 0.5613845 0.0262600 0.0159505
25 0.4036744 0.7336503 0.0262600 0.0159505
2 0.4705181 0.6762284 0.0262600 0.0159505
10 0.7378926 0.5613845 0.0262600 0.0159505
25 0.6042053 0.6762284 0.0262600 0.0159505
10 0.6042053 0.7336503 0.0262600 0.0159505
1 0.6710489 0.6188064 0.0262600 0.0159505
27 0.3368308 0.5613845 0.0262600 0.0159505
31 0.7378926 0.7910723 0.0262600 0.0159505
17 0.5361681 0.6188064 0.0262600 0.0159505
1 0.6710489 0.5039625 0.0262600 0.0159505
20 0.4036744 0.5613845 0.0262600 0.0159505
1 0.4705181 0.5613845 0.0262600 0.0159505
11 0.3368308 0.7336503 0.0262600 0.0159505
19 0.6042053 0.7910723 0.0262600 0.0159505
7 0.4705181 0.5039625 0.0262600 0.0159505
25 0.7378926 0.5039625 0.0262600 0.0159505
19 0.6042053 0.6188064 0.0262600 0.0159505
21 0.5361681 0.5613845 0.0262600 0.0159505
