28 0.6045190 0.5630764 0.0286420 0.0173876
8 0.3857989 0.5630764 0.0286419 0.0173876
32 0.5335652 0.6308880 0.5272720 0.4451217
22 0.4587056 0.5630764 0.0286419 0.0173876
27 0.5303104 0.5630764 0.0286419 0.0173876
12 0.3128921 0.6256717 0.0286419 0.0173876
25 0.3128921 0.6882669 0.0286419 0.0173876
26 0.6774258 0.6882669 0.0286420 0.0173876
15 0.3128921 0.7508622 0.0286419 0.0173876
33 0.6767748 0.7502826 0.0663972 0.0625952
12 0.6774258 0.7508622 0.0286420 0.0173876
24 0.6774258 0.8134574 0.0286420 0.0173876
16 0.5303104 0.6882669 0.0286419 0.0173876
1 0.5303104 0.6256717 0.0286419 0.0173876
29 0.4587056 0.8134574 0.0286419 0.0173876
26 0.5303104 0.7508622 0.0286419 0.0173876
1 0.6774258 0.5630764 0.0286420 0.0173876
28 0.3857989 0.7508622 0.0286419 0.0173876
14 0.3128921 0.5004812 0.0286419 0.0173876
24 0.7503325 0.7508622 0.0286419 0.0173876
14 0.7503325 0.6256717 0.0286419 0.0173876
21 0.3857989 0.6256717 0.0286419 0.0173876
6 0.7503325 0.5630764 0.0286419 0.0173876
25 0.6045190 0.7508622 0.0286420 0.0173876
16 0.3857989 0.6882669 0.0286419 0.0173876
2 0.3128921 0.5630764 0.0286419 0.0173876
2 0.7503325 0.6882669 0.0286419 0.0173876
1 0.6774258 0.6256717 0.0286420 0.0173876
24 0.6774258 0.5004812 0.0286420 0.0173876
17 0.3857989 0.5004812 0.0286419 0.0173876
14 0.6045190 0.5004812 0.0286420 0.0173876
1 0.7503325 0.5004812 0.0286419 0.0173876
14 0.6045190 0.8134574 0.0286420 0.0173876
2 0.3128921 0.8134574 0.0286419 0.0173876
10 0.5303104 0.8134574 0.0286419 0.0173876
4 0.6045190 0.6256717 0.0286420 0.0173876
13 0.4587056 0.7508622 0.0286419 0.0173876
8 0.6045190 0.6882669 0.0286420 0.0173876
5 0.4587056 0.5004812 0.0286419 0.0173876
14 0.5303104 0.5004812 0.0286419 0.0173876
9 0.7503325 0.8134574 0.0286419 0.0173876
6 0.4587056 0.6882669 0.0286419 0.0173876
5 0.4587056 0.6256717 0.0286419 0.0173876
3 0.3857989 0.8134574 0.0286419 0.0173876
