28 0.4828772 0.5512357 0.0286700 0.0164105
24 0.5545523 0.3149243 0.0286700 0.0164105
32 0.5578102 0.3789253 0.5277891 0.4201091
22 0.3369207 0.2558465 0.0286700 0.0164105
2 0.6288337 0.2558465 0.0286700 0.0164105
17 0.3369207 0.3149243 0.0286700 0.0164105
1 0.6288337 0.3740021 0.0286700 0.0164105
29 0.3369207 0.4330800 0.0286700 0.0164105
33 0.7011604 0.4325330 0.0664623 0.0590778
4 0.7018120 0.4330800 0.0286700 0.0164105
25 0.3369207 0.4921578 0.0286700 0.0164105
19 0.4828772 0.4921578 0.0286700 0.0164105
2 0.5545523 0.3740021 0.0286700 0.0164105
11 0.4098990 0.3149243 0.0286700 0.0164105
19 0.7747902 0.3740021 0.0286700 0.0164105
1 0.6288337 0.4330800 0.0286700 0.0164105
15 0.6288337 0.4921578 0.0286700 0.0164105
12 0.7747902 0.4921578 0.0286700 0.0164105
20 0.7018120 0.4921578 0.0286700 0.0164105
13 0.4828772 0.4330800 0.0286700 0.0164105
22 0.4828772 0.3149243 0.0286700 0.0164105
5 0.7747902 0.5512357 0.0286700 0.0164105
4 0.3369207 0.3740021 0.0286700 0.0164105
29 0.7018120 0.5512357 0.0286700 0.0164105
16 0.3369207 0.5512357 0.0286700 0.0164105
22 0.7018120 0.2558465 0.0286700 0.0164105
6 0.7747902 0.4330800 0.0286700 0.0164105
25 0.7747902 0.3149243 0.0286700 0.0164105
2 0.4098990 0.3740021 0.0286700 0.0164105
29 0.6288337 0.3149243 0.0286700 0.0164105
13 0.5545523 0.4330800 0.0286700 0.0164105
3 0.4828772 0.3740021 0.0286700 0.0164105
13 0.4098990 0.2558465 0.0286700 0.0164105
27 0.5545523 0.5512357 0.0286700 0.0164105
31 0.4098990 0.4921578 0.0286700 0.0164105
16 0.7018120 0.3740021 0.0286700 0.0164105
28 0.6288337 0.5512357 0.0286700 0.0164105
25 0.5545523 0.4921578 0.0286700 0.0164105
8 0.4098990 0.4330800 0.0286700 0.0164105
30 0.4828772 0.2558465 0.0286700 0.0164105
14 0.4098990 0.5512357 0.0286700 0.0164105
8 0.7747902 0.2558465 0.0286700 0.0164105
12 0.5545523 0.2558465 0.0286700 0.0164105
25 0.7018120 0.3149243 0.0286700 0.0164105
