22 0.4754559 0.2808912 0.0268881 0.0159258
29 0.4070134 0.4528897 0.0268881 0.0159258
32 0.5457317 0.4003346 0.4949858 0.4077002
22 0.6807834 0.2808912 0.0268881 0.0159258
26 0.3385709 0.3955569 0.0268881 0.0159258
33 0.6117298 0.3950260 0.0647759 0.0573328
22 0.6123409 0.3955569 0.0268881 0.0159258
6 0.6123409 0.5102225 0.0268881 0.0159258
25 0.5426762 0.5675554 0.0268881 0.0159258
27 0.6123409 0.5675554 0.0268881 0.0159258
29 0.7492258 0.5675554 0.0268881 0.0159258
13 0.4754559 0.3955569 0.0268881 0.0159258
4 0.6807834 0.4528897 0.0268881 0.0159258
24 0.6123409 0.2808912 0.0268881 0.0159258
22 0.3385709 0.5675554 0.0268881 0.0159258
8 0.4754559 0.3382240 0.0268881 0.0159258
30 0.4754559 0.5102225 0.0268881 0.0159258
5 0.6807834 0.5675554 0.0268881 0.0159258
12 0.7492258 0.3382240 0.0268881 0.0159258
24 0.6123409 0.4528897 0.0268881 0.0159258
29 0.4070134 0.3955569 0.0268881 0.0159258
14 0.4070134 0.3382240 0.0268881 0.0159258
14 0.6123409 0.3382240 0.0268881 0.0159258
28 0.5426762 0.3382240 0.0268881 0.0159258
27 0.4070134 0.5102225 0.0268881 0.0159258
9 0.7492258 0.5102225 0.0268881 0.0159258
18 0.7492258 0.4528897 0.0268881 0.0159258
27 0.6807834 0.5102225 0.0268881 0.0159258
31 0.3385709 0.2808912 0.0268881 0.0159258
14 0.6807834 0.3382240 0.0268881 0.0159258
2 0.5426762 0.4528897 0.0268881 0.0159258
25 0.3385709 0.4528897 0.0268881 0.0159258
12 0.4754559 0.4528897 0.0268881 0.0159258
26 0.7492258 0.2808912 0.0268881 0.0159258
15 0.3385709 0.3382240 0.0268881 0.0159258
29 0.6807834 0.3955569 0.0268881 0.0159258
6 0.7492258 0.3955569 0.0268881 0.0159258
3 0.5426762 0.3955569 0.0268881 0.0159258
21 0.3385709 0.5102225 0.0268881 0.0159258
9 0.4070134 0.2808912 0.0268881 0.0159258
15 0.4754559 0.5675554 0.0268881 0.0159258
14 0.5426762 0.5102225 0.0268881 0.0159258
10 0.4070134 0.5675554 0.0268881 0.0159258
6 0.5426762 0.2808912 0.0268881 0.0159258
