2 0.7804639 0.3229321 0.0266246 0.0159735
22 0.3738340 0.4379418 0.0266246 0.0159736
32 0.5789643 0.4427339 0.4901344 0.4089232
33 0.7120872 0.3223997 0.0617207 0.0575048
3 0.7126923 0.3229321 0.0266246 0.0159735
17 0.5093773 0.4379418 0.0266246 0.0159736
7 0.3738340 0.4954466 0.0266246 0.0159736
13 0.5093773 0.4954466 0.0266246 0.0159736
16 0.5093773 0.5529515 0.0266246 0.0159736
27 0.6449207 0.6104563 0.0266245 0.0159736
9 0.7804639 0.6104563 0.0266246 0.0159736
31 0.5759387 0.4379418 0.0266246 0.0159736
12 0.3738340 0.6104563 0.0266246 0.0159736
25 0.7804639 0.5529515 0.0266246 0.0159736
27 0.5759387 0.5529515 0.0266246 0.0159736
10 0.4416056 0.5529515 0.0266246 0.0159736
15 0.5093773 0.6104563 0.0266246 0.0159736
16 0.6449207 0.5529515 0.0266245 0.0159736
21 0.7804639 0.4954466 0.0266246 0.0159736
29 0.4416056 0.3804370 0.0266246 0.0159736
14 0.5093773 0.3804370 0.0266246 0.0159736
1 0.5759387 0.3229321 0.0266246 0.0159735
9 0.3738340 0.3804370 0.0266246 0.0159736
15 0.5093773 0.3229321 0.0266246 0.0159735
9 0.4416056 0.3229321 0.0266246 0.0159735
24 0.7126923 0.6104563 0.0266246 0.0159736
19 0.6449207 0.4379418 0.0266245 0.0159736
30 0.3738340 0.5529515 0.0266246 0.0159736
26 0.5759387 0.6104563 0.0266246 0.0159736
19 0.7126923 0.5529515 0.0266246 0.0159736
1 0.7126923 0.4954466 0.0266246 0.0159736
30 0.5759387 0.3804370 0.0266246 0.0159736
25 0.4416056 0.6104563 0.0266246 0.0159736
4 0.7804639 0.4379418 0.0266246 0.0159736
9 0.4416056 0.4379418 0.0266246 0.0159736
19 0.7126923 0.3804370 0.0266246 0.0159736
8 0.6449207 0.3229321 0.0266245 0.0159735
21 0.6449207 0.3804370 0.0266245 0.0159736
14 0.7126923 0.4379418 0.0266246 0.0159736
17 0.7804639 0.3804370 0.0266246 0.0159736
28 0.4416056 0.4954466 0.0266246 0.0159736
31 0.3738340 0.3229321 0.0266246 0.0159735
18 0.6449207 0.4954466 0.0266245 0.0159736
25 0.5759387 0.4954466 0.0266246 0.0159736
