13 0.6890488 0.7349331 0.0288664 0.0161868
19 0.8360050 0.6766606 0.0288664 0.0161868
32 0.6175388 0.6232441 0.5314043 0.4143829
34 0.6142585 0.5595759 0.0682298 0.0582726
6 0.6142585 0.5601154 0.0288664 0.0161868
6 0.6890488 0.5601154 0.0288664 0.0161868
16 0.7625269 0.5601154 0.0288664 0.0161868
22 0.3951363 0.6183880 0.0288664 0.0161868
9 0.4686143 0.6183880 0.0288664 0.0161868
2 0.8360050 0.6183880 0.0288664 0.0161868
19 0.6890488 0.7932058 0.0288664 0.0161869
22 0.7625269 0.6183880 0.0288664 0.0161868
20 0.3951363 0.5601154 0.0288664 0.0161868
31 0.3951363 0.5018429 0.0288664 0.0161868
2 0.8360050 0.5018429 0.0288664 0.0161868
2 0.3951363 0.7932058 0.0288664 0.0161869
25 0.3951363 0.6766606 0.0288664 0.0161868
6 0.6890488 0.6183880 0.0288664 0.0161868
2 0.7625269 0.5018429 0.0288664 0.0161868
11 0.4686143 0.5601154 0.0288664 0.0161868
12 0.4686143 0.7349331 0.0288664 0.0161868
18 0.8360050 0.7932058 0.0288664 0.0161869
19 0.5420925 0.7349331 0.0288664 0.0161868
17 0.5420925 0.5018429 0.0288664 0.0161868
5 0.8360050 0.7349331 0.0288664 0.0161868
3 0.3951363 0.7349331 0.0288664 0.0161868
17 0.5420925 0.5601154 0.0288664 0.0161868
16 0.6142585 0.5018429 0.0288664 0.0161868
18 0.6142585 0.6183880 0.0288664 0.0161868
10 0.7625269 0.7349331 0.0288664 0.0161868
22 0.8360050 0.5601154 0.0288664 0.0161868
3 0.6142585 0.7349331 0.0288664 0.0161868
4 0.5420925 0.7932058 0.0288664 0.0161869
22 0.4686143 0.6766606 0.0288664 0.0161868
6 0.5420925 0.6766606 0.0288664 0.0161868
26 0.6890488 0.6766606 0.0288664 0.0161868
12 0.5420925 0.6183880 0.0288664 0.0161868
8 0.4686143 0.7932058 0.0288664 0.0161869
26 0.4686143 0.5018429 0.0288664 0.0161868
20 0.6890488 0.5018429 0.0288664 0.0161868
15 0.7625269 0.6766606 0.0288664 0.0161868
20 0.6142585 0.7932058 0.0288664 0.0161869
28 0.6142585 0.6766606 0.0288664 0.0161868
27 0.7625269 0.7932058 0.0288664 0.0161869
