4 0.3590282 0.4873850 0.0275661 0.0168666
22 0.3590282 0.3659455 0.0275661 0.0168666
32 0.3621608 0.3710055 0.5074670 0.4317846
24 0.4304495 0.3052258 0.0275661 0.0168666
8 0.1497764 0.3659455 0.0275661 0.0168666
15 0.3590282 0.4266652 0.0275661 0.0168666
34 0.4298230 0.4261030 0.0664093 0.0607197
28 0.4304495 0.4266652 0.0275661 0.0168666
18 0.1497764 0.4873850 0.0275661 0.0168666
7 0.5707861 0.4873850 0.0275661 0.0168666
22 0.3590282 0.5481047 0.0275661 0.0168666
3 0.4304495 0.3659455 0.0275661 0.0168666
4 0.5006178 0.3052258 0.0275661 0.0168666
19 0.1497764 0.5481047 0.0275661 0.0168666
17 0.2901130 0.3659455 0.0275661 0.0168666
9 0.5707861 0.5481047 0.0275661 0.0168666
28 0.5006178 0.3659455 0.0275661 0.0168666
6 0.2199447 0.2445061 0.0275661 0.0168666
29 0.2901130 0.3052258 0.0275661 0.0168666
2 0.2199447 0.3052258 0.0275661 0.0168666
12 0.4304495 0.4873850 0.0275661 0.0168666
29 0.5707861 0.3659455 0.0275661 0.0168666
18 0.4304495 0.2445061 0.0275661 0.0168666
1 0.2901130 0.4266652 0.0275661 0.0168666
3 0.5006178 0.4873850 0.0275661 0.0168666
12 0.5707861 0.2445061 0.0275661 0.0168666
26 0.5006178 0.2445061 0.0275661 0.0168666
20 0.2199447 0.4873850 0.0275661 0.0168666
5 0.3590282 0.3052258 0.0275661 0.0168666
12 0.5006178 0.5481047 0.0275661 0.0168666
11 0.1497764 0.3052258 0.0275661 0.0168666
17 0.4304495 0.5481047 0.0275661 0.0168666
13 0.3590282 0.2445061 0.0275661 0.0168666
12 0.2199447 0.3659455 0.0275661 0.0168666
14 0.1497764 0.4266652 0.0275661 0.0168666
6 0.5006178 0.4266652 0.0275661 0.0168666
6 0.1497764 0.2445061 0.0275661 0.0168666
14 0.2901130 0.2445061 0.0275661 0.0168666
30 0.2901130 0.5481047 0.0275661 0.0168666
28 0.2199447 0.4266652 0.0275661 0.0168666
17 0.5707861 0.3052258 0.0275661 0.0168666
11 0.2901130 0.4873850 0.0275661 0.0168666
2 0.2199447 0.5481047 0.0275661 0.0168666
7 0.5707861 0.4266652 0.0275661 0.0168666
