11 0.6475092 0.5374005 0.0272031 0.0158971
19 0.3705322 0.4229407 0.0272031 0.0158972
32 0.4416312 0.5421697 0.5007845 0.4069684
15 0.5090207 0.4229407 0.0272031 0.0158972
13 0.3705322 0.4801706 0.0272031 0.0158972
12 0.6475092 0.4801706 0.0272031 0.0158972
34 0.3705322 0.5368707 0.0642982 0.0572300
6 0.3705322 0.5374005 0.0272031 0.0158971
14 0.3012879 0.5946305 0.0272031 0.0158972
9 0.6475092 0.6518604 0.0272031 0.0158972
20 0.4385399 0.7090904 0.0272031 0.0158972
16 0.5090207 0.4801706 0.0272031 0.0158972
11 0.5090207 0.5946305 0.0272031 0.0158972
21 0.5782649 0.5374005 0.0272031 0.0158971
4 0.3705322 0.6518604 0.0272031 0.0158972
1 0.4385399 0.5946305 0.0272031 0.0158972
28 0.3012879 0.6518604 0.0272031 0.0158972
2 0.5090207 0.6518604 0.0272031 0.0158972
29 0.3012879 0.4801706 0.0272031 0.0158972
31 0.5090207 0.5374005 0.0272031 0.0158971
14 0.3012879 0.4229407 0.0272031 0.0158972
31 0.5782649 0.5946305 0.0272031 0.0158972
8 0.2320436 0.6518604 0.0272031 0.0158972
10 0.2320436 0.4229407 0.0272031 0.0158972
28 0.4385399 0.4229407 0.0272031 0.0158972
7 0.2320436 0.5946305 0.0272031 0.0158972
30 0.5782649 0.4229407 0.0272031 0.0158972
7 0.2320436 0.7090904 0.0272031 0.0158972
22 0.6475092 0.7090904 0.0272031 0.0158972
28 0.3705322 0.5946305 0.0272031 0.0158972
29 0.5090207 0.7090904 0.0272031 0.0158972
14 0.4385399 0.6518604 0.0272031 0.0158972
7 0.4385399 0.4801706 0.0272031 0.0158972
14 0.4385399 0.5374005 0.0272031 0.0158971
30 0.5782649 0.6518604 0.0272031 0.0158972
5 0.5782649 0.4801706 0.0272031 0.0158972
28 0.6475092 0.4229407 0.0272031 0.0158972
4 0.2320436 0.4801706 0.0272031 0.0158972
9 0.3705322 0.7090904 0.0272031 0.0158972
19 0.5782649 0.7090904 0.0272031 0.0158972
28 0.3012879 0.5374005 0.0272031 0.0158971
6 0.3012879 0.7090904 0.0272031 0.0158972
12 0.2320436 0.5374005 0.0272031 0.0158971
26 0.6475092 0.5946305 0.0272031 0.0158972
