6 0.6578277 0.4410306 0.0270204 0.0166883
26 0.4502623 0.6212641 0.0270203 0.0166883
32 0.4533328 0.5061149 0.4974200 0.4272202
30 0.2451534 0.3809528 0.0270203 0.0166883
16 0.3827114 0.5011084 0.0270203 0.0166883
17 0.6578277 0.5011084 0.0270204 0.0166883
20 0.5890487 0.6212641 0.0270203 0.0166883
24 0.3827114 0.6813420 0.0270203 0.0166883
3 0.5202696 0.6813420 0.0270203 0.0166883
34 0.6578277 0.6807857 0.0638663 0.0600778
6 0.6578277 0.6813420 0.0270204 0.0166883
29 0.4502623 0.3809528 0.0270203 0.0166883
26 0.3827114 0.4410306 0.0270203 0.0166883
27 0.5202696 0.5011084 0.0270203 0.0166883
10 0.3139324 0.5011084 0.0270203 0.0166883
19 0.6578277 0.3809528 0.0270204 0.0166883
26 0.5202696 0.4410306 0.0270203 0.0166883
15 0.5202696 0.5611863 0.0270203 0.0166883
1 0.5890487 0.6813420 0.0270203 0.0166883
25 0.3139324 0.6212641 0.0270203 0.0166883
26 0.6578277 0.5611863 0.0270204 0.0166883
1 0.3827114 0.6212641 0.0270203 0.0166883
5 0.3139324 0.5611863 0.0270203 0.0166883
28 0.6578277 0.6212641 0.0270204 0.0166883
19 0.5202696 0.3809528 0.0270203 0.0166883
17 0.2451534 0.6813420 0.0270203 0.0166883
12 0.3139324 0.6813420 0.0270203 0.0166883
15 0.4502623 0.5011084 0.0270203 0.0166883
17 0.2451534 0.6212641 0.0270203 0.0166883
8 0.3139324 0.4410306 0.0270203 0.0166883
21 0.5890487 0.3809528 0.0270203 0.0166883
5 0.4502623 0.4410306 0.0270203 0.0166883
22 0.5202696 0.6212641 0.0270203 0.0166883
12 0.5890487 0.5611863 0.0270203 0.0166883
6 0.2451534 0.4410306 0.0270203 0.0166883
13 0.2451534 0.5011084 0.0270203 0.0166883
22 0.3827114 0.3809528 0.0270203 0.0166883
7 0.5890487 0.4410306 0.0270203 0.0166883
26 0.5890487 0.5011084 0.0270203 0.0166883
2 0.3139324 0.3809528 0.0270203 0.0166883
17 0.4502623 0.5611863 0.0270203 0.0166883
29 0.4502623 0.6813420 0.0270203 0.0166883
1 0.3827114 0.5611863 0.0270203 0.0166883
26 0.2451534 0.5611863 0.0270203 0.0166883
