3 0.8515466 0.4661200 0.0288516 0.0174537
25 0.7046655 0.5289535 0.0288516 0.0174537
32 0.6331921 0.3456892 0.5311323 0.4468159
11 0.8515466 0.2147860 0.0288516 0.0174537
10 0.4843439 0.2776196 0.0288516 0.0174537
5 0.4843439 0.3404530 0.0288516 0.0174537
21 0.7046655 0.4032865 0.0288516 0.0174537
8 0.6299136 0.4661200 0.0288516 0.0174537
31 0.4109034 0.5289535 0.0288516 0.0174537
33 0.7774503 0.5283717 0.0668833 0.0628335
31 0.7781061 0.5289535 0.0288516 0.0174537
25 0.4109034 0.4032865 0.0288516 0.0174537
29 0.7046655 0.2776196 0.0288516 0.0174537
2 0.6299136 0.2776196 0.0288516 0.0174537
14 0.4843439 0.2147860 0.0288516 0.0174537
28 0.7781061 0.4032865 0.0288516 0.0174537
5 0.5577845 0.4032865 0.0288516 0.0174537
5 0.8515466 0.4032865 0.0288516 0.0174537
24 0.5577845 0.2147860 0.0288516 0.0174537
17 0.7781061 0.2147860 0.0288516 0.0174537
10 0.4109034 0.2147860 0.0288516 0.0174537
28 0.5577845 0.5289535 0.0288516 0.0174537
11 0.4109034 0.2776196 0.0288516 0.0174537
9 0.4843439 0.4661200 0.0288516 0.0174537
29 0.6299136 0.5289535 0.0288516 0.0174537
8 0.4109034 0.4661200 0.0288516 0.0174537
28 0.7781061 0.4661200 0.0288516 0.0174537
18 0.6299136 0.3404530 0.0288516 0.0174537
4 0.4843439 0.5289535 0.0288516 0.0174537
28 0.5577845 0.2776196 0.0288516 0.0174537
8 0.8515466 0.3404530 0.0288516 0.0174537
10 0.5577845 0.4661200 0.0288516 0.0174537
8 0.5577845 0.3404530 0.0288516 0.0174537
10 0.7046655 0.3404530 0.0288516 0.0174537
14 0.7046655 0.4661200 0.0288516 0.0174537
20 0.8515466 0.2776196 0.0288516 0.0174537
9 0.6299136 0.2147860 0.0288516 0.0174537
4 0.4109034 0.3404530 0.0288516 0.0174537
19 0.7781061 0.3404530 0.0288516 0.0174537
17 0.7781061 0.2776196 0.0288516 0.0174537
7 0.4843439 0.4032865 0.0288516 0.0174537
25 0.6299136 0.4032865 0.0288516 0.0174537
20 0.8515466 0.5289535 0.0288516 0.0174537
24 0.7046655 0.2147860 0.0288516 0.0174537
