18 0.3440060 0.3023467 0.0279807 0.0158949
15 0.3440060 0.5312340 0.0279807 0.0158950
32 0.2746903 0.4215588 0.5150989 0.4069108
25 0.4152296 0.3023467 0.0279807 0.0158949
9 0.3440060 0.3595685 0.0279807 0.0158949
6 0.1303354 0.4167904 0.0279807 0.0158950
2 0.3440060 0.4167904 0.0279807 0.0158950
34 0.2715107 0.4734824 0.0661362 0.0572218
11 0.2715107 0.4740122 0.0279807 0.0158950
4 0.4864532 0.5312340 0.0279807 0.0158950
7 0.4864532 0.5884559 0.0279807 0.0158949
25 0.0591119 0.3023467 0.0279807 0.0158949
13 0.2715107 0.5884559 0.0279807 0.0158949
1 0.2015590 0.5884559 0.0279807 0.0158949
21 0.2715107 0.3595685 0.0279807 0.0158949
18 0.4864532 0.4167904 0.0279807 0.0158950
11 0.4864532 0.3023467 0.0279807 0.0158949
3 0.1303354 0.5884559 0.0279807 0.0158949
30 0.2015590 0.3595685 0.0279807 0.0158949
22 0.0591119 0.4740122 0.0279807 0.0158950
16 0.4152296 0.5884559 0.0279807 0.0158949
5 0.4152296 0.4740122 0.0279807 0.0158950
21 0.0591119 0.5884559 0.0279807 0.0158949
21 0.4152296 0.3595685 0.0279807 0.0158949
1 0.0591119 0.5312340 0.0279807 0.0158950
22 0.0591119 0.4167904 0.0279807 0.0158950
7 0.1303354 0.4740122 0.0279807 0.0158950
25 0.2015590 0.4167904 0.0279807 0.0158950
28 0.3440060 0.5884559 0.0279807 0.0158949
28 0.2015590 0.5312340 0.0279807 0.0158950
1 0.2715107 0.5312340 0.0279807 0.0158950
1 0.4864532 0.3595685 0.0279807 0.0158949
24 0.2715107 0.4167904 0.0279807 0.0158950
21 0.2015590 0.4740122 0.0279807 0.0158950
21 0.4152296 0.5312340 0.0279807 0.0158950
18 0.1303354 0.3595685 0.0279807 0.0158949
20 0.4864532 0.4740122 0.0279807 0.0158950
11 0.1303354 0.3023467 0.0279807 0.0158949
5 0.1303354 0.5312340 0.0279807 0.0158950
17 0.2015590 0.3023467 0.0279807 0.0158949
5 0.3440060 0.4740122 0.0279807 0.0158950
9 0.2715107 0.3023467 0.0279807 0.0158949
30 0.4152296 0.4167904 0.0279807 0.0158950
13 0.0591119 0.3595685 0.0279807 0.0158949
