25 0.5135336 0.5727342 0.0284132 0.0168340
26 0.3675929 0.5727342 0.0284132 0.0168340
32 0.3708217 0.5777845 0.5230619 0.4309510
19 0.5135336 0.5121318 0.0284132 0.0168340
15 0.4412090 0.5727342 0.0284132 0.0168340
8 0.5858582 0.5727342 0.0284132 0.0168340
4 0.3675929 0.6333367 0.0284132 0.0168340
16 0.2965598 0.7545417 0.0284132 0.0168340
9 0.3675929 0.7545417 0.0284132 0.0168340
33 0.5128879 0.7539806 0.0658670 0.0606025
21 0.5135336 0.7545417 0.0284132 0.0168340
20 0.4412090 0.6333367 0.0284132 0.0168340
24 0.5858582 0.4515293 0.0284132 0.0168340
14 0.4412090 0.7545417 0.0284132 0.0168340
21 0.2965598 0.4515293 0.0284132 0.0168340
24 0.2242352 0.7545417 0.0284132 0.0168340
30 0.5135336 0.6939392 0.0284132 0.0168340
15 0.2965598 0.5121318 0.0284132 0.0168340
10 0.1519106 0.6333367 0.0284132 0.0168340
4 0.5858582 0.7545417 0.0284132 0.0168340
25 0.1519106 0.4515293 0.0284132 0.0168340
22 0.2242352 0.5121318 0.0284132 0.0168340
20 0.3675929 0.6939392 0.0284132 0.0168340
28 0.5135336 0.6333367 0.0284132 0.0168340
20 0.2242352 0.4515293 0.0284132 0.0168340
1 0.5858582 0.6333367 0.0284132 0.0168340
17 0.2965598 0.6939392 0.0284132 0.0168340
19 0.1519106 0.7545417 0.0284132 0.0168340
25 0.2242352 0.6939392 0.0284132 0.0168340
6 0.5858582 0.6939392 0.0284132 0.0168340
22 0.2965598 0.6333367 0.0284132 0.0168340
6 0.3675929 0.5121318 0.0284132 0.0168340
16 0.4412090 0.6939392 0.0284132 0.0168340
25 0.1519106 0.5121318 0.0284132 0.0168340
3 0.5135336 0.4515293 0.0284132 0.0168340
26 0.1519106 0.6939392 0.0284132 0.0168340
21 0.2242352 0.5727342 0.0284132 0.0168340
4 0.3675929 0.4515293 0.0284132 0.0168340
13 0.1519106 0.5727342 0.0284132 0.0168340
9 0.2242352 0.6333367 0.0284132 0.0168340
15 0.5858582 0.5121318 0.0284132 0.0168340
11 0.2965598 0.5727342 0.0284132 0.0168340
11 0.4412090 0.4515293 0.0284132 0.0168340
19 0.4412090 0.5121318 0.0284132 0.0168340
