29 0.7143396 0.4951430 0.0268261 0.0163150
21 0.7826244 0.4364092 0.0268262 0.0163150
32 0.6478840 0.4413036 0.4938451 0.4176629
17 0.5777702 0.3189414 0.0268262 0.0163150
33 0.6448355 0.3183976 0.0634073 0.0587339
8 0.6448355 0.3189414 0.0268262 0.0163150
13 0.4412006 0.3776753 0.0268262 0.0163150
26 0.7143396 0.3776753 0.0268261 0.0163150
18 0.4412006 0.4364092 0.0268262 0.0163150
8 0.7826244 0.4951430 0.0268262 0.0163150
29 0.7826244 0.5538769 0.0268262 0.0163149
22 0.6448355 0.4364092 0.0268262 0.0163150
31 0.5777702 0.4364092 0.0268262 0.0163150
9 0.8509091 0.5538769 0.0268262 0.0163149
17 0.4412006 0.3189414 0.0268262 0.0163150
27 0.5094854 0.5538769 0.0268262 0.0163149
9 0.5777702 0.4951430 0.0268262 0.0163150
28 0.5094854 0.4951430 0.0268262 0.0163150
7 0.7143396 0.4364092 0.0268261 0.0163150
19 0.5094854 0.3189414 0.0268262 0.0163150
12 0.4412006 0.4951430 0.0268262 0.0163150
16 0.8509091 0.4951430 0.0268262 0.0163150
17 0.8509091 0.4364092 0.0268262 0.0163150
17 0.6448355 0.5538769 0.0268262 0.0163149
11 0.8509091 0.6126107 0.0268262 0.0163150
15 0.7826244 0.6126107 0.0268262 0.0163150
5 0.5777702 0.3776753 0.0268262 0.0163150
18 0.7143396 0.5538769 0.0268261 0.0163149
26 0.5777702 0.6126107 0.0268262 0.0163150
13 0.7143396 0.6126107 0.0268261 0.0163150
7 0.5094854 0.6126107 0.0268262 0.0163150
30 0.8509091 0.3776753 0.0268262 0.0163150
29 0.7826244 0.3776753 0.0268262 0.0163150
5 0.5777702 0.5538769 0.0268262 0.0163149
2 0.7143396 0.3189414 0.0268261 0.0163150
1 0.8509091 0.3189414 0.0268262 0.0163150
11 0.7826244 0.3189414 0.0268262 0.0163150
21 0.6448355 0.3776753 0.0268262 0.0163150
4 0.4412006 0.5538769 0.0268262 0.0163149
16 0.5094854 0.4364092 0.0268262 0.0163150
12 0.6448355 0.4951430 0.0268262 0.0163150
9 0.4412006 0.6126107 0.0268262 0.0163150
26 0.5094854 0.3776753 0.0268262 0.0163150
4 0.6448355 0.6126107 0.0268262 0.0163150
