11 0.3443890 0.4047833 0.0278009 0.0171313
30 0.0613259 0.5281290 0.0278008 0.0171313
32 0.2755188 0.3482499 0.5117883 0.4385625
10 0.0613259 0.2197647 0.0278008 0.0171313
34 0.3437572 0.2191937 0.0669748 0.0616728
28 0.3443890 0.2197647 0.0278009 0.0171313
1 0.2028575 0.2814376 0.0278008 0.0171313
7 0.4151548 0.2814376 0.0278008 0.0171313
31 0.3443890 0.3431104 0.0278009 0.0171313
26 0.2028575 0.4047833 0.0278008 0.0171313
16 0.4151548 0.5281290 0.0278008 0.0171313
29 0.0613259 0.2814376 0.0278008 0.0171313
24 0.1320917 0.3431104 0.0278008 0.0171313
13 0.1320917 0.2197647 0.0278008 0.0171313
12 0.2028575 0.2197647 0.0278008 0.0171313
2 0.4859206 0.4047833 0.0278008 0.0171313
8 0.0613259 0.4664562 0.0278008 0.0171313
9 0.2028575 0.4664562 0.0278008 0.0171313
6 0.2723596 0.4047833 0.0278008 0.0171313
8 0.4859206 0.3431104 0.0278008 0.0171313
29 0.4859206 0.2197647 0.0278008 0.0171313
15 0.4859206 0.5281290 0.0278008 0.0171313
6 0.3443890 0.5281290 0.0278009 0.0171313
1 0.4151548 0.4047833 0.0278008 0.0171313
13 0.2723596 0.2814376 0.0278008 0.0171313
2 0.2723596 0.3431104 0.0278008 0.0171313
26 0.2028575 0.3431104 0.0278008 0.0171313
22 0.1320917 0.5281290 0.0278008 0.0171313
20 0.1320917 0.4664562 0.0278008 0.0171313
4 0.4151548 0.2197647 0.0278008 0.0171313
9 0.2028575 0.5281290 0.0278008 0.0171313
27 0.4151548 0.4664562 0.0278008 0.0171313
24 0.0613259 0.3431104 0.0278008 0.0171313
30 0.3443890 0.2814376 0.0278009 0.0171313
9 0.0613259 0.4047833 0.0278008 0.0171313
21 0.2723596 0.4664562 0.0278008 0.0171313
12 0.4859206 0.4664562 0.0278008 0.0171313
11 0.1320917 0.2814376 0.0278008 0.0171313
4 0.1320917 0.4047833 0.0278008 0.0171313
29 0.2723596 0.5281290 0.0278008 0.0171313
20 0.4151548 0.3431104 0.0278008 0.0171313
10 0.2723596 0.2197647 0.0278008 0.0171313
9 0.4859206 0.2814376 0.0278008 0.0171313
9 0.3443890 0.4664562 0.0278009 0.0171313
