1 0.2992651 0.6461806 0.0274430 0.0160067
7 0.7183947 0.4733083 0.0274431 0.0160067
32 0.5107010 0.5357344 0.5052008 0.4097713
13 0.5786848 0.4156843 0.0274430 0.0160067
27 0.6485397 0.5309324 0.0274430 0.0160067
7 0.4389750 0.5885565 0.0274430 0.0160067
6 0.5075825 0.6461806 0.0274430 0.0160067
33 0.2992651 0.7032711 0.0648653 0.0576240
28 0.2992651 0.7038047 0.0274430 0.0160067
16 0.3691200 0.7038047 0.0274430 0.0160067
10 0.4389750 0.7038047 0.0274430 0.0160067
28 0.3691200 0.4733083 0.0274430 0.0160067
20 0.2992651 0.5309324 0.0274430 0.0160067
16 0.5786848 0.5309324 0.0274430 0.0160067
30 0.5786848 0.4733083 0.0274430 0.0160067
1 0.4389750 0.5309324 0.0274430 0.0160067
30 0.5786848 0.7038047 0.0274430 0.0160067
8 0.2992651 0.4733083 0.0274430 0.0160067
2 0.5075825 0.5309324 0.0274430 0.0160067
4 0.2992651 0.4156843 0.0274430 0.0160067
8 0.7183947 0.5885565 0.0274431 0.0160067
28 0.6485397 0.4156843 0.0274430 0.0160067
27 0.5075825 0.5885565 0.0274430 0.0160067
8 0.4389750 0.6461806 0.0274430 0.0160067
21 0.3691200 0.4156843 0.0274430 0.0160067
18 0.7183947 0.6461806 0.0274431 0.0160067
24 0.5075825 0.4156843 0.0274430 0.0160067
4 0.6485397 0.6461806 0.0274430 0.0160067
25 0.7183947 0.4156843 0.0274431 0.0160067
26 0.5075825 0.4733083 0.0274430 0.0160067
26 0.5075825 0.7038047 0.0274430 0.0160067
15 0.7183947 0.7038047 0.0274431 0.0160067
18 0.2992651 0.5885565 0.0274430 0.0160067
13 0.3691200 0.5309324 0.0274430 0.0160067
21 0.6485397 0.4733083 0.0274430 0.0160067
6 0.5786848 0.5885565 0.0274430 0.0160067
21 0.6485397 0.7038047 0.0274430 0.0160067
28 0.4389750 0.4733083 0.0274430 0.0160067
13 0.4389750 0.4156843 0.0274430 0.0160067
18 0.3691200 0.5885565 0.0274430 0.0160067
5 0.7183947 0.5309324 0.0274431 0.0160067
22 0.3691200 0.6461806 0.0274430 0.0160067
16 0.5786848 0.6461806 0.0274430 0.0160067
20 0.6485397 0.5885565 0.0274430 0.0160067
