12 0.4880014 0.7641233 0.0275399 0.0163725
1 0.8385094 0.5283597 0.0275399 0.0163724
32 0.6300823 0.5922123 0.5069847 0.4191352
25 0.4880014 0.4694188 0.0275399 0.0163725
1 0.6983063 0.4694188 0.0275399 0.0163725
26 0.4178999 0.5873006 0.0275399 0.0163725
30 0.5581031 0.5873006 0.0275399 0.0163725
34 0.4873756 0.6456958 0.0638425 0.0589409
17 0.4880014 0.6462415 0.0275399 0.0163725
5 0.8385094 0.6462415 0.0275399 0.0163725
11 0.7684078 0.7051824 0.0275398 0.0163725
26 0.8385094 0.4694188 0.0275399 0.0163725
14 0.4178999 0.7641233 0.0275399 0.0163725
8 0.6269528 0.7051824 0.0275399 0.0163725
18 0.7684078 0.5873006 0.0275398 0.0163725
1 0.7684078 0.4694188 0.0275398 0.0163725
28 0.6269528 0.5873006 0.0275399 0.0163725
29 0.6269528 0.6462415 0.0275399 0.0163725
28 0.6983063 0.7051824 0.0275399 0.0163725
13 0.8385094 0.5873006 0.0275399 0.0163725
18 0.7684078 0.6462415 0.0275398 0.0163725
14 0.4880014 0.7051824 0.0275399 0.0163725
17 0.7684078 0.5283597 0.0275398 0.0163724
31 0.7684078 0.7641233 0.0275398 0.0163725
7 0.5581031 0.7051824 0.0275399 0.0163725
25 0.6983063 0.7641233 0.0275399 0.0163725
3 0.4178999 0.6462415 0.0275399 0.0163725
25 0.4880014 0.5873006 0.0275399 0.0163725
20 0.8385094 0.7051824 0.0275399 0.0163725
9 0.6269528 0.5283597 0.0275399 0.0163724
22 0.5581031 0.7641233 0.0275399 0.0163725
14 0.5581031 0.5283597 0.0275399 0.0163724
14 0.6269528 0.7641233 0.0275399 0.0163725
7 0.6983063 0.5873006 0.0275399 0.0163725
7 0.4178999 0.4694188 0.0275399 0.0163725
17 0.6983063 0.5283597 0.0275399 0.0163724
5 0.8385094 0.7641233 0.0275399 0.0163725
26 0.6983063 0.6462415 0.0275399 0.0163725
31 0.4880014 0.5283597 0.0275399 0.0163724
25 0.4178999 0.7051824 0.0275399 0.0163725
13 0.5581031 0.4694188 0.0275399 0.0163725
27 0.5581031 0.6462415 0.0275399 0.0163725
18 0.4178999 0.5283597 0.0275399 0.0163724
22 0.6269528 0.4694188 0.0275399 0.0163725
