20 0.4100410 0.3619887 0.0262655 0.0174059
30 0.4100410 0.5499720 0.0262655 0.0174059
32 0.4130257 0.4298716 0.4835248 0.4455902
26 0.6118081 0.2993275 0.0262655 0.0174058
13 0.6118081 0.3619887 0.0262655 0.0174059
1 0.4780926 0.4246498 0.0262656 0.0174059
3 0.3443771 0.5499720 0.0262655 0.0174059
22 0.5449503 0.5499720 0.0262656 0.0174059
33 0.2769224 0.6120530 0.0608883 0.0626611
15 0.2775193 0.6126331 0.0262656 0.0174059
25 0.4100410 0.6126331 0.0262655 0.0174059
15 0.2775193 0.2993275 0.0262656 0.0174058
4 0.2106616 0.4873109 0.0262655 0.0174058
18 0.4100410 0.4246498 0.0262655 0.0174059
24 0.5449503 0.2993275 0.0262656 0.0174058
13 0.2106616 0.3619887 0.0262655 0.0174059
13 0.5449503 0.4246498 0.0262656 0.0174059
9 0.4100410 0.2993275 0.0262655 0.0174058
31 0.4100410 0.4873109 0.0262655 0.0174058
27 0.6118081 0.6126331 0.0262655 0.0174059
28 0.2775193 0.3619887 0.0262656 0.0174059
17 0.4780926 0.6126331 0.0262656 0.0174059
16 0.2106616 0.5499720 0.0262655 0.0174059
4 0.3443771 0.4873109 0.0262655 0.0174058
21 0.2775193 0.4873109 0.0262656 0.0174058
11 0.2106616 0.4246498 0.0262655 0.0174059
17 0.2106616 0.6126331 0.0262655 0.0174059
29 0.3443771 0.4246498 0.0262655 0.0174059
16 0.5449503 0.6126331 0.0262656 0.0174059
15 0.2775193 0.4246498 0.0262656 0.0174059
1 0.3443771 0.2993275 0.0262655 0.0174058
18 0.3443771 0.6126331 0.0262655 0.0174059
13 0.6118081 0.4246498 0.0262655 0.0174059
25 0.4780926 0.2993275 0.0262656 0.0174058
26 0.3443771 0.3619887 0.0262655 0.0174059
21 0.4780926 0.4873109 0.0262656 0.0174058
18 0.4780926 0.5499720 0.0262656 0.0174059
2 0.5449503 0.3619887 0.0262656 0.0174059
29 0.6118081 0.4873109 0.0262655 0.0174058
29 0.5449503 0.4873109 0.0262656 0.0174058
10 0.6118081 0.5499720 0.0262655 0.0174059
7 0.2106616 0.2993275 0.0262655 0.0174058
14 0.4780926 0.3619887 0.0262656 0.0174059
28 0.2775193 0.5499720 0.0262656 0.0174059
