10 0.3425938 0.2783352 0.0275932 0.0167661
18 0.2033738 0.2783352 0.0275931 0.0167661
32 0.3457294 0.4040809 0.5079648 0.4292117
1 0.2736109 0.2783352 0.0275932 0.0167661
11 0.4140852 0.2783352 0.0275932 0.0167661
15 0.1331367 0.3386932 0.0275932 0.0167661
18 0.1331367 0.3990510 0.0275932 0.0167661
33 0.5545594 0.3984922 0.0652201 0.0603579
31 0.5545594 0.3990510 0.0275932 0.0167661
10 0.4843223 0.4594089 0.0275932 0.0167661
24 0.1331367 0.5197668 0.0275932 0.0167661
10 0.3425938 0.5197668 0.0275932 0.0167661
3 0.2033738 0.3386932 0.0275931 0.0167661
29 0.4843223 0.3990510 0.0275932 0.0167661
24 0.4140852 0.3990510 0.0275932 0.0167661
8 0.4140852 0.3386932 0.0275932 0.0167661
15 0.3425938 0.5801247 0.0275932 0.0167661
25 0.2736109 0.4594089 0.0275932 0.0167661
24 0.4843223 0.3386932 0.0275932 0.0167661
25 0.4843223 0.5801247 0.0275932 0.0167661
29 0.4140852 0.4594089 0.0275932 0.0167661
8 0.5545594 0.5801247 0.0275932 0.0167661
25 0.2033738 0.5197668 0.0275931 0.0167661
8 0.2033738 0.3990510 0.0275931 0.0167661
15 0.4843223 0.2783352 0.0275932 0.0167661
24 0.2033738 0.5801247 0.0275931 0.0167661
10 0.4140852 0.5197668 0.0275932 0.0167661
30 0.5545594 0.4594089 0.0275932 0.0167661
20 0.2736109 0.3386932 0.0275932 0.0167661
7 0.3425938 0.4594089 0.0275932 0.0167661
28 0.1331367 0.4594089 0.0275932 0.0167661
1 0.2033738 0.4594089 0.0275931 0.0167661
21 0.1331367 0.2783352 0.0275932 0.0167661
11 0.1331367 0.5801247 0.0275932 0.0167661
1 0.2736109 0.3990510 0.0275932 0.0167661
12 0.2736109 0.5197668 0.0275932 0.0167661
29 0.5545594 0.3386932 0.0275932 0.0167661
5 0.3425938 0.3990510 0.0275932 0.0167661
22 0.5545594 0.2783352 0.0275932 0.0167661
30 0.5545594 0.5197668 0.0275932 0.0167661
20 0.2736109 0.5801247 0.0275932 0.0167661
9 0.3425938 0.3386932 0.0275932 0.0167661
30 0.4843223 0.5197668 0.0275932 0.0167661
14 0.4140852 0.5801247 0.0275932 0.0167661
