29 0.4050028 0.6573610 0.0269246 0.0174078
29 0.4735382 0.5320252 0.0269246 0.0174078
32 0.3383032 0.4745796 0.4956577 0.4456385
15 0.1993967 0.3440215 0.0269246 0.0174077
8 0.4050028 0.3440215 0.0269246 0.0174077
20 0.4735382 0.4066894 0.0269246 0.0174078
1 0.5420736 0.4066894 0.0269246 0.0174078
19 0.3352436 0.4693573 0.0269246 0.0174078
34 0.2679321 0.5941129 0.0636400 0.0626679
6 0.2679321 0.5946931 0.0269246 0.0174078
5 0.1308613 0.6573610 0.0269246 0.0174078
6 0.1308613 0.5946931 0.0269246 0.0174078
16 0.4735382 0.3440215 0.0269246 0.0174077
22 0.2679321 0.3440215 0.0269246 0.0174077
18 0.2679321 0.6573610 0.0269246 0.0174078
15 0.4050028 0.5320252 0.0269246 0.0174078
14 0.5420736 0.5320252 0.0269246 0.0174078
14 0.2679321 0.4693573 0.0269246 0.0174078
9 0.2679321 0.5320252 0.0269246 0.0174078
4 0.5420736 0.6573610 0.0269246 0.0174078
15 0.2679321 0.4066894 0.0269246 0.0174078
7 0.5420736 0.4693573 0.0269246 0.0174078
4 0.4050028 0.4693573 0.0269246 0.0174078
29 0.1308613 0.4066894 0.0269246 0.0174078
28 0.3352436 0.4066894 0.0269246 0.0174078
1 0.1308613 0.4693573 0.0269246 0.0174078
1 0.3352436 0.3440215 0.0269246 0.0174077
1 0.4735382 0.4693573 0.0269246 0.0174078
21 0.3352436 0.5946931 0.0269246 0.0174078
8 0.4735382 0.5946931 0.0269246 0.0174078
19 0.1993967 0.5320252 0.0269246 0.0174078
30 0.4050028 0.4066894 0.0269246 0.0174078
22 0.1993967 0.4066894 0.0269246 0.0174078
2 0.5420736 0.5946931 0.0269246 0.0174078
25 0.1308613 0.3440215 0.0269246 0.0174077
6 0.1993967 0.4693573 0.0269246 0.0174078
26 0.5420736 0.3440215 0.0269246 0.0174077
25 0.4735382 0.6573610 0.0269246 0.0174078
15 0.1308613 0.5320252 0.0269246 0.0174078
15 0.1993967 0.6573610 0.0269246 0.0174078
11 0.3352436 0.5320252 0.0269246 0.0174078
15 0.1993967 0.5946931 0.0269246 0.0174078
26 0.3352436 0.6573610 0.0269246 0.0174078
16 0.4050028 0.5946931 0.0269246 0.0174078
