21 0.1212331 0.6650191 0.0282043 0.0167055
3 0.3366113 0.7852985 0.0282043 0.0167055
32 0.2667416 0.6098912 0.5192153 0.4276599
3 0.0494404 0.5447398 0.0282043 0.0167055
21 0.4084040 0.6048796 0.0282043 0.0167055
2 0.0494404 0.6650191 0.0282043 0.0167055
23 0.3366113 0.6650191 0.0282043 0.0167055
6 0.3366113 0.7251588 0.0282043 0.0167055
34 0.4077630 0.7847417 0.0653827 0.0601396
7 0.4084040 0.7852985 0.0282043 0.0167055
25 0.4801968 0.7852985 0.0282043 0.0167055
11 0.0494404 0.7852985 0.0282043 0.0167055
8 0.4801968 0.5447398 0.0282043 0.0167055
1 0.4084040 0.7251588 0.0282043 0.0167055
24 0.4801968 0.4846002 0.0282043 0.0167055
8 0.2635366 0.6650191 0.0282043 0.0167055
30 0.1930258 0.6650191 0.0282043 0.0167055
8 0.1930258 0.6048796 0.0282043 0.0167055
12 0.0494404 0.4846002 0.0282043 0.0167055
11 0.0494404 0.7251588 0.0282043 0.0167055
2 0.4801968 0.6048796 0.0282043 0.0167055
21 0.1930258 0.7251588 0.0282043 0.0167055
2 0.2635366 0.5447398 0.0282043 0.0167055
27 0.0494404 0.6048796 0.0282043 0.0167055
4 0.1930258 0.5447398 0.0282043 0.0167055
13 0.1212331 0.7251588 0.0282043 0.0167055
28 0.1212331 0.4846002 0.0282043 0.0167055
22 0.2635366 0.7251588 0.0282043 0.0167055
21 0.2635366 0.4846002 0.0282043 0.0167055
30 0.1930258 0.7852985 0.0282043 0.0167055
21 0.3366113 0.6048796 0.0282043 0.0167055
18 0.4801968 0.7251588 0.0282043 0.0167055
18 0.1212331 0.7852985 0.0282043 0.0167055
28 0.4801968 0.6650191 0.0282043 0.0167055
21 0.1212331 0.5447398 0.0282043 0.0167055
17 0.4084040 0.6650191 0.0282043 0.0167055
18 0.3366113 0.5447398 0.0282043 0.0167055
19 0.1930258 0.4846002 0.0282043 0.0167055
21 0.4084040 0.4846002 0.0282043 0.0167055
2 0.3366113 0.4846002 0.0282043 0.0167055
8 0.2635366 0.7852985 0.0282043 0.0167055
18 0.2635366 0.6048796 0.0282043 0.0167055
3 0.4084040 0.5447398 0.0282043 0.0167055
13 0.1212331 0.6048796 0.0282043 0.0167055
