18 0.3915755 0.4447855 0.0267196 0.0161311
4 0.7316426 0.5028575 0.0267195 0.0161312
32 0.5294241 0.3915527 0.4918828 0.4129570
4 0.6636292 0.2705692 0.0267196 0.0161312
33 0.5950085 0.3281036 0.0643698 0.0580721
3 0.5956158 0.3286413 0.0267196 0.0161312
26 0.7316426 0.3867134 0.0267195 0.0161311
30 0.4595889 0.4447855 0.0267196 0.0161311
11 0.5956158 0.4447855 0.0267196 0.0161311
25 0.4595889 0.5609296 0.0267196 0.0161311
12 0.6636292 0.5609296 0.0267196 0.0161311
9 0.3235620 0.3867134 0.0267196 0.0161311
22 0.7316426 0.4447855 0.0267195 0.0161311
6 0.5263878 0.3286413 0.0267196 0.0161312
31 0.3915755 0.5028575 0.0267196 0.0161312
11 0.4595889 0.3867134 0.0267196 0.0161311
5 0.3235620 0.2705692 0.0267196 0.0161312
1 0.3915755 0.3867134 0.0267196 0.0161311
20 0.5956158 0.3867134 0.0267196 0.0161311
28 0.5956158 0.2705692 0.0267196 0.0161312
19 0.3915755 0.2705692 0.0267196 0.0161312
22 0.5263878 0.4447855 0.0267196 0.0161311
5 0.5263878 0.5028575 0.0267196 0.0161312
4 0.3915755 0.3286413 0.0267196 0.0161312
8 0.6636292 0.3867134 0.0267196 0.0161311
3 0.7316426 0.5609296 0.0267195 0.0161311
12 0.3915755 0.5609296 0.0267196 0.0161311
13 0.6636292 0.4447855 0.0267196 0.0161311
21 0.3235620 0.5609296 0.0267196 0.0161311
17 0.6636292 0.5028575 0.0267196 0.0161312
14 0.7316426 0.2705692 0.0267195 0.0161312
27 0.3235620 0.4447855 0.0267196 0.0161311
22 0.5263878 0.2705692 0.0267196 0.0161312
6 0.6636292 0.3286413 0.0267196 0.0161312
22 0.3235620 0.5028575 0.0267196 0.0161312
13 0.4595889 0.2705692 0.0267196 0.0161312
31 0.5956158 0.5609296 0.0267196 0.0161311
30 0.3235620 0.3286413 0.0267196 0.0161312
11 0.7316426 0.3286413 0.0267195 0.0161312
3 0.5956158 0.5028575 0.0267196 0.0161312
22 0.4595889 0.3286413 0.0267196 0.0161312
15 0.5263878 0.3867134 0.0267196 0.0161311
19 0.4595889 0.5028575 0.0267196 0.0161312
29 0.5263878 0.5609296 0.0267196 0.0161311
