7 0.5865497 0.4444643 0.0268782 0.0167236
17 0.5181325 0.5046695 0.0268782 0.0167236
32 0.6567995 0.4494814 0.4948030 0.4281259
14 0.6537452 0.3240539 0.0268782 0.0167237
3 0.8602185 0.3842591 0.0268781 0.0167236
16 0.8602185 0.4444643 0.0268781 0.0167236
33 0.5865497 0.5041121 0.0635303 0.0602052
30 0.5865497 0.5046695 0.0268782 0.0167236
31 0.5865497 0.5648747 0.0268782 0.0167236
6 0.7233841 0.5648747 0.0268781 0.0167236
15 0.4497153 0.6250800 0.0268782 0.0167236
1 0.8602185 0.6250800 0.0268781 0.0167236
13 0.5181325 0.4444643 0.0268782 0.0167236
10 0.5865497 0.3240539 0.0268782 0.0167237
25 0.7233841 0.3842591 0.0268781 0.0167236
5 0.4497153 0.5046695 0.0268782 0.0167236
9 0.7233841 0.4444643 0.0268781 0.0167236
6 0.5181325 0.3240539 0.0268782 0.0167237
19 0.8602185 0.5046695 0.0268781 0.0167236
6 0.6537452 0.5648747 0.0268782 0.0167236
8 0.7918013 0.6250800 0.0268781 0.0167236
21 0.7233841 0.6250800 0.0268781 0.0167236
16 0.7918013 0.4444643 0.0268781 0.0167236
18 0.6537452 0.6250800 0.0268782 0.0167236
18 0.5181325 0.3842591 0.0268782 0.0167236
14 0.5181325 0.6250800 0.0268782 0.0167236
10 0.4497153 0.4444643 0.0268782 0.0167236
28 0.4497153 0.3240539 0.0268782 0.0167237
25 0.5865497 0.6250800 0.0268782 0.0167236
25 0.7918013 0.3842591 0.0268781 0.0167236
28 0.7918013 0.5046695 0.0268781 0.0167236
9 0.4497153 0.3842591 0.0268782 0.0167236
11 0.5865497 0.3842591 0.0268782 0.0167236
26 0.5181325 0.5648747 0.0268782 0.0167236
5 0.6537452 0.5046695 0.0268782 0.0167236
14 0.8602185 0.5648747 0.0268781 0.0167236
29 0.7918013 0.3240539 0.0268781 0.0167237
8 0.8602185 0.3240539 0.0268781 0.0167237
24 0.7918013 0.5648747 0.0268781 0.0167236
17 0.6537452 0.3842591 0.0268782 0.0167236
11 0.7233841 0.5046695 0.0268781 0.0167236
2 0.6537452 0.4444643 0.0268782 0.0167236
26 0.4497153 0.5648747 0.0268782 0.0167236
10 0.7233841 0.3240539 0.0268781 0.0167237
