28 0.3766478 0.6099387 0.0269060 0.0160736
4 0.5124009 0.4363438 0.0269060 0.0160736
32 0.5154584 0.4411659 0.4953155 0.4114840
26 0.3766478 0.3206139 0.0269060 0.0160736
20 0.4451358 0.3206139 0.0269061 0.0160736
2 0.6506000 0.3206139 0.0269061 0.0160736
9 0.5124009 0.3784789 0.0269060 0.0160736
33 0.5815005 0.4358080 0.0648190 0.0578649
22 0.5821120 0.4363438 0.0269060 0.0160736
13 0.3081597 0.4942087 0.0269060 0.0160736
3 0.4451358 0.4942087 0.0269061 0.0160736
3 0.3081597 0.6099387 0.0269060 0.0160736
19 0.7190881 0.4942087 0.0269061 0.0160736
24 0.3081597 0.3206139 0.0269060 0.0160736
26 0.5821120 0.5520737 0.0269060 0.0160735
9 0.6506000 0.3784789 0.0269061 0.0160736
29 0.5821120 0.3784789 0.0269060 0.0160736
8 0.3766478 0.4942087 0.0269060 0.0160736
29 0.3081597 0.4363438 0.0269060 0.0160736
29 0.3081597 0.5520737 0.0269060 0.0160735
10 0.7190881 0.4363438 0.0269061 0.0160736
21 0.3081597 0.3784789 0.0269060 0.0160736
28 0.5821120 0.3206139 0.0269060 0.0160736
1 0.6506000 0.6099387 0.0269061 0.0160736
11 0.3766478 0.4363438 0.0269060 0.0160736
31 0.7190881 0.5520737 0.0269061 0.0160735
30 0.3766478 0.3784789 0.0269060 0.0160736
18 0.5124009 0.3206139 0.0269060 0.0160736
26 0.5821120 0.6099387 0.0269060 0.0160736
12 0.6506000 0.5520737 0.0269061 0.0160735
29 0.4451358 0.6099387 0.0269061 0.0160736
25 0.6506000 0.4363438 0.0269061 0.0160736
1 0.3766478 0.5520737 0.0269060 0.0160735
18 0.6506000 0.4942087 0.0269061 0.0160736
16 0.4451358 0.3784789 0.0269061 0.0160736
25 0.5124009 0.4942087 0.0269060 0.0160736
28 0.5124009 0.5520737 0.0269060 0.0160735
11 0.7190881 0.3206139 0.0269061 0.0160736
11 0.5124009 0.6099387 0.0269060 0.0160736
4 0.7190881 0.6099387 0.0269061 0.0160736
13 0.7190881 0.3784789 0.0269061 0.0160736
7 0.5821120 0.4942087 0.0269060 0.0160736
12 0.4451358 0.5520737 0.0269061 0.0160735
27 0.4451358 0.4363438 0.0269061 0.0160736
