25 0.4369948 0.4838378 0.0270709 0.0166094
31 0.0924562 0.3642498 0.0270709 0.0166094
32 0.3010251 0.3692327 0.4983505 0.4252017
7 0.0924562 0.2446619 0.0270709 0.0166094
11 0.5059026 0.3642498 0.0270709 0.0166094
22 0.4369948 0.4240439 0.0270709 0.0166094
13 0.0924562 0.4838378 0.0270709 0.0166094
34 0.1607487 0.4832842 0.0627552 0.0597940
15 0.1613639 0.4838378 0.0270709 0.0166094
10 0.2302716 0.5436318 0.0270709 0.0166094
25 0.2979489 0.5436318 0.0270709 0.0166094
2 0.1613639 0.5436318 0.0270709 0.0166094
15 0.5059026 0.4240439 0.0270709 0.0166094
14 0.2979489 0.2446619 0.0270709 0.0166094
15 0.5059026 0.2446619 0.0270709 0.0166094
18 0.5059026 0.3044558 0.0270709 0.0166094
8 0.2302716 0.4240439 0.0270709 0.0166094
6 0.0924562 0.4240439 0.0270709 0.0166094
31 0.0924562 0.3044558 0.0270709 0.0166094
22 0.4369948 0.3044558 0.0270709 0.0166094
1 0.3680871 0.4838378 0.0270709 0.0166094
13 0.2302716 0.2446619 0.0270709 0.0166094
4 0.2302716 0.4838378 0.0270709 0.0166094
13 0.1613639 0.4240439 0.0270709 0.0166094
7 0.5059026 0.4838378 0.0270709 0.0166094
26 0.2302716 0.3044558 0.0270709 0.0166094
28 0.2979489 0.3642498 0.0270709 0.0166094
2 0.3680871 0.2446619 0.0270709 0.0166094
6 0.1613639 0.3642498 0.0270709 0.0166094
27 0.2979489 0.4240439 0.0270709 0.0166094
19 0.1613639 0.2446619 0.0270709 0.0166094
27 0.3680871 0.3044558 0.0270709 0.0166094
27 0.3680871 0.5436318 0.0270709 0.0166094
6 0.2302716 0.3642498 0.0270709 0.0166094
19 0.2979489 0.4838378 0.0270709 0.0166094
31 0.1613639 0.3044558 0.0270709 0.0166094
24 0.0924562 0.5436318 0.0270709 0.0166094
5 0.4369948 0.5436318 0.0270709 0.0166094
3 0.4369948 0.3642498 0.0270709 0.0166094
31 0.3680871 0.4240439 0.0270709 0.0166094
24 0.4369948 0.2446619 0.0270709 0.0166094
18 0.5059026 0.5436318 0.0270709 0.0166094
15 0.3680871 0.3642498 0.0270709 0.0166094
5 0.2979489 0.3044558 0.0270709 0.0166094
