5 0.1841914 0.4287246 0.0272481 0.0169737
7 0.3922681 0.4287246 0.0272481 0.0169737
32 0.2554081 0.4949222 0.5016132 0.4345282
29 0.2523117 0.3676190 0.0272481 0.0169738
16 0.3922681 0.3676190 0.0272481 0.0169738
33 0.4616269 0.3670532 0.0644046 0.0611055
26 0.4616269 0.3676190 0.0272481 0.0169738
14 0.2523117 0.4287246 0.0272481 0.0169737
2 0.3922681 0.4898301 0.0272481 0.0169738
31 0.0454737 0.6120412 0.0272481 0.0169737
12 0.3229092 0.6120412 0.0272481 0.0169737
18 0.0454737 0.3676190 0.0272481 0.0169738
6 0.1841914 0.4898301 0.0272481 0.0169738
18 0.1841914 0.3676190 0.0272481 0.0169738
29 0.2523117 0.6731467 0.0272481 0.0169738
14 0.3922681 0.6731467 0.0272481 0.0169738
10 0.3229092 0.6731467 0.0272481 0.0169738
18 0.4616269 0.4898301 0.0272481 0.0169738
9 0.4616269 0.5509356 0.0272481 0.0169737
8 0.3922681 0.6120412 0.0272481 0.0169737
9 0.1841914 0.5509356 0.0272481 0.0169737
16 0.2523117 0.5509356 0.0272481 0.0169737
12 0.2523117 0.6120412 0.0272481 0.0169737
12 0.1148326 0.6120412 0.0272481 0.0169737
4 0.1148326 0.6731467 0.0272481 0.0169738
25 0.3229092 0.3676190 0.0272481 0.0169738
26 0.0454737 0.4898301 0.0272481 0.0169738
22 0.4616269 0.6120412 0.0272481 0.0169737
27 0.3229092 0.4287246 0.0272481 0.0169737
16 0.0454737 0.4287246 0.0272481 0.0169737
25 0.4616269 0.6731467 0.0272481 0.0169738
18 0.1148326 0.4287246 0.0272481 0.0169737
16 0.1148326 0.3676190 0.0272481 0.0169738
2 0.0454737 0.5509356 0.0272481 0.0169737
13 0.1148326 0.4898301 0.0272481 0.0169738
16 0.4616269 0.4287246 0.0272481 0.0169737
20 0.3229092 0.4898301 0.0272481 0.0169738
3 0.2523117 0.4898301 0.0272481 0.0169738
2 0.0454737 0.6731467 0.0272481 0.0169738
22 0.3922681 0.5509356 0.0272481 0.0169737
20 0.1841914 0.6120412 0.0272481 0.0169737
25 0.1148326 0.5509356 0.0272481 0.0169737
29 0.3229092 0.5509356 0.0272481 0.0169737
6 0.1841914 0.6731467 0.0272481 0.0169738
