14 0.7633151 0.7772630 0.0274813 0.0170516
30 0.7633151 0.5931059 0.0274813 0.0170516
32 0.5553315 0.5982214 0.5059061 0.4365205
18 0.6933627 0.4703346 0.0274812 0.0170516
10 0.6234102 0.5931059 0.0274813 0.0170516
6 0.3436004 0.6544916 0.0274813 0.0170516
33 0.4129283 0.6539233 0.0637067 0.0613856
6 0.4135529 0.6544916 0.0274813 0.0170516
2 0.6933627 0.6544916 0.0274812 0.0170516
22 0.3436004 0.7158773 0.0274813 0.0170516
8 0.6933627 0.7772630 0.0274812 0.0170516
26 0.4835053 0.5317203 0.0274813 0.0170515
15 0.6234102 0.7158773 0.0274813 0.0170516
26 0.4835053 0.6544916 0.0274813 0.0170516
2 0.4135529 0.5931059 0.0274813 0.0170516
17 0.4835053 0.7772630 0.0274813 0.0170516
10 0.4135529 0.7772630 0.0274813 0.0170516
2 0.4835053 0.4703346 0.0274813 0.0170516
29 0.4835053 0.7158773 0.0274813 0.0170516
12 0.7633151 0.7158773 0.0274813 0.0170516
21 0.6933627 0.7158773 0.0274812 0.0170516
11 0.4135529 0.7158773 0.0274813 0.0170516
2 0.5522086 0.6544916 0.0274813 0.0170516
8 0.6234102 0.6544916 0.0274813 0.0170516
24 0.6933627 0.5931059 0.0274812 0.0170516
5 0.5522086 0.7772630 0.0274813 0.0170516
20 0.4135529 0.4703346 0.0274813 0.0170516
24 0.6234102 0.4703346 0.0274813 0.0170516
26 0.5522086 0.7158773 0.0274813 0.0170516
2 0.7633151 0.4703346 0.0274813 0.0170516
29 0.5522086 0.5317203 0.0274813 0.0170515
28 0.7633151 0.6544916 0.0274813 0.0170516
25 0.6933627 0.5317203 0.0274812 0.0170515
15 0.6234102 0.5317203 0.0274813 0.0170515
5 0.3436004 0.5931059 0.0274813 0.0170516
17 0.5522086 0.5931059 0.0274813 0.0170516
2 0.4835053 0.5931059 0.0274813 0.0170516
12 0.4135529 0.5317203 0.0274813 0.0170515
8 0.6234102 0.7772630 0.0274813 0.0170516
7 0.3436004 0.5317203 0.0274813 0.0170515
22 0.5522086 0.4703346 0.0274813 0.0170516
22 0.3436004 0.7772630 0.0274813 0.0170516
1 0.7633151 0.5317203 0.0274813 0.0170515
17 0.3436004 0.4703346 0.0274813 0.0170516
