24 0.8243275 0.3532816 0.0268029 0.0162395
10 0.8243275 0.5286683 0.0268029 0.0162395
32 0.6214783 0.4750779 0.4934171 0.4157314
21 0.4831997 0.3532816 0.0268029 0.0162395
10 0.4831997 0.4702061 0.0268029 0.0162396
24 0.6878764 0.4702061 0.0268028 0.0162396
13 0.7561020 0.4702061 0.0268029 0.0162396
19 0.4831997 0.5286683 0.0268029 0.0162395
12 0.6878764 0.5286683 0.0268028 0.0162395
33 0.6184325 0.5865892 0.0633523 0.0584623
24 0.6184325 0.5871305 0.0268029 0.0162395
15 0.4149741 0.5871305 0.0268029 0.0162395
28 0.4831997 0.6455928 0.0268029 0.0162396
18 0.6184325 0.6455928 0.0268029 0.0162396
5 0.8243275 0.4117438 0.0268029 0.0162395
25 0.6878764 0.3532816 0.0268028 0.0162395
9 0.6184325 0.4117438 0.0268029 0.0162395
20 0.4831997 0.4117438 0.0268029 0.0162395
31 0.7561020 0.3532816 0.0268029 0.0162395
21 0.4149741 0.5286683 0.0268029 0.0162395
9 0.4831997 0.5871305 0.0268029 0.0162395
1 0.5514252 0.4117438 0.0268029 0.0162395
27 0.7561020 0.6455928 0.0268029 0.0162396
11 0.6184325 0.5286683 0.0268029 0.0162395
30 0.7561020 0.5871305 0.0268029 0.0162395
26 0.4149741 0.6455928 0.0268029 0.0162396
5 0.6184325 0.3532816 0.0268029 0.0162395
27 0.5514252 0.4702061 0.0268029 0.0162396
27 0.5514252 0.5871305 0.0268029 0.0162395
25 0.8243275 0.4702061 0.0268029 0.0162396
25 0.6878764 0.4117438 0.0268028 0.0162395
19 0.6878764 0.6455928 0.0268028 0.0162396
11 0.4149741 0.4117438 0.0268029 0.0162395
24 0.5514252 0.5286683 0.0268029 0.0162395
3 0.6184325 0.4702061 0.0268029 0.0162396
17 0.5514252 0.3532816 0.0268029 0.0162395
17 0.4149741 0.4702061 0.0268029 0.0162396
13 0.5514252 0.6455928 0.0268029 0.0162396
7 0.4149741 0.3532816 0.0268029 0.0162395
7 0.7561020 0.5286683 0.0268029 0.0162395
2 0.8243275 0.6455928 0.0268029 0.0162396
18 0.6878764 0.5871305 0.0268028 0.0162395
24 0.8243275 0.5871305 0.0268029 0.0162395
3 0.7561020 0.4117438 0.0268029 0.0162395
