12 0.5258475 0.6573848 0.0282947 0.0162810
25 0.6711795 0.5987733 0.0282947 0.0162810
32 0.5290628 0.6036576 0.5208803 0.4167931
10 0.5991566 0.5401617 0.0282947 0.0162810
24 0.7432025 0.5401617 0.0282948 0.0162810
15 0.3110648 0.6573848 0.0282947 0.0162810
34 0.4551107 0.6568421 0.0668784 0.0586115
17 0.4551107 0.6573848 0.0282948 0.0162810
6 0.7432025 0.6573848 0.0282948 0.0162810
3 0.3110648 0.7159964 0.0282947 0.0162810
29 0.7432025 0.7159964 0.0282948 0.0162810
1 0.5991566 0.7159964 0.0282947 0.0162810
2 0.7432025 0.4815502 0.0282948 0.0162810
4 0.6711795 0.6573848 0.0282947 0.0162810
24 0.5258475 0.7159964 0.0282947 0.0162810
15 0.5258475 0.4815502 0.0282947 0.0162810
12 0.3830877 0.5987733 0.0282947 0.0162810
13 0.6711795 0.5401617 0.0282947 0.0162810
12 0.6711795 0.7746079 0.0282947 0.0162809
21 0.3830877 0.4815502 0.0282947 0.0162810
20 0.3110648 0.4815502 0.0282947 0.0162810
9 0.4551107 0.4815502 0.0282948 0.0162810
14 0.5258475 0.5987733 0.0282947 0.0162810
15 0.3110648 0.5987733 0.0282947 0.0162810
20 0.5991566 0.7746079 0.0282947 0.0162809
6 0.3830877 0.7159964 0.0282947 0.0162810
22 0.3830877 0.5401617 0.0282947 0.0162810
27 0.6711795 0.7159964 0.0282947 0.0162810
25 0.4551107 0.5401617 0.0282948 0.0162810
7 0.6711795 0.4815502 0.0282947 0.0162810
11 0.5991566 0.4815502 0.0282947 0.0162810
20 0.5991566 0.6573848 0.0282947 0.0162810
22 0.5258475 0.7746079 0.0282947 0.0162809
29 0.3110648 0.5401617 0.0282947 0.0162810
4 0.4551107 0.7746079 0.0282948 0.0162809
11 0.3830877 0.6573848 0.0282947 0.0162810
12 0.4551107 0.5987733 0.0282948 0.0162810
27 0.4551107 0.7159964 0.0282948 0.0162810
22 0.3830877 0.7746079 0.0282947 0.0162809
29 0.7432025 0.5987733 0.0282948 0.0162810
5 0.7432025 0.7746079 0.0282948 0.0162809
14 0.3110648 0.7746079 0.0282947 0.0162809
3 0.5991566 0.5987733 0.0282947 0.0162810
25 0.5258475 0.5401617 0.0282947 0.0162810
