31 0.6566353 0.3619621 0.0265408 0.0174737
10 0.3864011 0.2990570 0.0265409 0.0174737
32 0.5233278 0.3672042 0.4885931 0.4473254
34 0.3188425 0.2355694 0.0627329 0.0629051
25 0.3188425 0.2361519 0.0265409 0.0174736
7 0.5890767 0.2361519 0.0265408 0.0174736
13 0.3864011 0.3619621 0.0265409 0.0174737
6 0.5890767 0.4248673 0.0265408 0.0174737
12 0.3188425 0.4877724 0.0265409 0.0174736
5 0.5203118 0.4877724 0.0265409 0.0174736
17 0.6566353 0.4877724 0.0265408 0.0174736
5 0.3864011 0.4877724 0.0265409 0.0174736
12 0.6566353 0.4248673 0.0265408 0.0174737
28 0.4539597 0.4877724 0.0265409 0.0174736
28 0.6566353 0.5506775 0.0265408 0.0174736
26 0.6566353 0.2990570 0.0265408 0.0174737
13 0.3864011 0.2361519 0.0265409 0.0174736
8 0.7241939 0.3619621 0.0265409 0.0174737
3 0.5203118 0.2361519 0.0265409 0.0174736
14 0.7241939 0.2990570 0.0265409 0.0174737
4 0.5890767 0.4877724 0.0265408 0.0174736
10 0.5890767 0.5506775 0.0265408 0.0174736
22 0.3188425 0.4248673 0.0265409 0.0174737
6 0.4539597 0.2990570 0.0265409 0.0174737
12 0.3864011 0.4248673 0.0265409 0.0174737
27 0.7241939 0.4877724 0.0265409 0.0174736
2 0.3188425 0.2990570 0.0265409 0.0174737
17 0.4539597 0.2361519 0.0265409 0.0174736
6 0.6566353 0.2361519 0.0265408 0.0174736
31 0.5203118 0.2990570 0.0265409 0.0174737
22 0.5890767 0.3619621 0.0265408 0.0174737
9 0.7241939 0.2361519 0.0265409 0.0174736
17 0.4539597 0.3619621 0.0265409 0.0174737
10 0.7241939 0.4248673 0.0265409 0.0174737
1 0.7241939 0.5506775 0.0265409 0.0174736
4 0.5203118 0.4248673 0.0265409 0.0174737
17 0.5203118 0.5506775 0.0265409 0.0174736
13 0.5890767 0.2990570 0.0265408 0.0174737
28 0.4539597 0.5506775 0.0265409 0.0174736
24 0.3864011 0.5506775 0.0265409 0.0174736
18 0.3188425 0.3619621 0.0265409 0.0174737
22 0.3188425 0.5506775 0.0265409 0.0174736
1 0.4539597 0.4248673 0.0265409 0.0174737
28 0.5203118 0.3619621 0.0265409 0.0174737
