13 0.1826805 0.5075360 0.0278269 0.0162426
11 0.5368415 0.4490626 0.0278269 0.0162427
32 0.3970744 0.3369884 0.5122684 0.4158115
30 0.2535127 0.2151686 0.0278269 0.0162426
13 0.3243449 0.2151686 0.0278269 0.0162426
31 0.4660093 0.2151686 0.0278270 0.0162426
1 0.5368415 0.2151686 0.0278269 0.0162426
33 0.2528803 0.2731007 0.0645079 0.0584735
29 0.2535127 0.2736421 0.0278269 0.0162426
11 0.2535127 0.4490626 0.0278269 0.0162427
22 0.3243449 0.4490626 0.0278269 0.0162427
26 0.2535127 0.5075360 0.0278269 0.0162426
16 0.1826805 0.3321156 0.0278269 0.0162426
30 0.4660093 0.4490626 0.0278270 0.0162427
27 0.4660093 0.2736421 0.0278270 0.0162426
26 0.1826805 0.2151686 0.0278269 0.0162426
27 0.3939122 0.3905891 0.0278269 0.0162426
14 0.4660093 0.3321156 0.0278270 0.0162426
20 0.3939122 0.5075360 0.0278269 0.0162426
27 0.3939122 0.4490626 0.0278269 0.0162427
3 0.6076736 0.4490626 0.0278269 0.0162427
22 0.1826805 0.3905891 0.0278269 0.0162426
24 0.6076736 0.5075360 0.0278269 0.0162426
6 0.5368415 0.3905891 0.0278269 0.0162426
20 0.3243449 0.2736421 0.0278269 0.0162426
5 0.5368415 0.5075360 0.0278269 0.0162426
30 0.3243449 0.5075360 0.0278269 0.0162426
10 0.6076736 0.2151686 0.0278269 0.0162426
4 0.3243449 0.3321156 0.0278269 0.0162426
18 0.1826805 0.4490626 0.0278269 0.0162427
6 0.4660093 0.3905891 0.0278270 0.0162426
14 0.6076736 0.2736421 0.0278269 0.0162426
14 0.3939122 0.3321156 0.0278269 0.0162426
22 0.3243449 0.3905891 0.0278269 0.0162426
10 0.2535127 0.3905891 0.0278269 0.0162426
18 0.3939122 0.2151686 0.0278269 0.0162426
20 0.5368415 0.2736421 0.0278269 0.0162426
28 0.6076736 0.3321156 0.0278269 0.0162426
11 0.5368415 0.3321156 0.0278269 0.0162426
17 0.1826805 0.2736421 0.0278269 0.0162426
29 0.2535127 0.3321156 0.0278269 0.0162426
14 0.4660093 0.5075360 0.0278270 0.0162426
15 0.3939122 0.2736421 0.0278269 0.0162426
7 0.6076736 0.3905891 0.0278269 0.0162426
