4 0.4070175 0.5828672 0.0267795 0.0174324
20 0.4751834 0.2690845 0.0267795 0.0174324
32 0.2725114 0.3998273 0.4929861 0.4462687
20 0.1343536 0.2690845 0.0267795 0.0174324
19 0.2694683 0.2690845 0.0267795 0.0174324
7 0.2025195 0.3318410 0.0267795 0.0174323
26 0.2025195 0.3945975 0.0267795 0.0174324
34 0.4064088 0.3940165 0.0620797 0.0627566
8 0.4070175 0.3945975 0.0267795 0.0174324
16 0.2694683 0.4573541 0.0267795 0.0174324
8 0.2694683 0.5828672 0.0267795 0.0174324
4 0.3388515 0.3945975 0.0267795 0.0174324
11 0.3388515 0.4573541 0.0267795 0.0174324
4 0.4751834 0.5201106 0.0267795 0.0174324
16 0.2025195 0.2690845 0.0267795 0.0174324
19 0.2694683 0.5201106 0.0267795 0.0174324
22 0.2025195 0.4573541 0.0267795 0.0174324
25 0.4070175 0.5201106 0.0267795 0.0174324
29 0.0661876 0.5201106 0.0267795 0.0174324
11 0.1343536 0.5828672 0.0267795 0.0174324
21 0.4751834 0.4573541 0.0267795 0.0174324
9 0.1343536 0.3945975 0.0267795 0.0174324
18 0.2694683 0.3318410 0.0267795 0.0174323
30 0.0661876 0.4573541 0.0267795 0.0174324
31 0.1343536 0.5201106 0.0267795 0.0174324
8 0.3388515 0.3318410 0.0267795 0.0174323
22 0.4070175 0.2690845 0.0267795 0.0174324
2 0.1343536 0.4573541 0.0267795 0.0174324
22 0.3388515 0.2690845 0.0267795 0.0174324
17 0.0661876 0.2690845 0.0267795 0.0174324
20 0.2025195 0.5828672 0.0267795 0.0174324
15 0.0661876 0.3945975 0.0267795 0.0174324
31 0.4070175 0.3318410 0.0267795 0.0174323
25 0.0661876 0.3318410 0.0267795 0.0174323
6 0.4751834 0.3945975 0.0267795 0.0174324
5 0.3388515 0.5201106 0.0267795 0.0174324
24 0.4070175 0.4573541 0.0267795 0.0174324
8 0.2025195 0.5201106 0.0267795 0.0174324
25 0.2694683 0.3945975 0.0267795 0.0174324
31 0.0661876 0.5828672 0.0267795 0.0174324
7 0.1343536 0.3318410 0.0267795 0.0174323
24 0.4751834 0.3318410 0.0267795 0.0174323
4 0.4751834 0.5828672 0.0267795 0.0174324
10 0.3388515 0.5828672 0.0267795 0.0174324
