25 0.4734584 0.5808428 0.0269542 0.0167676
14 0.8165122 0.3393894 0.0269542 0.0167676
32 0.6125177 0.4651464 0.4962029 0.4292504
23 0.6792907 0.3393894 0.0269542 0.0167676
31 0.4048476 0.5204795 0.0269542 0.0167676
9 0.7479015 0.5204795 0.0269543 0.0167676
7 0.5420692 0.5808428 0.0269542 0.0167676
26 0.4048476 0.6412061 0.0269542 0.0167676
20 0.4734584 0.6412061 0.0269542 0.0167676
33 0.5420692 0.6406472 0.0637100 0.0603634
7 0.5420692 0.6412061 0.0269542 0.0167676
1 0.6094547 0.6412061 0.0269542 0.0167676
18 0.8165122 0.3997528 0.0269542 0.0167676
21 0.6094547 0.5204795 0.0269542 0.0167676
28 0.8165122 0.6412061 0.0269542 0.0167676
5 0.4734584 0.3997528 0.0269542 0.0167676
9 0.6094547 0.3997528 0.0269542 0.0167676
12 0.4048476 0.3393894 0.0269542 0.0167676
6 0.8165122 0.5204795 0.0269542 0.0167676
3 0.5420692 0.4601161 0.0269542 0.0167676
26 0.4734584 0.4601161 0.0269542 0.0167676
19 0.5420692 0.3997528 0.0269542 0.0167676
29 0.8165122 0.5808428 0.0269542 0.0167676
9 0.7479015 0.5808428 0.0269543 0.0167676
8 0.6792907 0.5808428 0.0269542 0.0167676
25 0.4048476 0.5808428 0.0269542 0.0167676
21 0.6094547 0.3393894 0.0269542 0.0167676
24 0.4048476 0.3997528 0.0269542 0.0167676
12 0.5420692 0.3393894 0.0269542 0.0167676
18 0.6792907 0.5204795 0.0269542 0.0167676
31 0.6094547 0.5808428 0.0269542 0.0167676
18 0.7479015 0.3997528 0.0269543 0.0167676
14 0.6792907 0.6412061 0.0269542 0.0167676
9 0.7479015 0.3393894 0.0269543 0.0167676
19 0.6792907 0.4601161 0.0269542 0.0167676
8 0.4048476 0.4601161 0.0269542 0.0167676
19 0.4734584 0.3393894 0.0269542 0.0167676
31 0.5420692 0.5204795 0.0269542 0.0167676
24 0.6094547 0.4601161 0.0269542 0.0167676
24 0.6792907 0.3997528 0.0269542 0.0167676
6 0.4734584 0.5204795 0.0269542 0.0167676
26 0.8165122 0.4601161 0.0269542 0.0167676
28 0.7479015 0.4601161 0.0269543 0.0167676
29 0.7479015 0.6412061 0.0269543 0.0167676
