3 0.6123487 0.7171806 0.0270310 0.0163765
3 0.1995111 0.4813595 0.0270310 0.0163765
32 0.4077729 0.5452277 0.4976167 0.4192376
34 0.5429281 0.4218583 0.0626628 0.0589553
20 0.5435424 0.4224042 0.0270310 0.0163765
8 0.4047012 0.5403148 0.0270310 0.0163765
7 0.4747362 0.5403148 0.0270310 0.0163765
12 0.2683174 0.6582254 0.0270310 0.0163765
24 0.6123487 0.6582254 0.0270310 0.0163765
10 0.2683174 0.7171806 0.0270310 0.0163765
29 0.3371236 0.7171806 0.0270311 0.0163765
31 0.4747362 0.4813595 0.0270310 0.0163765
8 0.2683174 0.4224042 0.0270310 0.0163765
27 0.1995111 0.5403148 0.0270310 0.0163765
21 0.3371236 0.4813595 0.0270311 0.0163765
12 0.1995111 0.4224042 0.0270310 0.0163765
22 0.2683174 0.4813595 0.0270310 0.0163765
8 0.6123487 0.5403148 0.0270310 0.0163765
30 0.4747362 0.6582254 0.0270310 0.0163765
25 0.4047012 0.4224042 0.0270310 0.0163765
26 0.2683174 0.5992700 0.0270310 0.0163765
10 0.2683174 0.5403148 0.0270310 0.0163765
27 0.3371236 0.6582254 0.0270311 0.0163765
18 0.4047012 0.4813595 0.0270310 0.0163765
29 0.5435424 0.6582254 0.0270310 0.0163765
21 0.4747362 0.7171806 0.0270310 0.0163765
6 0.6123487 0.5992700 0.0270310 0.0163765
3 0.1995111 0.5992700 0.0270310 0.0163765
12 0.1995111 0.6582254 0.0270310 0.0163765
24 0.3371236 0.4224042 0.0270311 0.0163765
30 0.5435424 0.4813595 0.0270310 0.0163765
26 0.4747362 0.5992700 0.0270310 0.0163765
4 0.6123487 0.4224042 0.0270310 0.0163765
12 0.5435424 0.5403148 0.0270310 0.0163765
2 0.6123487 0.4813595 0.0270310 0.0163765
19 0.5435424 0.7171806 0.0270310 0.0163765
26 0.4047012 0.5992700 0.0270310 0.0163765
20 0.4047012 0.6582254 0.0270310 0.0163765
18 0.3371236 0.5992700 0.0270311 0.0163765
25 0.4747362 0.4224042 0.0270310 0.0163765
29 0.3371236 0.5403148 0.0270311 0.0163765
6 0.1995111 0.7171806 0.0270310 0.0163765
25 0.4047012 0.7171806 0.0270310 0.0163765
8 0.5435424 0.5992700 0.0270310 0.0163765
