15 0.7124814 0.6670466 0.0274514 0.0172763
7 0.5016051 0.3560745 0.0274514 0.0172762
32 0.5047246 0.4856462 0.5053545 0.4422714
29 0.4329768 0.3560745 0.0274514 0.0172762
6 0.5016051 0.4804633 0.0274514 0.0172762
34 0.3624767 0.5420818 0.0636372 0.0621944
3 0.3631006 0.5426577 0.0274514 0.0172762
18 0.5727291 0.5426577 0.0274514 0.0172762
26 0.6426053 0.5426577 0.0274514 0.0172762
24 0.5016051 0.6048522 0.0274514 0.0172763
10 0.5016051 0.6670466 0.0274514 0.0172763
5 0.7124814 0.4182689 0.0274514 0.0172762
11 0.5727291 0.6048522 0.0274514 0.0172763
15 0.5016051 0.4182689 0.0274514 0.0172762
4 0.4329768 0.4182689 0.0274514 0.0172762
17 0.5727291 0.3560745 0.0274514 0.0172762
6 0.7124814 0.5426577 0.0274514 0.0172762
26 0.2932244 0.4182689 0.0274514 0.0172762
19 0.2932244 0.6048522 0.0274514 0.0172763
4 0.6426053 0.4804633 0.0274514 0.0172762
11 0.6426053 0.6048522 0.0274514 0.0172763
6 0.4329768 0.6048522 0.0274514 0.0172763
24 0.2932244 0.6670466 0.0274514 0.0172763
13 0.3631006 0.6048522 0.0274514 0.0172763
18 0.4329768 0.5426577 0.0274514 0.0172762
25 0.2932244 0.4804633 0.0274514 0.0172762
14 0.5727291 0.4804633 0.0274514 0.0172762
3 0.6426053 0.3560745 0.0274514 0.0172762
19 0.5727291 0.4182689 0.0274514 0.0172762
9 0.6426053 0.4182689 0.0274514 0.0172762
7 0.7124814 0.4804633 0.0274514 0.0172762
17 0.6426053 0.6670466 0.0274514 0.0172763
1 0.5727291 0.6670466 0.0274514 0.0172763
26 0.2932244 0.5426577 0.0274514 0.0172762
28 0.7124814 0.6048522 0.0274514 0.0172763
7 0.4329768 0.4804633 0.0274514 0.0172762
30 0.3631006 0.4182689 0.0274514 0.0172762
2 0.3631006 0.6670466 0.0274514 0.0172763
16 0.2932244 0.3560745 0.0274514 0.0172762
31 0.3631006 0.4804633 0.0274514 0.0172762
30 0.7124814 0.3560745 0.0274514 0.0172762
30 0.5016051 0.5426577 0.0274514 0.0172762
9 0.4329768 0.6670466 0.0274514 0.0172763
1 0.3631006 0.3560745 0.0274514 0.0172762
