25 0.6085114 0.5485164 0.0278893 0.0162232
17 0.3955386 0.4901127 0.0278893 0.0162233
32 0.5394220 0.4949797 0.5134164 0.4153151
2 0.5362527 0.4317091 0.0278893 0.0162232
21 0.7504932 0.4901127 0.0278893 0.0162233
20 0.3245477 0.5485164 0.0278893 0.0162232
10 0.3955386 0.5485164 0.0278893 0.0162232
17 0.6795023 0.5485164 0.0278893 0.0162232
31 0.7504932 0.5485164 0.0278893 0.0162232
33 0.6788684 0.6063793 0.0646525 0.0584037
13 0.6795023 0.6069201 0.0278893 0.0162233
13 0.4665295 0.4901127 0.0278893 0.0162233
5 0.6085114 0.4317091 0.0278893 0.0162232
18 0.6085114 0.3733053 0.0278893 0.0162232
13 0.6085114 0.6069201 0.0278893 0.0162233
9 0.5362527 0.3733053 0.0278893 0.0162232
18 0.3245477 0.3733053 0.0278893 0.0162232
27 0.7504932 0.6653238 0.0278893 0.0162232
31 0.3955386 0.3733053 0.0278893 0.0162232
14 0.5362527 0.5485164 0.0278893 0.0162232
4 0.3955386 0.6069201 0.0278893 0.0162233
19 0.6795023 0.4901127 0.0278893 0.0162233
6 0.3955386 0.4317091 0.0278893 0.0162232
25 0.7504932 0.6069201 0.0278893 0.0162233
27 0.4665295 0.3733053 0.0278893 0.0162232
6 0.5362527 0.6069201 0.0278893 0.0162233
30 0.4665295 0.4317091 0.0278893 0.0162232
25 0.5362527 0.6653238 0.0278893 0.0162232
29 0.6795023 0.6653238 0.0278893 0.0162232
12 0.5362527 0.4901127 0.0278893 0.0162233
3 0.4665295 0.6069201 0.0278893 0.0162233
14 0.4665295 0.6653238 0.0278893 0.0162232
25 0.7504932 0.3733053 0.0278893 0.0162232
20 0.3245477 0.6653238 0.0278893 0.0162232
22 0.6795023 0.3733053 0.0278893 0.0162232
10 0.3245477 0.6069201 0.0278893 0.0162233
19 0.7504932 0.4317091 0.0278893 0.0162232
8 0.6085114 0.4901127 0.0278893 0.0162233
3 0.3245477 0.4317091 0.0278893 0.0162232
5 0.3955386 0.6653238 0.0278893 0.0162232
2 0.4665295 0.5485164 0.0278893 0.0162232
8 0.3245477 0.4901127 0.0278893 0.0162233
26 0.6795023 0.4317091 0.0278893 0.0162232
19 0.6085114 0.6653238 0.0278893 0.0162232
