9 0.6356442 0.4835289 0.0267130 0.0168602
9 0.7048552 0.6049223 0.0267130 0.0168602
32 0.6386797 0.4885870 0.4917622 0.4316210
34 0.7042480 0.3615735 0.0643540 0.0606967
7 0.7048552 0.3621355 0.0267130 0.0168602
23 0.7728519 0.4228322 0.0267130 0.0168602
5 0.8408487 0.4228322 0.0267130 0.0168602
3 0.7728519 0.5442256 0.0267130 0.0168602
20 0.5008649 0.6656190 0.0267130 0.0168601
6 0.7728519 0.6656190 0.0267130 0.0168601
11 0.8408487 0.6656190 0.0267130 0.0168601
22 0.5688617 0.6049223 0.0267130 0.0168602
9 0.8408487 0.6049223 0.0267130 0.0168602
19 0.5688617 0.3621355 0.0267130 0.0168602
15 0.4328682 0.3621355 0.0267130 0.0168602
4 0.7728519 0.4835289 0.0267130 0.0168602
15 0.8408487 0.4835289 0.0267130 0.0168602
22 0.7048552 0.5442256 0.0267130 0.0168602
8 0.5688617 0.5442256 0.0267130 0.0168602
14 0.5008649 0.5442256 0.0267130 0.0168602
11 0.4328682 0.4835289 0.0267130 0.0168602
29 0.8408487 0.3621355 0.0267130 0.0168602
17 0.5688617 0.6656190 0.0267130 0.0168601
26 0.7728519 0.6049223 0.0267130 0.0168602
3 0.5008649 0.4835289 0.0267130 0.0168602
30 0.4328682 0.4228322 0.0267130 0.0168602
10 0.7048552 0.4835289 0.0267130 0.0168602
26 0.5688617 0.4228322 0.0267130 0.0168602
10 0.4328682 0.6049223 0.0267130 0.0168602
25 0.8408487 0.5442256 0.0267130 0.0168602
9 0.7048552 0.6656190 0.0267130 0.0168601
1 0.4328682 0.5442256 0.0267130 0.0168602
14 0.5008649 0.3621355 0.0267130 0.0168602
17 0.6356442 0.6049223 0.0267130 0.0168602
11 0.7048552 0.4228322 0.0267130 0.0168602
1 0.6356442 0.4228322 0.0267130 0.0168602
29 0.5008649 0.6049223 0.0267130 0.0168602
28 0.6356442 0.5442256 0.0267130 0.0168602
20 0.6356442 0.6656190 0.0267130 0.0168601
5 0.4328682 0.6656190 0.0267130 0.0168601
31 0.5008649 0.4228322 0.0267130 0.0168602
2 0.7728519 0.3621355 0.0267130 0.0168602
19 0.5688617 0.4835289 0.0267130 0.0168602
9 0.6356442 0.3621355 0.0267130 0.0168602
