1 0.5105710 0.4253419 0.0288615 0.0166652
3 0.6588144 0.4853368 0.0288615 0.0166652
32 0.5138507 0.5503311 0.5313148 0.4266299
4 0.4384171 0.4253419 0.0288615 0.0166652
33 0.4384171 0.4847812 0.0682182 0.0599948
10 0.4384171 0.4853368 0.0288615 0.0166652
3 0.2914856 0.6053265 0.0288616 0.0166652
2 0.5105710 0.6653213 0.0288615 0.0166652
26 0.6588144 0.6653213 0.0288615 0.0166652
17 0.7322802 0.6653213 0.0288615 0.0166652
1 0.5105710 0.7253160 0.0288615 0.0166652
7 0.3649514 0.7253160 0.0288615 0.0166652
29 0.6588144 0.5453316 0.0288615 0.0166652
6 0.3649514 0.4253419 0.0288615 0.0166652
26 0.6588144 0.7253160 0.0288615 0.0166652
5 0.5105710 0.5453316 0.0288615 0.0166652
25 0.6588144 0.6053265 0.0288615 0.0166652
12 0.7322802 0.4253419 0.0288615 0.0166652
30 0.5853486 0.6653213 0.0288615 0.0166652
27 0.5105710 0.6053265 0.0288615 0.0166652
28 0.5853486 0.6053265 0.0288615 0.0166652
5 0.2914856 0.4853368 0.0288616 0.0166652
1 0.7322802 0.5453316 0.0288615 0.0166652
11 0.2914856 0.4253419 0.0288616 0.0166652
14 0.4384171 0.6653213 0.0288615 0.0166652
5 0.6588144 0.4253419 0.0288615 0.0166652
24 0.5853486 0.5453316 0.0288615 0.0166652
28 0.3649514 0.4853368 0.0288615 0.0166652
4 0.7322802 0.7253160 0.0288615 0.0166652
15 0.3649514 0.5453316 0.0288615 0.0166652
31 0.5853486 0.4253419 0.0288615 0.0166652
8 0.5853486 0.7253160 0.0288615 0.0166652
16 0.4384171 0.7253160 0.0288615 0.0166652
19 0.4384171 0.6053265 0.0288615 0.0166652
12 0.5105710 0.4853368 0.0288615 0.0166652
25 0.2914856 0.7253160 0.0288616 0.0166652
29 0.7322802 0.4853368 0.0288615 0.0166652
7 0.5853486 0.4853368 0.0288615 0.0166652
20 0.2914856 0.6653213 0.0288616 0.0166652
12 0.7322802 0.6053265 0.0288615 0.0166652
24 0.4384171 0.5453316 0.0288615 0.0166652
22 0.3649514 0.6653213 0.0288615 0.0166652
11 0.3649514 0.6053265 0.0288615 0.0166652
30 0.2914856 0.5453316 0.0288616 0.0166652
