9 0.6382104 0.5943618 0.0282341 0.0158930
4 0.2788668 0.4799322 0.0282341 0.0158930
32 0.4963980 0.5991298 0.5197648 0.4068609
33 0.2788668 0.5366173 0.0667352 0.0572148
12 0.2788668 0.5371470 0.0282341 0.0158930
22 0.5663417 0.5371470 0.0282341 0.0158930
23 0.4226043 0.6515767 0.0282342 0.0158930
20 0.5663417 0.6515767 0.0282341 0.0158930
7 0.7100791 0.6515767 0.0282341 0.0158930
13 0.2788668 0.7087915 0.0282341 0.0158929
12 0.5663417 0.7087915 0.0282341 0.0158929
5 0.4931896 0.4799322 0.0282341 0.0158930
26 0.2788668 0.7660063 0.0282341 0.0158930
30 0.4226043 0.5943618 0.0282342 0.0158930
12 0.7100791 0.5943618 0.0282341 0.0158930
30 0.3507355 0.7087915 0.0282341 0.0158929
14 0.3507355 0.5943618 0.0282341 0.0158930
28 0.4226043 0.4799322 0.0282342 0.0158930
8 0.6382104 0.6515767 0.0282341 0.0158930
8 0.7100791 0.7087915 0.0282341 0.0158929
5 0.4931896 0.5943618 0.0282341 0.0158930
20 0.3507355 0.6515767 0.0282341 0.0158930
22 0.6382104 0.7660063 0.0282341 0.0158930
30 0.5663417 0.4799322 0.0282341 0.0158930
26 0.2788668 0.6515767 0.0282341 0.0158930
8 0.6382104 0.4799322 0.0282341 0.0158930
20 0.6382104 0.7087915 0.0282341 0.0158929
15 0.4226043 0.5371470 0.0282342 0.0158930
1 0.3507355 0.7660063 0.0282341 0.0158930
21 0.4226043 0.7087915 0.0282342 0.0158929
17 0.3507355 0.5371470 0.0282341 0.0158930
30 0.4226043 0.7660063 0.0282342 0.0158930
15 0.3507355 0.4799322 0.0282341 0.0158930
10 0.5663417 0.5943618 0.0282341 0.0158930
29 0.4931896 0.7087915 0.0282341 0.0158929
27 0.7100791 0.4799322 0.0282341 0.0158930
5 0.6382104 0.5371470 0.0282341 0.0158930
26 0.2788668 0.5943618 0.0282341 0.0158930
24 0.7100791 0.5371470 0.0282341 0.0158930
5 0.7100791 0.7660063 0.0282341 0.0158930
24 0.4931896 0.5371470 0.0282341 0.0158930
7 0.4931896 0.6515767 0.0282341 0.0158930
20 0.5663417 0.7660063 0.0282341 0.0158930
27 0.4931896 0.7660063 0.0282341 0.0158930
