15 0.5622426 0.5693995 0.0276342 0.0172222
3 0.7029257 0.4453992 0.0276342 0.0172222
32 0.4937852 0.4505659 0.5087202 0.4408901
9 0.3512180 0.4453992 0.0276342 0.0172222
33 0.4906450 0.4448251 0.0653172 0.0620002
31 0.4906450 0.4453992 0.0276342 0.0172222
13 0.4906450 0.5073993 0.0276342 0.0172223
27 0.4215595 0.6313996 0.0276342 0.0172223
21 0.4906450 0.6313996 0.0276342 0.0172223
25 0.5622426 0.6313996 0.0276342 0.0172223
30 0.7029257 0.5693995 0.0276342 0.0172222
2 0.7029257 0.5073993 0.0276342 0.0172223
3 0.2808764 0.3213989 0.0276342 0.0172223
5 0.5622426 0.3833990 0.0276342 0.0172223
21 0.4215595 0.3833990 0.0276342 0.0172223
17 0.6325842 0.3833990 0.0276341 0.0172223
3 0.3512180 0.3833990 0.0276342 0.0172223
26 0.4906450 0.3833990 0.0276342 0.0172223
17 0.3512180 0.5693995 0.0276342 0.0172222
12 0.4215595 0.4453992 0.0276342 0.0172222
2 0.7029257 0.6313996 0.0276342 0.0172223
6 0.6325842 0.4453992 0.0276341 0.0172222
24 0.4906450 0.3213989 0.0276342 0.0172223
9 0.4215595 0.5693995 0.0276342 0.0172222
15 0.3512180 0.6313996 0.0276342 0.0172223
2 0.2808764 0.3833990 0.0276342 0.0172223
6 0.3512180 0.5073993 0.0276342 0.0172223
6 0.2808764 0.6313996 0.0276342 0.0172223
26 0.5622426 0.5073993 0.0276342 0.0172223
4 0.6325842 0.6313996 0.0276341 0.0172223
19 0.2808764 0.5693995 0.0276342 0.0172222
9 0.4215595 0.3213989 0.0276342 0.0172223
11 0.6325842 0.3213989 0.0276341 0.0172223
8 0.5622426 0.4453992 0.0276342 0.0172222
2 0.4215595 0.5073993 0.0276342 0.0172223
21 0.6325842 0.5073993 0.0276341 0.0172223
18 0.6325842 0.5693995 0.0276341 0.0172222
26 0.7029257 0.3833990 0.0276342 0.0172223
22 0.7029257 0.3213989 0.0276342 0.0172223
28 0.2808764 0.4453992 0.0276342 0.0172222
17 0.2808764 0.5073993 0.0276342 0.0172223
22 0.5622426 0.3213989 0.0276342 0.0172223
17 0.3512180 0.3213989 0.0276342 0.0172223
13 0.4906450 0.5693995 0.0276342 0.0172222
