10 0.6281995 0.7933344 0.0274246 0.0168781
10 0.5571448 0.6110512 0.0274246 0.0168780
32 0.5602612 0.6161146 0.5048627 0.4320788
11 0.4885832 0.4895290 0.0274247 0.0168781
25 0.6980077 0.4895290 0.0274246 0.0168781
22 0.4187750 0.5502901 0.0274246 0.0168781
33 0.7678159 0.5497274 0.0648218 0.0607610
12 0.7678159 0.5502901 0.0274246 0.0168781
4 0.4187750 0.7933344 0.0274246 0.0168781
1 0.6980077 0.7933344 0.0274246 0.0168781
24 0.4187750 0.4895290 0.0274246 0.0168781
29 0.4885832 0.7933344 0.0274247 0.0168781
29 0.6980077 0.6718123 0.0274246 0.0168781
6 0.4885832 0.6718123 0.0274247 0.0168781
31 0.4187750 0.7325733 0.0274246 0.0168781
18 0.3489668 0.6718123 0.0274247 0.0168781
4 0.4885832 0.5502901 0.0274247 0.0168781
14 0.4885832 0.7325733 0.0274247 0.0168781
11 0.3489668 0.7933344 0.0274247 0.0168781
13 0.3489668 0.6110512 0.0274247 0.0168780
24 0.5571448 0.6718123 0.0274246 0.0168781
12 0.7678159 0.6110512 0.0274246 0.0168780
9 0.4187750 0.6110512 0.0274246 0.0168780
3 0.6281995 0.6718123 0.0274246 0.0168781
12 0.7678159 0.6718123 0.0274246 0.0168781
5 0.4187750 0.6718123 0.0274246 0.0168781
10 0.3489668 0.7325733 0.0274247 0.0168781
15 0.6281995 0.6110512 0.0274246 0.0168780
3 0.7678159 0.7325733 0.0274246 0.0168781
9 0.5571448 0.5502901 0.0274246 0.0168781
3 0.6980077 0.5502901 0.0274246 0.0168781
17 0.3489668 0.5502901 0.0274247 0.0168781
30 0.3489668 0.4895290 0.0274247 0.0168781
9 0.6281995 0.7325733 0.0274246 0.0168781
26 0.7678159 0.7933344 0.0274246 0.0168781
12 0.7678159 0.4895290 0.0274246 0.0168781
20 0.6281995 0.5502901 0.0274246 0.0168781
15 0.5571448 0.4895290 0.0274246 0.0168781
2 0.5571448 0.7325733 0.0274246 0.0168781
2 0.5571448 0.7933344 0.0274246 0.0168781
22 0.4885832 0.6110512 0.0274247 0.0168780
21 0.6980077 0.7325733 0.0274246 0.0168781
11 0.6980077 0.6110512 0.0274246 0.0168780
9 0.6281995 0.4895290 0.0274246 0.0168781
