12 0.2293869 0.8046318 0.0272200 0.0166675
25 0.4372488 0.6846255 0.0272200 0.0166675
32 0.3005301 0.6296226 0.5010957 0.4266892
31 0.1600996 0.5046160 0.0272200 0.0166675
14 0.2974369 0.5046160 0.0272200 0.0166675
33 0.2974369 0.5640636 0.0643382 0.0600032
17 0.2974369 0.5646192 0.0272200 0.0166675
4 0.2974369 0.6846255 0.0272200 0.0166675
15 0.0908122 0.7446286 0.0272200 0.0166675
3 0.3679615 0.8046318 0.0272200 0.0166675
17 0.1600996 0.6846255 0.0272200 0.0166675
9 0.5065361 0.5646192 0.0272200 0.0166675
18 0.2293869 0.6846255 0.0272200 0.0166675
19 0.5065361 0.6246223 0.0272200 0.0166675
28 0.4372488 0.5046160 0.0272200 0.0166675
5 0.1600996 0.5646192 0.0272200 0.0166675
11 0.5065361 0.7446286 0.0272200 0.0166675
28 0.5065361 0.6846255 0.0272200 0.0166675
18 0.5065361 0.5046160 0.0272200 0.0166675
20 0.0908122 0.6846255 0.0272200 0.0166675
30 0.2974369 0.8046318 0.0272200 0.0166675
2 0.3679615 0.5646192 0.0272200 0.0166675
7 0.3679615 0.6246223 0.0272200 0.0166675
13 0.2293869 0.5646192 0.0272200 0.0166675
11 0.0908122 0.6246223 0.0272200 0.0166675
13 0.1600996 0.8046318 0.0272200 0.0166675
7 0.2293869 0.5046160 0.0272200 0.0166675
22 0.0908122 0.5046160 0.0272200 0.0166675
25 0.3679615 0.5046160 0.0272200 0.0166675
21 0.3679615 0.7446286 0.0272200 0.0166675
21 0.1600996 0.7446286 0.0272200 0.0166675
16 0.4372488 0.6246223 0.0272200 0.0166675
7 0.0908122 0.5646192 0.0272200 0.0166675
25 0.2974369 0.6246223 0.0272200 0.0166675
14 0.3679615 0.6846255 0.0272200 0.0166675
18 0.2293869 0.6246223 0.0272200 0.0166675
10 0.4372488 0.7446286 0.0272200 0.0166675
5 0.2293869 0.7446286 0.0272200 0.0166675
8 0.2974369 0.7446286 0.0272200 0.0166675
18 0.0908122 0.8046318 0.0272200 0.0166675
25 0.5065361 0.8046318 0.0272200 0.0166675
31 0.4372488 0.8046318 0.0272200 0.0166675
12 0.1600996 0.6246223 0.0272200 0.0166675
27 0.4372488 0.5646192 0.0272200 0.0166675
