25 0.5515901 0.6578064 0.0285668 0.0158927
19 0.3347425 0.3717390 0.0285667 0.0158926
32 0.5548363 0.4909337 0.5258878 0.4068514
12 0.6983192 0.3717390 0.0285667 0.0158926
13 0.6256039 0.4289524 0.0285667 0.0158926
33 0.7710346 0.4284227 0.0675214 0.0572135
1 0.7710346 0.4289524 0.0285667 0.0158926
25 0.3347425 0.5433794 0.0285667 0.0158927
1 0.5515901 0.5433794 0.0285668 0.0158927
6 0.4801732 0.6578064 0.0285667 0.0158927
1 0.6256039 0.6005929 0.0285667 0.0158927
9 0.4074579 0.6005929 0.0285667 0.0158927
13 0.5515901 0.3717390 0.0285668 0.0158926
24 0.4074579 0.4861659 0.0285667 0.0158926
15 0.5515901 0.4861659 0.0285668 0.0158926
26 0.4074579 0.4289524 0.0285667 0.0158926
31 0.4801732 0.3717390 0.0285667 0.0158926
18 0.6983192 0.6005929 0.0285667 0.0158927
22 0.3347425 0.6578064 0.0285667 0.0158927
3 0.7710346 0.5433794 0.0285667 0.0158927
25 0.4074579 0.3717390 0.0285667 0.0158926
1 0.6983192 0.6578064 0.0285667 0.0158927
14 0.6983192 0.5433794 0.0285667 0.0158927
10 0.4801732 0.4289524 0.0285667 0.0158926
17 0.5515901 0.6005929 0.0285668 0.0158927
13 0.6983192 0.4289524 0.0285667 0.0158926
7 0.3347425 0.4289524 0.0285667 0.0158926
6 0.3347425 0.6005929 0.0285667 0.0158927
25 0.4801732 0.5433794 0.0285667 0.0158927
26 0.7710346 0.3717390 0.0285667 0.0158926
1 0.7710346 0.4861659 0.0285667 0.0158926
30 0.3347425 0.4861659 0.0285667 0.0158926
26 0.6256039 0.4861659 0.0285667 0.0158926
31 0.4074579 0.6578064 0.0285667 0.0158927
12 0.7710346 0.6578064 0.0285667 0.0158927
20 0.5515901 0.4289524 0.0285668 0.0158926
25 0.4801732 0.4861659 0.0285667 0.0158926
8 0.6256039 0.6578064 0.0285667 0.0158927
16 0.7710346 0.6005929 0.0285667 0.0158927
30 0.6983192 0.4861659 0.0285667 0.0158926
2 0.6256039 0.3717390 0.0285667 0.0158926
2 0.6256039 0.5433794 0.0285667 0.0158927
30 0.4074579 0.5433794 0.0285667 0.0158927
12 0.4801732 0.6005929 0.0285667 0.0158927
