28 0.3062713 0.3918005 0.0271000 0.0166711
1 0.2372894 0.2117523 0.0271000 0.0166711
32 0.3771010 0.3367858 0.4988872 0.4267810
23 0.3740215 0.2117523 0.0271001 0.0166711
2 0.4442352 0.2117523 0.0271000 0.0166711
24 0.3062713 0.2717683 0.0271000 0.0166711
1 0.5821991 0.2717683 0.0271000 0.0166711
30 0.3740215 0.4518166 0.0271001 0.0166711
34 0.4436193 0.5112770 0.0652865 0.0600161
3 0.4442352 0.5118326 0.0271000 0.0166711
20 0.5132172 0.4518166 0.0271000 0.0166711
5 0.5132172 0.5118326 0.0271000 0.0166711
1 0.5821991 0.3317844 0.0271000 0.0166711
28 0.5132172 0.3317844 0.0271000 0.0166711
5 0.2372894 0.3918005 0.0271000 0.0166711
27 0.1683075 0.5118326 0.0271000 0.0166711
11 0.2372894 0.4518166 0.0271000 0.0166711
1 0.5821991 0.2117523 0.0271000 0.0166711
31 0.1683075 0.4518166 0.0271000 0.0166711
18 0.3740215 0.3918005 0.0271001 0.0166711
16 0.3062713 0.2117523 0.0271000 0.0166711
15 0.5132172 0.2717683 0.0271000 0.0166711
25 0.1683075 0.3918005 0.0271000 0.0166711
9 0.5132172 0.2117523 0.0271000 0.0166711
21 0.3740215 0.5118326 0.0271001 0.0166711
3 0.3740215 0.2717683 0.0271001 0.0166711
10 0.1683075 0.2117523 0.0271000 0.0166711
20 0.2372894 0.5118326 0.0271000 0.0166711
12 0.5821991 0.5118326 0.0271000 0.0166711
15 0.3062713 0.5118326 0.0271000 0.0166711
30 0.5821991 0.3918005 0.0271000 0.0166711
18 0.4442352 0.3918005 0.0271000 0.0166711
1 0.4442352 0.3317844 0.0271000 0.0166711
20 0.2372894 0.2717683 0.0271000 0.0166711
20 0.3062713 0.3317844 0.0271000 0.0166711
15 0.5132172 0.3918005 0.0271000 0.0166711
4 0.1683075 0.2717683 0.0271000 0.0166711
25 0.5821991 0.4518166 0.0271000 0.0166711
7 0.2372894 0.3317844 0.0271000 0.0166711
4 0.3062713 0.4518166 0.0271000 0.0166711
16 0.4442352 0.2717683 0.0271000 0.0166711
18 0.4442352 0.4518166 0.0271000 0.0166711
7 0.1683075 0.3317844 0.0271000 0.0166711
31 0.3740215 0.3317844 0.0271001 0.0166711
