25 0.5486393 0.6547103 0.0276650 0.0167038
3 0.6190593 0.7148439 0.0276650 0.0167038
32 0.4096853 0.5394541 0.5092881 0.4276171
33 0.5480105 0.4136189 0.0641326 0.0601336
12 0.5486393 0.4141757 0.0276650 0.0167038
15 0.4782192 0.4743093 0.0276650 0.0167038
22 0.5486393 0.5344430 0.0276650 0.0167038
21 0.1965388 0.5945766 0.0276650 0.0167038
6 0.2669589 0.5945766 0.0276650 0.0167038
10 0.1965388 0.7148439 0.0276650 0.0167038
25 0.1965388 0.5344430 0.0276650 0.0167038
4 0.4782192 0.7148439 0.0276650 0.0167038
14 0.3373790 0.5945766 0.0276650 0.0167038
17 0.5486393 0.5945766 0.0276650 0.0167038
28 0.4782192 0.5344430 0.0276650 0.0167038
9 0.4782192 0.4141757 0.0276650 0.0167038
8 0.2669589 0.6547103 0.0276650 0.0167038
2 0.6190593 0.6547103 0.0276650 0.0167038
21 0.6190593 0.4141757 0.0276650 0.0167038
10 0.1965388 0.6547103 0.0276650 0.0167038
29 0.3373790 0.4141757 0.0276650 0.0167038
4 0.4065416 0.7148439 0.0276651 0.0167038
26 0.6190593 0.5344430 0.0276650 0.0167038
11 0.4065416 0.4141757 0.0276651 0.0167038
11 0.4782192 0.6547103 0.0276650 0.0167038
15 0.2669589 0.4743093 0.0276650 0.0167038
16 0.4782192 0.5945766 0.0276650 0.0167038
18 0.5486393 0.7148439 0.0276650 0.0167038
10 0.5486393 0.4743093 0.0276650 0.0167038
25 0.6190593 0.5945766 0.0276650 0.0167038
30 0.6190593 0.4743093 0.0276650 0.0167038
5 0.2669589 0.4141757 0.0276650 0.0167038
24 0.4065416 0.5344430 0.0276651 0.0167038
4 0.4065416 0.4743093 0.0276651 0.0167038
15 0.2669589 0.7148439 0.0276650 0.0167038
13 0.1965388 0.4743093 0.0276650 0.0167038
18 0.3373790 0.7148439 0.0276650 0.0167038
31 0.2669589 0.5344430 0.0276650 0.0167038
24 0.3373790 0.5344430 0.0276650 0.0167038
3 0.1965388 0.4141757 0.0276650 0.0167038
3 0.4065416 0.6547103 0.0276651 0.0167038
29 0.3373790 0.6547103 0.0276650 0.0167038
8 0.4065416 0.5945766 0.0276651 0.0167038
6 0.3373790 0.4743093 0.0276650 0.0167038
