10 0.6666710 0.3970997 0.0284915 0.0158601
28 0.5216232 0.2829074 0.0284916 0.0158601
32 0.5960897 0.3447616 0.5245034 0.4060170
17 0.5928519 0.2258112 0.0284916 0.0158600
31 0.6666710 0.2829074 0.0284915 0.0158601
34 0.6660234 0.3394749 0.0686387 0.0570962
20 0.6666710 0.3400035 0.0284915 0.0158601
6 0.4490992 0.4541958 0.0284915 0.0158600
9 0.5928519 0.4541958 0.0284916 0.0158600
30 0.5216232 0.5112919 0.0284916 0.0158601
19 0.5928519 0.2829074 0.0284916 0.0158601
15 0.6666710 0.4541958 0.0284915 0.0158600
24 0.3765753 0.5112919 0.0284915 0.0158601
11 0.5928519 0.3970997 0.0284916 0.0158601
18 0.4490992 0.2258112 0.0284915 0.0158600
29 0.7391949 0.2829074 0.0284916 0.0158601
5 0.8117188 0.3400035 0.0284916 0.0158601
22 0.6666710 0.5112919 0.0284915 0.0158601
12 0.5928519 0.5112919 0.0284916 0.0158601
27 0.7391949 0.3970997 0.0284916 0.0158601
6 0.5216232 0.3970997 0.0284916 0.0158601
3 0.3765753 0.2258112 0.0284915 0.0158600
16 0.3765753 0.4541958 0.0284915 0.0158600
16 0.4490992 0.2829074 0.0284915 0.0158601
14 0.8117188 0.4541958 0.0284916 0.0158600
29 0.4490992 0.5112919 0.0284915 0.0158601
29 0.3765753 0.3970997 0.0284915 0.0158601
18 0.3765753 0.2829074 0.0284915 0.0158601
17 0.5928519 0.3400035 0.0284916 0.0158601
29 0.7391949 0.3400035 0.0284916 0.0158601
13 0.8117188 0.3970997 0.0284916 0.0158601
29 0.6666710 0.2258112 0.0284915 0.0158600
16 0.3765753 0.3400035 0.0284915 0.0158601
14 0.5216232 0.2258112 0.0284916 0.0158600
4 0.8117188 0.2258112 0.0284916 0.0158600
29 0.8117188 0.5112919 0.0284916 0.0158601
30 0.4490992 0.3400035 0.0284915 0.0158601
11 0.5216232 0.4541958 0.0284916 0.0158600
7 0.8117188 0.2829074 0.0284916 0.0158601
5 0.7391949 0.5112919 0.0284916 0.0158601
15 0.7391949 0.2258112 0.0284916 0.0158600
19 0.4490992 0.3970997 0.0284915 0.0158601
8 0.7391949 0.4541958 0.0284916 0.0158600
27 0.5216232 0.3400035 0.0284916 0.0158601
