18 0.1305735 0.6211243 0.0282575 0.0169531
18 0.1305735 0.6821556 0.0282575 0.0169531
32 0.3482844 0.5041477 0.5201942 0.4340001
27 0.3450733 0.3769992 0.0282574 0.0169531
1 0.4182858 0.4380305 0.0282575 0.0169531
26 0.4902139 0.4380305 0.0282574 0.0169531
3 0.4182858 0.4990618 0.0282575 0.0169531
22 0.3450733 0.5600930 0.0282574 0.0169531
34 0.3450733 0.6205592 0.0667904 0.0610313
16 0.3450733 0.6211243 0.0282574 0.0169531
28 0.2744297 0.4990618 0.0282575 0.0169531
3 0.5621420 0.6211243 0.0282575 0.0169531
16 0.4182858 0.3769992 0.0282575 0.0169531
24 0.1305735 0.5600930 0.0282575 0.0169531
6 0.4182858 0.6821556 0.0282575 0.0169531
14 0.5621420 0.4990618 0.0282575 0.0169531
27 0.1305735 0.4990618 0.0282575 0.0169531
27 0.4902139 0.6211243 0.0282574 0.0169531
14 0.5621420 0.3769992 0.0282575 0.0169531
27 0.3450733 0.6821556 0.0282574 0.0169531
2 0.2025016 0.6211243 0.0282574 0.0169531
9 0.4902139 0.4990618 0.0282574 0.0169531
15 0.2744297 0.4380305 0.0282575 0.0169531
3 0.2025016 0.3769992 0.0282574 0.0169531
2 0.4902139 0.5600930 0.0282574 0.0169531
19 0.4182858 0.6211243 0.0282575 0.0169531
10 0.5621420 0.4380305 0.0282575 0.0169531
29 0.2744297 0.5600930 0.0282575 0.0169531
8 0.2025016 0.4380305 0.0282574 0.0169531
28 0.4182858 0.5600930 0.0282575 0.0169531
14 0.3450733 0.4990618 0.0282574 0.0169531
17 0.1305735 0.3769992 0.0282575 0.0169531
5 0.5621420 0.5600930 0.0282575 0.0169531
21 0.1305735 0.4380305 0.0282575 0.0169531
1 0.3450733 0.4380305 0.0282574 0.0169531
13 0.2744297 0.3769992 0.0282575 0.0169531
22 0.5621420 0.6821556 0.0282575 0.0169531
6 0.2744297 0.6821556 0.0282575 0.0169531
24 0.2744297 0.6211243 0.0282575 0.0169531
10 0.2025016 0.6821556 0.0282574 0.0169531
7 0.2025016 0.5600930 0.0282574 0.0169531
18 0.2025016 0.4990618 0.0282574 0.0169531
9 0.4902139 0.6821556 0.0282574 0.0169531
2 0.4902139 0.3769992 0.0282574 0.0169531
