8 0.6976104 0.3588057 0.0286574 0.0162304
12 0.5517182 0.4172351 0.0286574 0.0162304
32 0.6266182 0.3636749 0.5275567 0.4154984
24 0.6233617 0.2419468 0.0286574 0.0162304
29 0.6976104 0.3003762 0.0286574 0.0162304
15 0.7705565 0.3588057 0.0286575 0.0162304
11 0.4058260 0.5340941 0.0286574 0.0162304
34 0.5517182 0.5335531 0.0677357 0.0584295
3 0.5517182 0.5340941 0.0286574 0.0162304
5 0.6976104 0.5340941 0.0286574 0.0162304
17 0.4058260 0.3003762 0.0286574 0.0162304
22 0.4058260 0.4756646 0.0286574 0.0162304
11 0.4787721 0.4172351 0.0286574 0.0162304
18 0.6233617 0.5340941 0.0286574 0.0162304
7 0.4058260 0.3588057 0.0286574 0.0162304
2 0.7705565 0.3003762 0.0286575 0.0162304
5 0.7705565 0.4172351 0.0286575 0.0162304
12 0.6976104 0.4172351 0.0286574 0.0162304
29 0.5517182 0.3003762 0.0286574 0.0162304
1 0.6976104 0.2419468 0.0286574 0.0162304
1 0.8435026 0.5340941 0.0286574 0.0162304
9 0.4787721 0.3588057 0.0286574 0.0162304
22 0.4058260 0.4172351 0.0286574 0.0162304
27 0.4787721 0.4756646 0.0286574 0.0162304
10 0.4787721 0.5340941 0.0286574 0.0162304
7 0.4787721 0.3003762 0.0286574 0.0162304
25 0.8435026 0.2419468 0.0286574 0.0162304
30 0.7705565 0.2419468 0.0286575 0.0162304
3 0.6233617 0.3003762 0.0286574 0.0162304
17 0.8435026 0.3003762 0.0286574 0.0162304
21 0.7705565 0.4756646 0.0286575 0.0162304
7 0.8435026 0.4172351 0.0286574 0.0162304
22 0.5517182 0.3588057 0.0286574 0.0162304
4 0.5517182 0.2419468 0.0286574 0.0162304
18 0.4058260 0.2419468 0.0286574 0.0162304
10 0.8435026 0.3588057 0.0286574 0.0162304
25 0.6233617 0.3588057 0.0286574 0.0162304
5 0.6976104 0.4756646 0.0286574 0.0162304
17 0.7705565 0.5340941 0.0286575 0.0162304
21 0.8435026 0.4756646 0.0286574 0.0162304
16 0.6233617 0.4172351 0.0286574 0.0162304
29 0.6233617 0.4756646 0.0286574 0.0162304
16 0.4787721 0.2419468 0.0286574 0.0162304
8 0.5517182 0.4756646 0.0286574 0.0162304
