6 0.5230293 0.6575519 0.0268619 0.0162073
22 0.5926261 0.4241659 0.0268619 0.0162074
32 0.5260818 0.4873746 0.4945035 0.4149086
33 0.5920156 0.3652791 0.0647128 0.0583465
28 0.5926261 0.3658194 0.0268619 0.0162074
22 0.5926261 0.4825124 0.0268619 0.0162073
4 0.7293777 0.5408589 0.0268620 0.0162073
9 0.3874988 0.6575519 0.0268619 0.0162073
3 0.6610019 0.6575519 0.0268619 0.0162073
26 0.7293777 0.6575519 0.0268620 0.0162073
16 0.6610019 0.5408589 0.0268619 0.0162073
8 0.7293777 0.5992055 0.0268620 0.0162073
25 0.4558746 0.3658194 0.0268619 0.0162074
15 0.5230293 0.4825124 0.0268619 0.0162073
10 0.6610019 0.3658194 0.0268619 0.0162074
21 0.5230293 0.5992055 0.0268619 0.0162073
9 0.6610019 0.4825124 0.0268619 0.0162073
22 0.3874988 0.3658194 0.0268619 0.0162074
30 0.6610019 0.5992055 0.0268619 0.0162073
14 0.3191230 0.5408589 0.0268619 0.0162073
12 0.3874988 0.4241659 0.0268619 0.0162074
10 0.7293777 0.4241659 0.0268620 0.0162074
1 0.3191230 0.4825124 0.0268619 0.0162073
26 0.5230293 0.5408589 0.0268619 0.0162073
2 0.5230293 0.3658194 0.0268619 0.0162074
1 0.4558746 0.5992055 0.0268619 0.0162073
12 0.7293777 0.4825124 0.0268620 0.0162073
16 0.3191230 0.3658194 0.0268619 0.0162074
9 0.3191230 0.6575519 0.0268619 0.0162073
9 0.5926261 0.5408589 0.0268619 0.0162073
10 0.6610019 0.4241659 0.0268619 0.0162074
14 0.5926261 0.5992055 0.0268619 0.0162073
28 0.3191230 0.5992055 0.0268619 0.0162073
31 0.3874988 0.5992055 0.0268619 0.0162073
13 0.5230293 0.4241659 0.0268619 0.0162074
7 0.4558746 0.5408589 0.0268619 0.0162073
31 0.4558746 0.4241659 0.0268619 0.0162074
7 0.3874988 0.5408589 0.0268619 0.0162073
10 0.4558746 0.4825124 0.0268619 0.0162073
24 0.4558746 0.6575519 0.0268619 0.0162073
2 0.3874988 0.4825124 0.0268619 0.0162073
17 0.3191230 0.4241659 0.0268619 0.0162074
10 0.5926261 0.6575519 0.0268619 0.0162073
30 0.7293777 0.3658194 0.0268620 0.0162074
