7 0.7672345 0.5558864 0.0275575 0.0164979
31 0.6269413 0.5558864 0.0275576 0.0164979
32 0.5586736 0.6202282 0.5073103 0.4223461
4 0.4165014 0.6152789 0.0275576 0.0164979
33 0.7672345 0.6147289 0.0651361 0.0593925
10 0.7672345 0.6152789 0.0275575 0.0164979
24 0.6269413 0.6746713 0.0275576 0.0164978
11 0.4866480 0.7340637 0.0275576 0.0164979
1 0.7672345 0.7340637 0.0275575 0.0164979
23 0.4866480 0.7934561 0.0275576 0.0164978
18 0.6970879 0.5558864 0.0275576 0.0164979
11 0.6970879 0.7934561 0.0275576 0.0164978
18 0.3463548 0.5558864 0.0275576 0.0164979
8 0.6970879 0.7340637 0.0275576 0.0164979
10 0.6269413 0.4964940 0.0275576 0.0164979
14 0.4165014 0.5558864 0.0275576 0.0164979
8 0.6970879 0.6152789 0.0275576 0.0164979
17 0.4866480 0.6746713 0.0275576 0.0164978
22 0.7672345 0.7934561 0.0275575 0.0164978
19 0.3463548 0.7340637 0.0275576 0.0164979
18 0.5555420 0.5558864 0.0275576 0.0164979
24 0.6269413 0.7934561 0.0275576 0.0164978
30 0.3463548 0.6152789 0.0275576 0.0164979
19 0.4866480 0.6152789 0.0275576 0.0164979
13 0.4866480 0.5558864 0.0275576 0.0164979
18 0.6269413 0.6152789 0.0275576 0.0164979
4 0.3463548 0.7934561 0.0275576 0.0164978
30 0.7672345 0.4964940 0.0275575 0.0164979
22 0.6269413 0.7340637 0.0275576 0.0164979
19 0.5555420 0.4964940 0.0275576 0.0164979
27 0.4165014 0.4964940 0.0275576 0.0164979
2 0.5555420 0.6152789 0.0275576 0.0164979
17 0.6970879 0.4964940 0.0275576 0.0164979
17 0.3463548 0.4964940 0.0275576 0.0164979
15 0.6970879 0.6746713 0.0275576 0.0164978
19 0.3463548 0.6746713 0.0275576 0.0164978
8 0.4866480 0.4964940 0.0275576 0.0164979
30 0.4165014 0.6746713 0.0275576 0.0164978
28 0.4165014 0.7934561 0.0275576 0.0164978
9 0.7672345 0.6746713 0.0275575 0.0164978
24 0.5555420 0.7340637 0.0275576 0.0164979
11 0.4165014 0.7340637 0.0275576 0.0164979
9 0.5555420 0.7934561 0.0275576 0.0164978
14 0.5555420 0.6746713 0.0275576 0.0164978
