27 0.4054453 0.6909820 0.0283803 0.0166950
17 0.5499267 0.6909820 0.0283803 0.0166950
32 0.4796210 0.5757864 0.5224553 0.4273925
5 0.3332045 0.4505737 0.0283803 0.0166950
3 0.5499267 0.4505737 0.0283803 0.0166950
23 0.2609638 0.5707779 0.0283803 0.0166950
10 0.5499267 0.6308799 0.0283803 0.0166950
1 0.6944082 0.6909820 0.0283803 0.0166950
34 0.6215224 0.7505276 0.0657906 0.0601021
4 0.6221674 0.7510841 0.0283803 0.0166950
25 0.6221674 0.4505737 0.0283803 0.0166950
8 0.4054453 0.6308799 0.0283803 0.0166950
2 0.4054453 0.5707779 0.0283803 0.0166950
28 0.3332045 0.5106758 0.0283803 0.0166950
27 0.6944082 0.5707779 0.0283803 0.0166950
15 0.3332045 0.6308799 0.0283803 0.0166950
21 0.4763960 0.6308799 0.0283803 0.0166950
7 0.6221674 0.5106758 0.0283803 0.0166950
8 0.2609638 0.4505737 0.0283803 0.0166950
31 0.6221674 0.5707779 0.0283803 0.0166950
30 0.6944082 0.5106758 0.0283803 0.0166950
24 0.4763960 0.5707779 0.0283803 0.0166950
1 0.4054453 0.5106758 0.0283803 0.0166950
11 0.2609638 0.7510841 0.0283803 0.0166950
30 0.4763960 0.6909820 0.0283803 0.0166950
15 0.5499267 0.7510841 0.0283803 0.0166950
22 0.6944082 0.4505737 0.0283803 0.0166950
30 0.2609638 0.5106758 0.0283803 0.0166950
15 0.3332045 0.7510841 0.0283803 0.0166950
1 0.4054453 0.4505737 0.0283803 0.0166950
10 0.5499267 0.5106758 0.0283803 0.0166950
7 0.4054453 0.7510841 0.0283803 0.0166950
16 0.2609638 0.6308799 0.0283803 0.0166950
16 0.4763960 0.7510841 0.0283803 0.0166950
24 0.6221674 0.6308799 0.0283803 0.0166950
4 0.4763960 0.4505737 0.0283803 0.0166950
17 0.6221674 0.6909820 0.0283803 0.0166950
21 0.3332045 0.6909820 0.0283803 0.0166950
14 0.5499267 0.5707779 0.0283803 0.0166950
27 0.6944082 0.7510841 0.0283803 0.0166950
12 0.3332045 0.5707779 0.0283803 0.0166950
11 0.6944082 0.6308799 0.0283803 0.0166950
6 0.4763960 0.5106758 0.0283803 0.0166950
18 0.2609638 0.6909820 0.0283803 0.0166950
