8 0.2534383 0.7127755 0.0284954 0.0158879
30 0.3259720 0.7127755 0.0284954 0.0158879
32 0.4729821 0.5459529 0.5245737 0.4067291
14 0.3259720 0.4267940 0.0284954 0.0158879
9 0.6161066 0.4267940 0.0284954 0.0158879
24 0.5435730 0.4839903 0.0284954 0.0158879
21 0.6161066 0.5411866 0.0284954 0.0158879
33 0.4697441 0.5978533 0.0673527 0.0571963
30 0.4697440 0.5983828 0.0284954 0.0158879
13 0.2534383 0.6555792 0.0284954 0.0158879
16 0.5435730 0.5411866 0.0284954 0.0158879
31 0.3259720 0.4839903 0.0284954 0.0158879
17 0.4697440 0.4267940 0.0284954 0.0158879
17 0.2534383 0.5411866 0.0284954 0.0158879
31 0.6161066 0.7127755 0.0284954 0.0158879
2 0.2534383 0.4839903 0.0284954 0.0158879
27 0.6886403 0.7127755 0.0284954 0.0158879
2 0.5435730 0.5983828 0.0284954 0.0158879
24 0.3259720 0.5983828 0.0284954 0.0158879
27 0.3985056 0.4839903 0.0284953 0.0158879
28 0.3259720 0.5411866 0.0284954 0.0158879
7 0.3985056 0.5983828 0.0284953 0.0158879
16 0.6161066 0.4839903 0.0284954 0.0158879
27 0.2534383 0.5983828 0.0284954 0.0158879
6 0.3985056 0.7127755 0.0284953 0.0158879
24 0.6161066 0.5983828 0.0284954 0.0158879
5 0.6886403 0.4267940 0.0284954 0.0158879
8 0.2534383 0.4267940 0.0284954 0.0158879
28 0.5435730 0.6555792 0.0284954 0.0158879
20 0.3259720 0.6555792 0.0284954 0.0158879
26 0.6886403 0.6555792 0.0284954 0.0158879
25 0.6886403 0.4839903 0.0284954 0.0158879
6 0.5435730 0.7127755 0.0284954 0.0158879
19 0.6886403 0.5983828 0.0284954 0.0158879
6 0.3985056 0.6555792 0.0284953 0.0158879
2 0.4697440 0.4839903 0.0284954 0.0158879
9 0.6161066 0.6555792 0.0284954 0.0158879
13 0.6886403 0.5411866 0.0284954 0.0158879
5 0.3985056 0.4267940 0.0284953 0.0158879
25 0.4697440 0.7127755 0.0284954 0.0158879
25 0.4697440 0.5411866 0.0284954 0.0158879
24 0.5435730 0.4267940 0.0284954 0.0158879
8 0.4697440 0.6555792 0.0284954 0.0158879
10 0.3985056 0.5411866 0.0284953 0.0158879
