17 0.4495157 0.4802635 0.0261617 0.0163513
2 0.4495157 0.5979928 0.0261617 0.0163513
32 0.6510797 0.4851689 0.4816131 0.4185930
4 0.6481068 0.3625342 0.0261617 0.0163513
33 0.4495157 0.4208538 0.0618367 0.0588646
9 0.4495157 0.4213989 0.0261617 0.0163513
18 0.6481068 0.4802635 0.0261617 0.0163513
9 0.8490762 0.5391281 0.0261617 0.0163513
5 0.6481068 0.5979928 0.0261617 0.0163513
1 0.7158894 0.5979928 0.0261617 0.0163513
10 0.5827026 0.4802635 0.0261617 0.0163513
13 0.7824828 0.4213989 0.0261617 0.0163513
5 0.5827026 0.6568574 0.0261617 0.0163513
6 0.5161091 0.6568574 0.0261617 0.0163513
6 0.8490762 0.6568574 0.0261617 0.0163513
14 0.7158894 0.6568574 0.0261617 0.0163513
5 0.5827026 0.4213989 0.0261617 0.0163513
8 0.5827026 0.5391281 0.0261617 0.0163513
10 0.7824828 0.5979928 0.0261617 0.0163513
3 0.5161091 0.5979928 0.0261617 0.0163513
26 0.4495157 0.6568574 0.0261617 0.0163513
28 0.7824828 0.3625342 0.0261617 0.0163513
11 0.5161091 0.3625342 0.0261617 0.0163513
31 0.5161091 0.4802635 0.0261617 0.0163513
16 0.8490762 0.4802635 0.0261617 0.0163513
29 0.7824828 0.6568574 0.0261617 0.0163513
2 0.7158894 0.4802635 0.0261617 0.0163513
21 0.6481068 0.4213989 0.0261617 0.0163513
27 0.5827026 0.5979928 0.0261617 0.0163513
22 0.8490762 0.4213989 0.0261617 0.0163513
4 0.7158894 0.4213989 0.0261617 0.0163513
21 0.6481068 0.6568574 0.0261617 0.0163513
3 0.8490762 0.3625342 0.0261617 0.0163513
22 0.7824828 0.4802635 0.0261617 0.0163513
29 0.4495157 0.3625342 0.0261617 0.0163513
19 0.4495157 0.5391281 0.0261617 0.0163513
17 0.5827026 0.3625342 0.0261617 0.0163513
13 0.5161091 0.5391281 0.0261617 0.0163513
7 0.5161091 0.4213989 0.0261617 0.0163513
27 0.7824828 0.5391281 0.0261617 0.0163513
7 0.8490762 0.5979928 0.0261617 0.0163513
21 0.7158894 0.5391281 0.0261617 0.0163513
4 0.6481068 0.5391281 0.0261617 0.0163513
31 0.7158894 0.3625342 0.0261617 0.0163513
