16 0.4148512 0.4269148 0.0262593 0.0164393
6 0.3492029 0.5452777 0.0262593 0.0164393
32 0.4178352 0.5502095 0.4834104 0.4208457
19 0.5497286 0.4269148 0.0262593 0.0164393
2 0.5497286 0.5452777 0.0262593 0.0164393
9 0.6165705 0.5452777 0.0262593 0.0164393
34 0.4148512 0.6039111 0.0620675 0.0591815
5 0.4148512 0.6044591 0.0262593 0.0164393
16 0.5497286 0.6044591 0.0262593 0.0164393
1 0.2823609 0.6636405 0.0262593 0.0164393
6 0.3492029 0.6636405 0.0262593 0.0164393
2 0.4828867 0.4860963 0.0262593 0.0164393
11 0.4148512 0.7228220 0.0262593 0.0164393
27 0.2823609 0.4860963 0.0262593 0.0164393
4 0.2823609 0.5452777 0.0262593 0.0164393
26 0.2155190 0.6636405 0.0262593 0.0164393
30 0.4148512 0.4860963 0.0262593 0.0164393
31 0.2823609 0.6044591 0.0262593 0.0164393
30 0.2823609 0.7228220 0.0262593 0.0164393
19 0.5497286 0.7228220 0.0262593 0.0164393
19 0.4828867 0.4269148 0.0262593 0.0164393
21 0.2823609 0.4269148 0.0262593 0.0164393
25 0.4828867 0.6636405 0.0262593 0.0164393
19 0.4828867 0.7228220 0.0262593 0.0164393
14 0.2155190 0.7228220 0.0262593 0.0164393
5 0.6165705 0.4269148 0.0262593 0.0164393
20 0.2155190 0.6044591 0.0262593 0.0164393
27 0.6165705 0.4860963 0.0262593 0.0164393
19 0.3492029 0.7228220 0.0262593 0.0164393
25 0.6165705 0.6044591 0.0262593 0.0164393
3 0.2155190 0.4269148 0.0262593 0.0164393
4 0.6165705 0.7228220 0.0262593 0.0164393
21 0.4148512 0.6636405 0.0262593 0.0164393
13 0.4148512 0.5452777 0.0262593 0.0164393
22 0.4828867 0.5452777 0.0262593 0.0164393
31 0.3492029 0.6044591 0.0262593 0.0164393
24 0.6165705 0.6636405 0.0262593 0.0164393
11 0.3492029 0.4860963 0.0262593 0.0164393
6 0.2155190 0.5452777 0.0262593 0.0164393
15 0.5497286 0.6636405 0.0262593 0.0164393
7 0.3492029 0.4269148 0.0262593 0.0164393
28 0.2155190 0.4860963 0.0262593 0.0164393
11 0.5497286 0.4860963 0.0262593 0.0164393
12 0.4828867 0.6044591 0.0262593 0.0164393
