21 0.7324583 0.3683589 0.0287475 0.0173004
4 0.7324583 0.3060775 0.0287475 0.0173004
32 0.5880677 0.4358306 0.5292148 0.4428904
15 0.3665815 0.3683589 0.0287474 0.0173004
27 0.6592830 0.3683589 0.0287475 0.0173004
23 0.3665815 0.4929219 0.0287474 0.0173004
2 0.4397569 0.4929219 0.0287474 0.0173004
33 0.7318050 0.4923452 0.0666418 0.0622815
27 0.7324583 0.4929219 0.0287475 0.0173004
24 0.5129322 0.6174848 0.0287475 0.0173004
12 0.4397569 0.3683589 0.0287474 0.0173004
12 0.7324583 0.5552033 0.0287475 0.0173004
14 0.6592830 0.3060775 0.0287475 0.0173004
28 0.6592830 0.4306404 0.0287475 0.0173003
31 0.4397569 0.6174848 0.0287474 0.0173004
24 0.5848009 0.4306404 0.0287475 0.0173003
13 0.3665815 0.4306404 0.0287474 0.0173003
27 0.4397569 0.5552033 0.0287474 0.0173004
17 0.5129322 0.5552033 0.0287475 0.0173004
29 0.5848009 0.3060775 0.0287475 0.0173004
13 0.3665815 0.5552033 0.0287474 0.0173004
6 0.4397569 0.3060775 0.0287474 0.0173004
14 0.5848009 0.6174848 0.0287475 0.0173004
29 0.8056338 0.4929219 0.0287474 0.0173004
22 0.8056338 0.3060775 0.0287474 0.0173004
13 0.5848009 0.3683589 0.0287475 0.0173004
10 0.6592830 0.5552033 0.0287475 0.0173004
9 0.7324583 0.6174848 0.0287475 0.0173004
26 0.8056338 0.3683589 0.0287474 0.0173004
22 0.8056338 0.6174848 0.0287474 0.0173004
17 0.5848009 0.4929219 0.0287475 0.0173004
24 0.4397569 0.4306404 0.0287474 0.0173003
1 0.5848009 0.5552033 0.0287475 0.0173004
25 0.5129322 0.4929219 0.0287475 0.0173004
24 0.5129322 0.4306404 0.0287475 0.0173003
1 0.3665815 0.6174848 0.0287474 0.0173004
13 0.6592830 0.6174848 0.0287475 0.0173004
4 0.3665815 0.3060775 0.0287474 0.0173004
20 0.5129322 0.3060775 0.0287475 0.0173004
14 0.8056338 0.5552033 0.0287474 0.0173004
8 0.5129322 0.3683589 0.0287475 0.0173004
10 0.6592830 0.4929219 0.0287475 0.0173004
28 0.7324583 0.4306404 0.0287475 0.0173003
1 0.8056338 0.4306404 0.0287474 0.0173003
