11 0.3671985 0.2456147 0.0273438 0.0162379
24 0.4380440 0.5378973 0.0273439 0.0162379
32 0.3703058 0.3673992 0.5033755 0.4156909
34 0.5772491 0.2450735 0.0646309 0.0584566
26 0.5772491 0.2456147 0.0273439 0.0162379
18 0.2988389 0.3040713 0.0273439 0.0162379
10 0.1596338 0.3625278 0.0273439 0.0162379
12 0.5772491 0.4209843 0.0273439 0.0162379
27 0.2988389 0.4794409 0.0273439 0.0162379
9 0.5772491 0.4794409 0.0273439 0.0162379
28 0.5076465 0.4209843 0.0273439 0.0162379
24 0.2292364 0.3625278 0.0273438 0.0162379
6 0.5076465 0.3625278 0.0273439 0.0162379
27 0.3671985 0.4794409 0.0273438 0.0162379
1 0.3671985 0.3040713 0.0273438 0.0162379
17 0.5772491 0.3625278 0.0273439 0.0162379
28 0.1596338 0.4794409 0.0273439 0.0162379
9 0.2292364 0.5378973 0.0273438 0.0162379
30 0.2988389 0.2456147 0.0273439 0.0162379
10 0.1596338 0.5378973 0.0273439 0.0162379
9 0.4380440 0.4209843 0.0273439 0.0162379
31 0.4380440 0.4794409 0.0273439 0.0162379
4 0.3671985 0.4209843 0.0273438 0.0162379
4 0.2292364 0.4794409 0.0273438 0.0162379
15 0.4380440 0.3040713 0.0273439 0.0162379
16 0.1596338 0.2456147 0.0273439 0.0162379
18 0.4380440 0.3625278 0.0273439 0.0162379
10 0.5772491 0.5378973 0.0273439 0.0162379
6 0.2988389 0.3625278 0.0273439 0.0162379
21 0.5076465 0.3040713 0.0273439 0.0162379
7 0.2292364 0.4209843 0.0273438 0.0162379
30 0.5076465 0.2456147 0.0273439 0.0162379
18 0.1596338 0.3040713 0.0273439 0.0162379
3 0.4380440 0.2456147 0.0273439 0.0162379
13 0.2988389 0.4209843 0.0273439 0.0162379
6 0.5076465 0.5378973 0.0273439 0.0162379
9 0.5772491 0.3040713 0.0273439 0.0162379
6 0.3671985 0.3625278 0.0273438 0.0162379
18 0.2292364 0.3040713 0.0273438 0.0162379
29 0.3671985 0.5378973 0.0273438 0.0162379
28 0.5076465 0.4794409 0.0273439 0.0162379
7 0.2292364 0.2456147 0.0273438 0.0162379
19 0.1596338 0.4209843 0.0273439 0.0162379
14 0.2988389 0.5378973 0.0273439 0.0162379
