6 0.4387065 0.5567624 0.0261491 0.0158337
14 0.5052678 0.6137638 0.0261491 0.0158337
32 0.6401734 0.5615125 0.4813811 0.4053434
6 0.6372019 0.4997609 0.0261491 0.0158337
13 0.7715131 0.6137638 0.0261491 0.0158337
15 0.5718291 0.6707652 0.0261491 0.0158337
23 0.6372019 0.6707652 0.0261491 0.0158337
33 0.4387065 0.7272388 0.0618069 0.0570014
13 0.4387065 0.7277666 0.0261491 0.0158337
4 0.5718291 0.7277666 0.0261491 0.0158337
9 0.7715131 0.4427595 0.0261491 0.0158337
2 0.7049518 0.4427595 0.0261491 0.0158337
9 0.7715131 0.7277666 0.0261491 0.0158337
19 0.8380745 0.6137638 0.0261491 0.0158337
18 0.8380745 0.6707652 0.0261491 0.0158337
18 0.4387065 0.6707652 0.0261491 0.0158337
27 0.8380745 0.7277666 0.0261491 0.0158337
20 0.7715131 0.5567624 0.0261491 0.0158337
8 0.5052678 0.4997609 0.0261491 0.0158337
27 0.7049518 0.7277666 0.0261491 0.0158337
16 0.8380745 0.5567624 0.0261491 0.0158337
8 0.6372019 0.7277666 0.0261491 0.0158337
28 0.7049518 0.5567624 0.0261491 0.0158337
19 0.7715131 0.6707652 0.0261491 0.0158337
11 0.8380745 0.4427595 0.0261491 0.0158337
6 0.5718291 0.6137638 0.0261491 0.0158337
13 0.6372019 0.5567624 0.0261491 0.0158337
18 0.7049518 0.6137638 0.0261491 0.0158337
8 0.7049518 0.4997609 0.0261491 0.0158337
19 0.5052678 0.6707652 0.0261491 0.0158337
22 0.7715131 0.4997609 0.0261491 0.0158337
12 0.6372019 0.6137638 0.0261491 0.0158337
17 0.5718291 0.4427595 0.0261491 0.0158337
29 0.4387065 0.4427595 0.0261491 0.0158337
21 0.5718291 0.4997609 0.0261491 0.0158337
26 0.5718291 0.5567624 0.0261491 0.0158337
12 0.5052678 0.5567624 0.0261491 0.0158337
7 0.5052678 0.4427595 0.0261491 0.0158337
24 0.6372019 0.4427595 0.0261491 0.0158337
26 0.4387065 0.4997609 0.0261491 0.0158337
10 0.7049518 0.6707652 0.0261491 0.0158337
11 0.5052678 0.7277666 0.0261491 0.0158337
22 0.4387065 0.6137638 0.0261491 0.0158337
18 0.8380745 0.4997609 0.0261491 0.0158337
