12 0.5716521 0.4609878 0.0280907 0.0164977
18 0.4286448 0.6985552 0.0280907 0.0164977
32 0.6450711 0.5847208 0.5171248 0.4223421
13 0.7146595 0.5797715 0.0280907 0.0164977
22 0.7861632 0.5797715 0.0280908 0.0164977
30 0.5716521 0.6391633 0.0280907 0.0164977
33 0.5716521 0.6980052 0.0663963 0.0593919
11 0.5716521 0.6985552 0.0280907 0.0164977
19 0.8576669 0.6985552 0.0280907 0.0164977
24 0.7146595 0.7579470 0.0280907 0.0164977
15 0.5716521 0.5797715 0.0280907 0.0164977
15 0.5001485 0.7579470 0.0280907 0.0164977
4 0.7861632 0.6391633 0.0280908 0.0164977
22 0.8576669 0.6391633 0.0280907 0.0164977
19 0.8576669 0.5203796 0.0280907 0.0164977
22 0.7861632 0.5203796 0.0280908 0.0164977
8 0.8576669 0.4609878 0.0280907 0.0164977
20 0.4286448 0.7579470 0.0280907 0.0164977
28 0.6418790 0.6985552 0.0280907 0.0164977
6 0.4286448 0.5797715 0.0280907 0.0164977
28 0.7861632 0.4609878 0.0280908 0.0164977
24 0.6418790 0.6391633 0.0280907 0.0164977
12 0.5001485 0.4609878 0.0280907 0.0164977
9 0.8576669 0.7579470 0.0280907 0.0164977
15 0.6418790 0.5203796 0.0280907 0.0164977
8 0.6418790 0.4609878 0.0280907 0.0164977
25 0.6418790 0.7579470 0.0280907 0.0164977
22 0.7861632 0.7579470 0.0280908 0.0164977
3 0.7861632 0.6985552 0.0280908 0.0164977
30 0.5001485 0.5797715 0.0280907 0.0164977
10 0.8576669 0.5797715 0.0280907 0.0164977
3 0.4286448 0.5203796 0.0280907 0.0164977
3 0.4286448 0.4609878 0.0280907 0.0164977
21 0.5001485 0.6391633 0.0280907 0.0164977
14 0.5716521 0.5203796 0.0280907 0.0164977
5 0.5001485 0.6985552 0.0280907 0.0164977
27 0.5716521 0.7579470 0.0280907 0.0164977
8 0.7146595 0.6391633 0.0280907 0.0164977
26 0.6418790 0.5797715 0.0280907 0.0164977
1 0.7146595 0.6985552 0.0280907 0.0164977
29 0.4286448 0.6391633 0.0280907 0.0164977
11 0.7146595 0.4609878 0.0280907 0.0164977
6 0.5001485 0.5203796 0.0280907 0.0164977
14 0.7146595 0.5203796 0.0280907 0.0164977
