9 0.3106575 0.2663035 0.0267972 0.0170470
15 0.5165091 0.5117803 0.0267973 0.0170470
32 0.3137026 0.3941560 0.4933130 0.4364032
18 0.2436644 0.3890419 0.0267973 0.0170471
20 0.3106575 0.3890419 0.0267972 0.0170471
5 0.4482979 0.4504111 0.0267973 0.0170470
34 0.1748442 0.5112121 0.0621209 0.0613692
18 0.1754532 0.5117803 0.0267973 0.0170470
4 0.4482979 0.5117803 0.0267973 0.0170470
14 0.3106575 0.5731495 0.0267972 0.0170471
13 0.1072420 0.3890419 0.0267972 0.0170471
22 0.1072420 0.2663035 0.0267972 0.0170470
14 0.3800867 0.4504111 0.0267973 0.0170470
10 0.1072420 0.5117803 0.0267972 0.0170470
11 0.3106575 0.3276727 0.0267972 0.0170470
25 0.3800867 0.2663035 0.0267973 0.0170470
11 0.2436644 0.5731495 0.0267973 0.0170471
2 0.1754532 0.2663035 0.0267973 0.0170470
5 0.3106575 0.4504111 0.0267972 0.0170470
17 0.4482979 0.5731495 0.0267973 0.0170471
20 0.1072420 0.5731495 0.0267972 0.0170471
22 0.4482979 0.3890419 0.0267973 0.0170471
12 0.2436644 0.4504111 0.0267973 0.0170470
7 0.3800867 0.3276727 0.0267973 0.0170470
18 0.2436644 0.5117803 0.0267973 0.0170470
18 0.1072420 0.3276727 0.0267972 0.0170470
9 0.1072420 0.4504111 0.0267972 0.0170470
16 0.5165091 0.3276727 0.0267973 0.0170470
7 0.3800867 0.5731495 0.0267973 0.0170471
9 0.2436644 0.2663035 0.0267973 0.0170470
30 0.3800867 0.5117803 0.0267973 0.0170470
19 0.2436644 0.3276727 0.0267973 0.0170470
13 0.3800867 0.3890419 0.0267973 0.0170471
15 0.5165091 0.5731495 0.0267973 0.0170471
21 0.4482979 0.2663035 0.0267973 0.0170470
22 0.3106575 0.5117803 0.0267972 0.0170470
30 0.1754532 0.5731495 0.0267973 0.0170471
31 0.5165091 0.4504111 0.0267973 0.0170470
4 0.5165091 0.3890419 0.0267973 0.0170471
3 0.1754532 0.3890419 0.0267973 0.0170471
3 0.4482979 0.3276727 0.0267973 0.0170470
17 0.5165091 0.2663035 0.0267973 0.0170470
24 0.1754532 0.4504111 0.0267973 0.0170470
16 0.1754532 0.3276727 0.0267973 0.0170470
