1 0.1159143 0.4104971 0.0275236 0.0159620
25 0.3961550 0.3530340 0.0275236 0.0159620
32 0.2579113 0.3578225 0.5066852 0.4086265
9 0.3260949 0.2381077 0.0275236 0.0159620
19 0.1159143 0.2955708 0.0275236 0.0159620
3 0.2547836 0.3530340 0.0275237 0.0159620
4 0.0458542 0.4104971 0.0275236 0.0159620
33 0.2547836 0.4674280 0.0650559 0.0574631
25 0.2547836 0.4679601 0.0275237 0.0159619
22 0.3961550 0.5254232 0.0275236 0.0159620
15 0.1859745 0.2381077 0.0275236 0.0159620
22 0.1159143 0.4679601 0.0275236 0.0159619
10 0.1159143 0.5254232 0.0275236 0.0159620
1 0.2547836 0.2381077 0.0275237 0.0159620
13 0.1859745 0.5254232 0.0275236 0.0159620
20 0.0458542 0.4679601 0.0275236 0.0159619
14 0.4662152 0.4104971 0.0275237 0.0159620
15 0.3961550 0.2955708 0.0275236 0.0159620
15 0.1159143 0.3530340 0.0275236 0.0159620
2 0.4662152 0.3530340 0.0275237 0.0159620
21 0.2547836 0.5254232 0.0275237 0.0159620
31 0.4662152 0.2955708 0.0275237 0.0159620
31 0.3260949 0.4679601 0.0275236 0.0159619
2 0.3961550 0.4104971 0.0275236 0.0159620
1 0.4662152 0.5254232 0.0275237 0.0159620
1 0.0458542 0.5254232 0.0275236 0.0159620
7 0.3961550 0.2381077 0.0275236 0.0159620
28 0.0458542 0.2381077 0.0275236 0.0159620
10 0.3961550 0.4679601 0.0275236 0.0159619
26 0.3260949 0.4104971 0.0275236 0.0159620
18 0.3260949 0.5254232 0.0275236 0.0159620
31 0.4662152 0.2381077 0.0275237 0.0159620
22 0.2547836 0.2955708 0.0275237 0.0159620
26 0.3260949 0.2955708 0.0275236 0.0159620
19 0.2547836 0.4104971 0.0275237 0.0159620
13 0.3260949 0.3530340 0.0275236 0.0159620
9 0.1159143 0.2381077 0.0275236 0.0159620
21 0.4662152 0.4679601 0.0275237 0.0159619
14 0.1859745 0.2955708 0.0275236 0.0159620
7 0.1859745 0.4104971 0.0275236 0.0159620
21 0.1859745 0.3530340 0.0275236 0.0159620
19 0.0458542 0.3530340 0.0275236 0.0159620
8 0.0458542 0.2955708 0.0275236 0.0159620
27 0.1859745 0.4679601 0.0275236 0.0159619
