12 0.2119159 0.3417040 0.0263587 0.0170228
7 0.5473903 0.5868325 0.0263587 0.0170228
32 0.3479028 0.4080930 0.4852398 0.4357839
13 0.5473903 0.2804219 0.0263587 0.0170228
31 0.5473903 0.4029862 0.0263587 0.0170228
33 0.1448210 0.4637008 0.0623024 0.0612821
30 0.1448210 0.4642683 0.0263587 0.0170228
30 0.3449075 0.4642683 0.0263587 0.0170228
8 0.1448210 0.5255504 0.0263587 0.0170228
16 0.2790107 0.5255504 0.0263587 0.0170228
1 0.4132005 0.4642683 0.0263587 0.0170228
28 0.4132005 0.2804219 0.0263587 0.0170228
7 0.1448210 0.5868325 0.0263587 0.0170228
1 0.2119159 0.4642683 0.0263587 0.0170228
28 0.2790107 0.2804219 0.0263587 0.0170228
20 0.4132005 0.5255504 0.0263587 0.0170228
27 0.2119159 0.4029862 0.0263587 0.0170228
21 0.1448210 0.2804219 0.0263587 0.0170228
28 0.5473903 0.4642683 0.0263587 0.0170228
11 0.2790107 0.4642683 0.0263587 0.0170228
31 0.1448210 0.3417040 0.0263587 0.0170228
24 0.4132005 0.3417040 0.0263587 0.0170228
4 0.2790107 0.4029862 0.0263587 0.0170228
24 0.3449075 0.5255504 0.0263587 0.0170228
14 0.4132005 0.5868325 0.0263587 0.0170228
21 0.4802954 0.3417040 0.0263587 0.0170228
22 0.4802954 0.5868325 0.0263587 0.0170228
21 0.2790107 0.5868325 0.0263587 0.0170228
17 0.4802954 0.4642683 0.0263587 0.0170228
22 0.5473903 0.3417040 0.0263587 0.0170228
7 0.4802954 0.2804219 0.0263587 0.0170228
2 0.3449075 0.5868325 0.0263587 0.0170228
31 0.4802954 0.5255504 0.0263587 0.0170228
10 0.3449075 0.3417040 0.0263587 0.0170228
2 0.3449075 0.2804219 0.0263587 0.0170228
8 0.2119159 0.2804219 0.0263587 0.0170228
11 0.4802954 0.4029862 0.0263587 0.0170228
16 0.4132005 0.4029862 0.0263587 0.0170228
13 0.2790107 0.3417040 0.0263587 0.0170228
29 0.3449075 0.4029862 0.0263587 0.0170228
6 0.5473903 0.5255504 0.0263587 0.0170228
24 0.1448210 0.4029862 0.0263587 0.0170228
1 0.2119159 0.5255504 0.0263587 0.0170228
22 0.2119159 0.5868325 0.0263587 0.0170228
