27 0.4010798 0.5187906 0.0283850 0.0169747
9 0.6900912 0.3965727 0.0283851 0.0169748
32 0.5475209 0.3405562 0.5225431 0.4345523
33 0.4733327 0.2126801 0.0670920 0.0611089
1 0.4733327 0.2132460 0.0283850 0.0169747
3 0.6900912 0.2743549 0.0283851 0.0169747
21 0.4733327 0.3354638 0.0283850 0.0169747
9 0.7623442 0.3965727 0.0283851 0.0169748
25 0.7623442 0.4576816 0.0283851 0.0169747
5 0.4733327 0.5187906 0.0283850 0.0169747
12 0.4010798 0.2132460 0.0283850 0.0169747
25 0.6178384 0.3354638 0.0283851 0.0169747
16 0.6900912 0.4576816 0.0283851 0.0169747
29 0.7623442 0.3354638 0.0283851 0.0169747
17 0.3288269 0.2743549 0.0283850 0.0169747
12 0.5442953 0.2132460 0.0283851 0.0169747
1 0.4010798 0.3965727 0.0283850 0.0169748
18 0.5442953 0.3354638 0.0283851 0.0169747
2 0.6900912 0.3354638 0.0283851 0.0169747
26 0.4010798 0.3354638 0.0283850 0.0169747
28 0.7623442 0.2132460 0.0283851 0.0169747
30 0.6178384 0.2132460 0.0283851 0.0169747
26 0.5442953 0.5187906 0.0283851 0.0169747
29 0.6900912 0.2132460 0.0283851 0.0169747
30 0.4010798 0.4576816 0.0283850 0.0169747
7 0.7623442 0.5187906 0.0283851 0.0169747
8 0.4733327 0.2743549 0.0283850 0.0169747
6 0.4733327 0.4576816 0.0283850 0.0169747
5 0.3288269 0.2132460 0.0283850 0.0169747
10 0.3288269 0.4576816 0.0283850 0.0169747
22 0.3288269 0.3354638 0.0283850 0.0169747
10 0.6178384 0.2743549 0.0283851 0.0169747
31 0.5442953 0.3965727 0.0283851 0.0169748
2 0.5442953 0.2743549 0.0283851 0.0169747
7 0.4010798 0.2743549 0.0283850 0.0169747
13 0.6178384 0.5187906 0.0283851 0.0169747
16 0.4733327 0.3965727 0.0283850 0.0169748
8 0.5442953 0.4576816 0.0283851 0.0169747
4 0.6178384 0.4576816 0.0283851 0.0169747
1 0.3288269 0.3965727 0.0283850 0.0169748
16 0.6900912 0.5187906 0.0283851 0.0169747
11 0.7623442 0.2743549 0.0283851 0.0169747
14 0.6178384 0.3965727 0.0283851 0.0169748
1 0.3288269 0.5187906 0.0283850 0.0169747
