28 0.8352789 0.4822235 0.0277315 0.0172905
22 0.6941004 0.6067152 0.0277315 0.0172905
32 0.6254020 0.4874107 0.5105114 0.4426369
15 0.7646896 0.3577319 0.0277315 0.0172905
18 0.8352789 0.3577319 0.0277315 0.0172905
30 0.4823327 0.5444694 0.0277315 0.0172905
27 0.5529219 0.5444694 0.0277315 0.0172905
34 0.8352789 0.5438930 0.0655471 0.0622458
11 0.8352789 0.5444694 0.0277315 0.0172905
6 0.6941004 0.6689610 0.0277315 0.0172905
4 0.7646896 0.6689610 0.0277315 0.0172905
2 0.7646896 0.4822235 0.0277315 0.0172905
8 0.4117435 0.3577319 0.0277315 0.0172905
1 0.6941004 0.4822235 0.0277315 0.0172905
3 0.8352789 0.4199777 0.0277315 0.0172905
14 0.6222507 0.4822235 0.0277315 0.0172905
2 0.6941004 0.5444694 0.0277315 0.0172905
12 0.4117435 0.5444694 0.0277315 0.0172905
25 0.6941004 0.3577319 0.0277315 0.0172905
11 0.8352789 0.6689610 0.0277315 0.0172905
31 0.4823327 0.4199777 0.0277315 0.0172905
29 0.5529219 0.4199777 0.0277315 0.0172905
29 0.6222507 0.6067152 0.0277315 0.0172905
6 0.6222507 0.6689610 0.0277315 0.0172905
30 0.4117435 0.4199777 0.0277315 0.0172905
15 0.6941004 0.4199777 0.0277315 0.0172905
19 0.6222507 0.5444694 0.0277315 0.0172905
5 0.7646896 0.4199777 0.0277315 0.0172905
7 0.5529219 0.4822235 0.0277315 0.0172905
21 0.4823327 0.3577319 0.0277315 0.0172905
11 0.4117435 0.4822235 0.0277315 0.0172905
16 0.4117435 0.6689610 0.0277315 0.0172905
9 0.4823327 0.6689610 0.0277315 0.0172905
21 0.7646896 0.5444694 0.0277315 0.0172905
6 0.4823327 0.4822235 0.0277315 0.0172905
14 0.6222507 0.3577319 0.0277315 0.0172905
31 0.8352789 0.6067152 0.0277315 0.0172905
16 0.4823327 0.6067152 0.0277315 0.0172905
16 0.7646896 0.6067152 0.0277315 0.0172905
18 0.6222507 0.4199777 0.0277315 0.0172905
30 0.5529219 0.6689610 0.0277315 0.0172905
1 0.5529219 0.3577319 0.0277315 0.0172905
31 0.5529219 0.6067152 0.0277315 0.0172905
6 0.4117435 0.6067152 0.0277315 0.0172905
