26 0.6361797 0.4515143 0.0277974 0.0169140
28 0.6361797 0.6950755 0.0277974 0.0169140
32 0.6393385 0.5174788 0.5117241 0.4329977
1 0.7789570 0.3906241 0.0277974 0.0169140
9 0.4251724 0.4515143 0.0277974 0.0169140
5 0.5666862 0.4515143 0.0277974 0.0169140
17 0.4251724 0.5124046 0.0277974 0.0169140
10 0.7789570 0.5124046 0.0277974 0.0169140
33 0.7783252 0.6945117 0.0644393 0.0608903
1 0.7789570 0.6950755 0.0277974 0.0169140
12 0.5666862 0.5732949 0.0277974 0.0169140
26 0.4251724 0.3906241 0.0277974 0.0169140
6 0.4251724 0.6950755 0.0277974 0.0169140
10 0.7082001 0.6950755 0.0277973 0.0169140
9 0.5666862 0.6341852 0.0277974 0.0169140
18 0.5666862 0.6950755 0.0277974 0.0169140
29 0.8497139 0.6341852 0.0277973 0.0169140
7 0.4251724 0.5732949 0.0277974 0.0169140
24 0.6361797 0.5124046 0.0277974 0.0169140
5 0.6361797 0.6341852 0.0277974 0.0169140
21 0.4959293 0.3906241 0.0277974 0.0169140
28 0.4959293 0.6341852 0.0277974 0.0169140
7 0.5666862 0.5124046 0.0277974 0.0169140
20 0.7082001 0.5124046 0.0277973 0.0169140
11 0.6361797 0.3906241 0.0277974 0.0169140
13 0.8497139 0.6950755 0.0277973 0.0169140
5 0.8497139 0.5732949 0.0277973 0.0169140
9 0.4959293 0.6950755 0.0277974 0.0169140
4 0.4959293 0.5732949 0.0277974 0.0169140
25 0.8497139 0.4515143 0.0277973 0.0169140
26 0.4959293 0.5124046 0.0277974 0.0169140
6 0.7789570 0.6341852 0.0277974 0.0169140
2 0.7789570 0.4515143 0.0277974 0.0169140
3 0.7082001 0.4515143 0.0277973 0.0169140
26 0.5666862 0.3906241 0.0277974 0.0169140
18 0.6361797 0.5732949 0.0277974 0.0169140
28 0.7082001 0.3906241 0.0277973 0.0169140
14 0.7082001 0.5732949 0.0277973 0.0169140
24 0.4959293 0.4515143 0.0277974 0.0169140
9 0.8497139 0.5124046 0.0277973 0.0169140
17 0.7082001 0.6341852 0.0277973 0.0169140
25 0.8497139 0.3906241 0.0277973 0.0169140
11 0.4251724 0.6341852 0.0277974 0.0169140
29 0.7789570 0.5732949 0.0277974 0.0169140
