16 0.5379956 0.5939543 0.0277423 0.0167054
18 0.4673788 0.2932574 0.0277423 0.0167054
32 0.6105040 0.4185478 0.5107111 0.4276578
9 0.8204630 0.2932574 0.0277423 0.0167054
34 0.3967619 0.3528400 0.0655728 0.0601394
28 0.3967619 0.3533968 0.0277423 0.0167054
16 0.4673788 0.4736756 0.0277423 0.0167054
12 0.7498460 0.4736756 0.0277424 0.0167054
25 0.8204630 0.4736756 0.0277423 0.0167054
3 0.6792293 0.5338149 0.0277423 0.0167054
17 0.5379956 0.4736756 0.0277423 0.0167054
10 0.6792293 0.4135362 0.0277423 0.0167054
25 0.5379956 0.5338149 0.0277423 0.0167054
22 0.6073514 0.2932574 0.0277423 0.0167054
13 0.5379956 0.2932574 0.0277423 0.0167054
9 0.7498460 0.5338149 0.0277424 0.0167054
18 0.6073514 0.4135362 0.0277423 0.0167054
28 0.6073514 0.5338149 0.0277423 0.0167054
22 0.3967619 0.2932574 0.0277423 0.0167054
29 0.5379956 0.4135362 0.0277423 0.0167054
10 0.4673788 0.4135362 0.0277423 0.0167054
24 0.4673788 0.3533968 0.0277423 0.0167054
28 0.8204630 0.3533968 0.0277423 0.0167054
18 0.3967619 0.4135362 0.0277423 0.0167054
14 0.8204630 0.5338149 0.0277423 0.0167054
18 0.6073514 0.3533968 0.0277423 0.0167054
19 0.7498460 0.5939543 0.0277424 0.0167054
6 0.4673788 0.5939543 0.0277423 0.0167054
10 0.4673788 0.5338149 0.0277423 0.0167054
15 0.5379956 0.3533968 0.0277423 0.0167054
5 0.7498460 0.4135362 0.0277424 0.0167054
22 0.7498460 0.3533968 0.0277424 0.0167054
22 0.3967619 0.5939543 0.0277423 0.0167054
27 0.6073514 0.4736756 0.0277423 0.0167054
28 0.7498460 0.2932574 0.0277424 0.0167054
27 0.8204630 0.5939543 0.0277423 0.0167054
29 0.8204630 0.4135362 0.0277423 0.0167054
29 0.3967619 0.4736756 0.0277423 0.0167054
29 0.6792293 0.5939543 0.0277423 0.0167054
14 0.6073514 0.5939543 0.0277423 0.0167054
14 0.6792293 0.4736756 0.0277423 0.0167054
12 0.3967619 0.5338149 0.0277423 0.0167054
2 0.6792293 0.3533968 0.0277423 0.0167054
8 0.6792293 0.2932574 0.0277423 0.0167054
