27 0.6183811 0.4148832 0.0273798 0.0168360
17 0.5486871 0.4148832 0.0273798 0.0168360
32 0.4808599 0.3593243 0.5040372 0.4310025
12 0.5486871 0.2936637 0.0273798 0.0168360
33 0.5480648 0.3537123 0.0659604 0.0606097
10 0.5486871 0.3542734 0.0273798 0.0168360
8 0.6880752 0.3542734 0.0273798 0.0168360
16 0.3396049 0.4148832 0.0273798 0.0168360
10 0.4777485 0.4148832 0.0273798 0.0168360
20 0.2699109 0.4754929 0.0273798 0.0168361
26 0.2699109 0.5361026 0.0273798 0.0168361
6 0.2699109 0.2936637 0.0273798 0.0168360
9 0.2699109 0.4148832 0.0273798 0.0168360
3 0.3396049 0.5361026 0.0273798 0.0168361
17 0.4777485 0.5361026 0.0273798 0.0168361
3 0.4777485 0.4754929 0.0273798 0.0168361
1 0.4092990 0.5361026 0.0273798 0.0168361
20 0.3396049 0.4754929 0.0273798 0.0168361
28 0.3396049 0.3542734 0.0273798 0.0168360
27 0.4777485 0.3542734 0.0273798 0.0168360
25 0.6183811 0.4754929 0.0273798 0.0168361
27 0.3396049 0.2936637 0.0273798 0.0168360
30 0.2699109 0.3542734 0.0273798 0.0168360
6 0.5486871 0.2330540 0.0273798 0.0168360
14 0.4092990 0.4754929 0.0273798 0.0168361
4 0.6880752 0.4754929 0.0273798 0.0168361
7 0.6880752 0.2936637 0.0273798 0.0168360
17 0.4092990 0.2936637 0.0273798 0.0168360
21 0.2699109 0.2330540 0.0273798 0.0168360
6 0.4092990 0.3542734 0.0273798 0.0168360
11 0.4777485 0.2330540 0.0273798 0.0168360
13 0.3396049 0.2330540 0.0273798 0.0168360
7 0.6880752 0.2330540 0.0273798 0.0168360
10 0.4092990 0.2330540 0.0273798 0.0168360
3 0.4092990 0.4148832 0.0273798 0.0168360
7 0.4777485 0.2936637 0.0273798 0.0168360
1 0.6183811 0.3542734 0.0273798 0.0168360
30 0.5486871 0.5361026 0.0273798 0.0168361
18 0.6880752 0.4148832 0.0273798 0.0168360
31 0.6880752 0.5361026 0.0273798 0.0168361
12 0.6183811 0.2936637 0.0273798 0.0168360
19 0.6183811 0.5361026 0.0273798 0.0168361
27 0.5486871 0.4754929 0.0273798 0.0168361
9 0.6183811 0.2330540 0.0273798 0.0168360
