30 0.5229324 0.7244925 0.0263799 0.0159743
12 0.8586762 0.4944625 0.0263799 0.0159743
32 0.6590285 0.6142698 0.4856294 0.4089422
20 0.6560309 0.4944625 0.0263799 0.0159743
9 0.4557837 0.6669850 0.0263799 0.0159743
34 0.5900812 0.6664525 0.0623524 0.0575075
26 0.5900812 0.6669850 0.0263799 0.0159743
6 0.5900812 0.7244925 0.0263799 0.0159743
25 0.7915275 0.7820001 0.0263799 0.0159743
14 0.8586762 0.7820001 0.0263799 0.0159743
13 0.7915275 0.4944625 0.0263799 0.0159743
29 0.4557837 0.7244925 0.0263799 0.0159743
4 0.4557837 0.7820001 0.0263799 0.0159743
13 0.7243787 0.6094775 0.0263799 0.0159743
4 0.8586762 0.6669850 0.0263799 0.0159743
28 0.7243787 0.7244925 0.0263799 0.0159743
21 0.5900812 0.5519700 0.0263799 0.0159743
16 0.7915275 0.7244925 0.0263799 0.0159743
2 0.6560309 0.6669850 0.0263799 0.0159743
26 0.5229324 0.7820001 0.0263799 0.0159743
11 0.4557837 0.5519700 0.0263799 0.0159743
13 0.5900812 0.7820001 0.0263799 0.0159743
29 0.5229324 0.4944625 0.0263799 0.0159743
22 0.7915275 0.5519700 0.0263799 0.0159743
21 0.5900812 0.6094775 0.0263799 0.0159743
4 0.6560309 0.5519700 0.0263799 0.0159743
30 0.8586762 0.5519700 0.0263799 0.0159743
20 0.7915275 0.6669850 0.0263799 0.0159743
14 0.4557837 0.4944625 0.0263799 0.0159743
21 0.7243787 0.4944625 0.0263799 0.0159743
28 0.7915275 0.6094775 0.0263799 0.0159743
19 0.5229324 0.5519700 0.0263799 0.0159743
20 0.6560309 0.6094775 0.0263799 0.0159743
31 0.5900812 0.4944625 0.0263799 0.0159743
2 0.7243787 0.5519700 0.0263799 0.0159743
15 0.7243787 0.7820001 0.0263799 0.0159743
4 0.8586762 0.7244925 0.0263799 0.0159743
10 0.6560309 0.7244925 0.0263799 0.0159743
11 0.5229324 0.6669850 0.0263799 0.0159743
16 0.7243787 0.6669850 0.0263799 0.0159743
5 0.5229324 0.6094775 0.0263799 0.0159743
14 0.4557837 0.6094775 0.0263799 0.0159743
25 0.6560309 0.7820001 0.0263799 0.0159743
30 0.8586762 0.6094775 0.0263799 0.0159743
