25 0.3267165 0.7013428 0.0284013 0.0166081
30 0.6158932 0.4621859 0.0284013 0.0166081
32 0.4009472 0.5867468 0.5228418 0.4251678
14 0.3977197 0.4621859 0.0284013 0.0166081
11 0.4713049 0.5219751 0.0284013 0.0166081
18 0.2544224 0.7013428 0.0284013 0.0166081
34 0.1821282 0.7605783 0.0671303 0.0597892
24 0.1821282 0.7611320 0.0284013 0.0166081
1 0.3267165 0.7611320 0.0284013 0.0166081
12 0.5435991 0.7611320 0.0284013 0.0166081
16 0.2544224 0.6415535 0.0284013 0.0166081
31 0.3977197 0.7611320 0.0284013 0.0166081
15 0.2544224 0.4621859 0.0284013 0.0166081
21 0.5435991 0.4621859 0.0284013 0.0166081
4 0.3977197 0.7013428 0.0284013 0.0166081
19 0.6158932 0.6415535 0.0284013 0.0166081
18 0.3267165 0.4621859 0.0284013 0.0166081
11 0.3977197 0.5817643 0.0284013 0.0166081
31 0.3267165 0.5219751 0.0284013 0.0166081
10 0.1821282 0.4621859 0.0284013 0.0166081
14 0.1821282 0.5817643 0.0284013 0.0166081
18 0.1821282 0.6415535 0.0284013 0.0166081
4 0.1821282 0.7013428 0.0284013 0.0166081
16 0.6158932 0.5219751 0.0284013 0.0166081
24 0.4713049 0.7611320 0.0284013 0.0166081
15 0.6158932 0.5817643 0.0284013 0.0166081
3 0.5435991 0.5219751 0.0284013 0.0166081
22 0.2544224 0.5817643 0.0284013 0.0166081
28 0.3267165 0.6415535 0.0284013 0.0166081
12 0.4713049 0.4621859 0.0284013 0.0166081
18 0.5435991 0.6415535 0.0284013 0.0166081
11 0.3977197 0.6415535 0.0284013 0.0166081
27 0.6158932 0.7013428 0.0284013 0.0166081
11 0.4713049 0.6415535 0.0284013 0.0166081
7 0.2544224 0.5219751 0.0284013 0.0166081
11 0.3267165 0.5817643 0.0284013 0.0166081
17 0.2544224 0.7611320 0.0284013 0.0166081
10 0.3977197 0.5219751 0.0284013 0.0166081
24 0.5435991 0.5817643 0.0284013 0.0166081
25 0.6158932 0.7611320 0.0284013 0.0166081
15 0.4713049 0.7013428 0.0284013 0.0166081
4 0.4713049 0.5817643 0.0284013 0.0166081
4 0.1821282 0.5219751 0.0284013 0.0166081
9 0.5435991 0.7013428 0.0284013 0.0166081
