29 0.6100295 0.2311332 0.0270912 0.0168149
22 0.5398388 0.2311332 0.0270912 0.0168149
32 0.5429174 0.3572447 0.4987237 0.4304605
16 0.6789889 0.2311332 0.0270912 0.0168149
34 0.7479482 0.2305727 0.0640337 0.0605335
16 0.7479482 0.2311332 0.0270911 0.0168149
7 0.3341923 0.3522002 0.0270912 0.0168148
19 0.5398388 0.4732672 0.0270912 0.0168149
30 0.6100295 0.4732672 0.0270912 0.0168149
1 0.6789889 0.4732672 0.0270912 0.0168149
24 0.6100295 0.5338007 0.0270912 0.0168148
16 0.4031516 0.4127337 0.0270911 0.0168148
15 0.6789889 0.2916667 0.0270912 0.0168148
3 0.4721109 0.3522002 0.0270912 0.0168148
17 0.4721109 0.2916667 0.0270912 0.0168148
11 0.4721109 0.4732672 0.0270912 0.0168149
12 0.4031516 0.2916667 0.0270911 0.0168148
14 0.5398388 0.2916667 0.0270912 0.0168148
30 0.4031516 0.4732672 0.0270911 0.0168149
4 0.4031516 0.5338007 0.0270911 0.0168148
5 0.3341923 0.2311332 0.0270912 0.0168149
24 0.5398388 0.5338007 0.0270912 0.0168148
17 0.4721109 0.4127337 0.0270912 0.0168148
30 0.7479482 0.2916667 0.0270911 0.0168148
25 0.7479482 0.3522002 0.0270911 0.0168148
21 0.4721109 0.5338007 0.0270912 0.0168148
7 0.7479482 0.4127337 0.0270911 0.0168148
10 0.3341923 0.2916667 0.0270912 0.0168148
4 0.6100295 0.3522002 0.0270912 0.0168148
20 0.4031516 0.2311332 0.0270911 0.0168149
12 0.3341923 0.4732672 0.0270912 0.0168149
30 0.3341923 0.5338007 0.0270912 0.0168148
30 0.3341923 0.4127337 0.0270912 0.0168148
1 0.7479482 0.4732672 0.0270911 0.0168149
18 0.7479482 0.5338007 0.0270911 0.0168148
18 0.6100295 0.4127337 0.0270912 0.0168148
9 0.4031516 0.3522002 0.0270911 0.0168148
9 0.5398388 0.4127337 0.0270912 0.0168148
15 0.6789889 0.3522002 0.0270912 0.0168148
15 0.5398388 0.3522002 0.0270912 0.0168148
15 0.6100295 0.2916667 0.0270912 0.0168148
3 0.6789889 0.4127337 0.0270912 0.0168148
11 0.6789889 0.5338007 0.0270912 0.0168148
18 0.4721109 0.2311332 0.0270912 0.0168149
