29 0.1036941 0.4237458 0.0276933 0.0160784
12 0.3139113 0.5395098 0.0276933 0.0160783
32 0.3170583 0.4864513 0.5098082 0.4116054
30 0.2446781 0.3658638 0.0276933 0.0160784
29 0.3139113 0.3658638 0.0276933 0.0160784
6 0.3856621 0.4237458 0.0276933 0.0160784
34 0.4555247 0.4232098 0.0641980 0.0578820
28 0.4561541 0.4237458 0.0276933 0.0160784
10 0.5266460 0.4237458 0.0276933 0.0160784
24 0.3856621 0.6552738 0.0276933 0.0160784
22 0.4561541 0.3658638 0.0276933 0.0160784
16 0.2446781 0.6552738 0.0276933 0.0160784
11 0.3139113 0.6552738 0.0276933 0.0160784
8 0.1741861 0.5395098 0.0276933 0.0160783
8 0.2446781 0.5395098 0.0276933 0.0160783
6 0.4561541 0.4816278 0.0276933 0.0160783
21 0.3856621 0.3658638 0.0276933 0.0160784
16 0.5266460 0.3658638 0.0276933 0.0160784
2 0.3139113 0.4237458 0.0276933 0.0160784
20 0.1036941 0.6552738 0.0276933 0.0160784
5 0.3856621 0.5395098 0.0276933 0.0160783
19 0.1741861 0.5973919 0.0276933 0.0160784
11 0.4561541 0.5395098 0.0276933 0.0160783
4 0.1741861 0.4237458 0.0276933 0.0160784
28 0.5266460 0.6552738 0.0276933 0.0160784
26 0.1036941 0.4816278 0.0276933 0.0160783
6 0.1036941 0.3658638 0.0276933 0.0160784
3 0.5266460 0.5395098 0.0276933 0.0160783
16 0.3139113 0.4816278 0.0276933 0.0160783
4 0.2446781 0.5973919 0.0276933 0.0160784
13 0.2446781 0.4237458 0.0276933 0.0160784
25 0.5266460 0.4816278 0.0276933 0.0160783
2 0.1036941 0.5395098 0.0276933 0.0160783
22 0.2446781 0.4816278 0.0276933 0.0160783
13 0.1741861 0.6552738 0.0276933 0.0160784
21 0.3139113 0.5973919 0.0276933 0.0160784
1 0.3856621 0.5973919 0.0276933 0.0160784
11 0.1741861 0.3658638 0.0276933 0.0160784
1 0.1741861 0.4816278 0.0276933 0.0160783
29 0.3856621 0.4816278 0.0276933 0.0160783
14 0.5266460 0.5973919 0.0276933 0.0160784
9 0.4561541 0.6552738 0.0276933 0.0160784
2 0.1036941 0.5973919 0.0276933 0.0160784
20 0.4561541 0.5973919 0.0276933 0.0160784
