30 0.6783846 0.3571109 0.0273178 0.0174041
27 0.4002398 0.5450746 0.0273178 0.0174040
32 0.5411748 0.4876413 0.5028958 0.4455438
19 0.3307035 0.3571109 0.0273178 0.0174041
4 0.6783846 0.4197655 0.0273178 0.0174040
34 0.7479208 0.4191853 0.0645694 0.0626546
3 0.7479208 0.4197655 0.0273178 0.0174040
17 0.3307035 0.4824200 0.0273178 0.0174041
14 0.5380704 0.4824200 0.0273178 0.0174041
20 0.5380704 0.6703838 0.0273178 0.0174041
17 0.4002398 0.6703838 0.0273178 0.0174041
21 0.6088484 0.6077292 0.0273178 0.0174040
3 0.4697760 0.6703838 0.0273178 0.0174041
5 0.6783846 0.4824200 0.0273178 0.0174041
22 0.7479208 0.3571109 0.0273178 0.0174041
16 0.4002398 0.4197655 0.0273178 0.0174040
13 0.5380704 0.4197655 0.0273178 0.0174040
21 0.6783846 0.6703838 0.0273178 0.0174041
4 0.7479208 0.4824200 0.0273178 0.0174041
6 0.6088484 0.6703838 0.0273178 0.0174041
4 0.7479208 0.6077292 0.0273178 0.0174040
10 0.7479208 0.6703838 0.0273178 0.0174041
19 0.7479208 0.5450746 0.0273178 0.0174040
11 0.5380704 0.6077292 0.0273178 0.0174040
3 0.6088484 0.3571109 0.0273178 0.0174041
19 0.4002398 0.6077292 0.0273178 0.0174040
17 0.3307035 0.5450746 0.0273178 0.0174040
29 0.5380704 0.3571109 0.0273178 0.0174041
8 0.4697760 0.5450746 0.0273178 0.0174040
7 0.4002398 0.4824200 0.0273178 0.0174041
27 0.6088484 0.4824200 0.0273178 0.0174041
27 0.6088484 0.5450746 0.0273178 0.0174040
9 0.6088484 0.4197655 0.0273178 0.0174040
18 0.6783846 0.6077292 0.0273178 0.0174040
28 0.3307035 0.6077292 0.0273178 0.0174040
9 0.4002398 0.3571109 0.0273178 0.0174041
28 0.5380704 0.5450746 0.0273178 0.0174040
16 0.4697760 0.4197655 0.0273178 0.0174040
4 0.6783846 0.5450746 0.0273178 0.0174040
24 0.4697760 0.4824200 0.0273178 0.0174041
13 0.4697760 0.6077292 0.0273178 0.0174040
6 0.4697760 0.3571109 0.0273178 0.0174041
21 0.3307035 0.4197655 0.0273178 0.0174040
10 0.3307035 0.6703838 0.0273178 0.0174041
