7 0.5977372 0.3267900 0.0272049 0.0166467
17 0.3887539 0.5665023 0.0272049 0.0166467
32 0.3918454 0.4516402 0.5008179 0.4261552
34 0.3207416 0.3861631 0.0643025 0.0599281
22 0.3207416 0.3867180 0.0272049 0.0166467
3 0.4592393 0.3867180 0.0272049 0.0166467
27 0.4592393 0.4466461 0.0272049 0.0166467
24 0.5284883 0.4466461 0.0272049 0.0166467
14 0.3887539 0.5065742 0.0272049 0.0166467
12 0.3887539 0.6264304 0.0272049 0.0166467
14 0.3207416 0.5065742 0.0272049 0.0166467
30 0.5977372 0.5065742 0.0272049 0.0166467
31 0.3207416 0.3267900 0.0272049 0.0166467
6 0.1822438 0.6264304 0.0272049 0.0166467
1 0.3207416 0.4466461 0.0272049 0.0166467
7 0.3207416 0.5665023 0.0272049 0.0166467
6 0.1822438 0.4466461 0.0272049 0.0166467
11 0.1822438 0.5065742 0.0272049 0.0166467
17 0.3887539 0.3867180 0.0272049 0.0166467
3 0.5977372 0.3867180 0.0272049 0.0166467
24 0.5284883 0.6264304 0.0272049 0.0166467
19 0.4592393 0.5665023 0.0272049 0.0166467
31 0.1822438 0.3867180 0.0272049 0.0166467
13 0.1822438 0.3267900 0.0272049 0.0166467
4 0.1822438 0.5665023 0.0272049 0.0166467
15 0.4592393 0.5065742 0.0272049 0.0166467
16 0.4592393 0.3267900 0.0272049 0.0166467
17 0.5977372 0.5665023 0.0272049 0.0166467
2 0.3887539 0.4466461 0.0272049 0.0166467
16 0.2514927 0.3267900 0.0272049 0.0166467
31 0.2514927 0.5665023 0.0272049 0.0166467
25 0.3887539 0.3267900 0.0272049 0.0166467
18 0.2514927 0.4466461 0.0272049 0.0166467
21 0.2514927 0.5065742 0.0272049 0.0166467
30 0.5977372 0.4466461 0.0272049 0.0166467
6 0.5284883 0.3267900 0.0272049 0.0166467
7 0.5977372 0.6264304 0.0272049 0.0166467
28 0.3207416 0.6264304 0.0272049 0.0166467
27 0.2514927 0.6264304 0.0272049 0.0166467
7 0.4592393 0.6264304 0.0272049 0.0166467
13 0.2514927 0.3867180 0.0272049 0.0166467
17 0.5284883 0.5665023 0.0272049 0.0166467
17 0.5284883 0.5065742 0.0272049 0.0166467
14 0.5284883 0.3867180 0.0272049 0.0166467
