31 0.7451529 0.5204765 0.0275874 0.0174714
30 0.3940405 0.6462709 0.0275874 0.0174714
32 0.5363664 0.4628208 0.5078591 0.4472687
13 0.3940405 0.3946822 0.0275874 0.0174714
34 0.6040810 0.3940998 0.0664606 0.0628971
23 0.6047079 0.3946822 0.0275874 0.0174714
9 0.5332315 0.6462709 0.0275874 0.0174714
16 0.6047079 0.6462709 0.0275874 0.0174714
23 0.7451529 0.6462709 0.0275874 0.0174714
20 0.6749304 0.5204765 0.0275874 0.0174714
16 0.3238180 0.5204765 0.0275874 0.0174714
14 0.3238180 0.3946822 0.0275874 0.0174714
24 0.5332315 0.3946822 0.0275874 0.0174714
6 0.6749304 0.4575794 0.0275874 0.0174714
16 0.7451529 0.3946822 0.0275874 0.0174714
7 0.4642629 0.5833737 0.0275874 0.0174714
31 0.6047079 0.4575794 0.0275874 0.0174714
19 0.7451529 0.5833737 0.0275874 0.0174714
9 0.6749304 0.6462709 0.0275874 0.0174714
21 0.3940405 0.5204765 0.0275874 0.0174714
5 0.4642629 0.5204765 0.0275874 0.0174714
2 0.6749304 0.5833737 0.0275874 0.0174714
3 0.5332315 0.5833737 0.0275874 0.0174714
25 0.7451529 0.4575794 0.0275874 0.0174714
31 0.6047079 0.5204765 0.0275874 0.0174714
10 0.3238180 0.3317850 0.0275874 0.0174714
28 0.3940405 0.5833737 0.0275874 0.0174714
9 0.6749304 0.3946822 0.0275874 0.0174714
31 0.3238180 0.4575794 0.0275874 0.0174714
17 0.3238180 0.5833737 0.0275874 0.0174714
30 0.3940405 0.3317850 0.0275874 0.0174714
1 0.4642629 0.4575794 0.0275874 0.0174714
22 0.5332315 0.4575794 0.0275874 0.0174714
29 0.4642629 0.3946822 0.0275874 0.0174714
3 0.6047079 0.5833737 0.0275874 0.0174714
11 0.3238180 0.6462709 0.0275874 0.0174714
4 0.6749304 0.3317850 0.0275874 0.0174714
27 0.7451529 0.3317850 0.0275874 0.0174714
15 0.5332315 0.5204765 0.0275874 0.0174714
2 0.5332315 0.3317850 0.0275874 0.0174714
7 0.4642629 0.3317850 0.0275874 0.0174714
4 0.3940405 0.4575794 0.0275874 0.0174714
10 0.6047079 0.3317850 0.0275874 0.0174714
26 0.4642629 0.6462709 0.0275874 0.0174714
