26 0.5594077 0.7838773 0.0273851 0.0166090
20 0.4187476 0.7838773 0.0273851 0.0166090
32 0.4218596 0.6094824 0.5041357 0.4251915
33 0.4187476 0.5441535 0.0647285 0.0597925
19 0.4187476 0.5447071 0.0273851 0.0166090
24 0.5594077 0.5447071 0.0273851 0.0166090
7 0.5594077 0.6044997 0.0273851 0.0166090
26 0.2108695 0.7240848 0.0273852 0.0166090
23 0.3502848 0.7838773 0.0273852 0.0166090
20 0.4897001 0.7240848 0.0273851 0.0166090
20 0.4187476 0.6044997 0.0273851 0.0166090
2 0.6291154 0.7838773 0.0273851 0.0166090
15 0.3502848 0.7240848 0.0273852 0.0166090
13 0.2805771 0.4849146 0.0273852 0.0166090
19 0.2805771 0.6044997 0.0273852 0.0166090
15 0.4897001 0.6044997 0.0273851 0.0166090
17 0.6291154 0.4849146 0.0273851 0.0166090
25 0.5594077 0.7240848 0.0273851 0.0166090
21 0.4897001 0.5447071 0.0273851 0.0166090
13 0.2805771 0.5447071 0.0273852 0.0166090
3 0.2805771 0.7838773 0.0273852 0.0166090
6 0.4897001 0.4849146 0.0273851 0.0166090
8 0.2805771 0.7240848 0.0273852 0.0166090
27 0.2108695 0.5447071 0.0273852 0.0166090
11 0.4897001 0.7838773 0.0273851 0.0166090
1 0.2108695 0.7838773 0.0273852 0.0166090
27 0.3502848 0.4849146 0.0273852 0.0166090
4 0.3502848 0.5447071 0.0273852 0.0166090
22 0.4187476 0.4849146 0.0273851 0.0166090
10 0.4187476 0.6642922 0.0273851 0.0166090
26 0.6291154 0.7240848 0.0273851 0.0166090
21 0.3502848 0.6044997 0.0273852 0.0166090
20 0.5594077 0.6642922 0.0273851 0.0166090
5 0.2108695 0.4849146 0.0273852 0.0166090
19 0.4187476 0.7240848 0.0273851 0.0166090
19 0.2108695 0.6642922 0.0273852 0.0166090
2 0.6291154 0.6044997 0.0273851 0.0166090
30 0.6291154 0.5447071 0.0273851 0.0166090
6 0.4897001 0.6642922 0.0273851 0.0166090
10 0.6291154 0.6642922 0.0273851 0.0166090
27 0.2805771 0.6642922 0.0273852 0.0166090
9 0.2108695 0.6044997 0.0273852 0.0166090
3 0.5594077 0.4849146 0.0273851 0.0166090
14 0.3502848 0.6642922 0.0273852 0.0166090
