28 0.1962096 0.3019775 0.0281538 0.0160746
26 0.1962096 0.5334517 0.0281538 0.0160746
32 0.2697934 0.4225370 0.5182857 0.4115098
15 0.2665940 0.3019775 0.0281538 0.0160746
20 0.0528812 0.4177146 0.0281538 0.0160746
33 0.2665940 0.4171788 0.0665453 0.0578686
8 0.2665940 0.4177146 0.0281538 0.0160746
10 0.4112022 0.4177146 0.0281538 0.0160746
7 0.3395380 0.5913203 0.0281538 0.0160746
18 0.1245454 0.4755832 0.0281538 0.0160746
13 0.4112022 0.3598460 0.0281538 0.0160746
7 0.4828664 0.5913203 0.0281538 0.0160746
11 0.3395380 0.3598460 0.0281538 0.0160746
3 0.1245454 0.4177146 0.0281538 0.0160746
5 0.4112022 0.5334517 0.0281538 0.0160746
26 0.4112022 0.4755832 0.0281538 0.0160746
4 0.3395380 0.3019775 0.0281538 0.0160746
12 0.2665940 0.5334517 0.0281538 0.0160746
26 0.0528812 0.3019775 0.0281538 0.0160746
2 0.0528812 0.5913203 0.0281538 0.0160746
27 0.4828664 0.3019775 0.0281538 0.0160746
21 0.0528812 0.5334517 0.0281538 0.0160746
25 0.1962096 0.4177146 0.0281538 0.0160746
28 0.1245454 0.3598460 0.0281538 0.0160746
8 0.1962096 0.4755832 0.0281538 0.0160746
25 0.1245454 0.5913203 0.0281538 0.0160746
1 0.4828664 0.5334517 0.0281538 0.0160746
6 0.1962096 0.5913203 0.0281538 0.0160746
16 0.4828664 0.4755832 0.0281538 0.0160746
19 0.2665940 0.3598460 0.0281538 0.0160746
17 0.1245454 0.3019775 0.0281538 0.0160746
2 0.4828664 0.4177146 0.0281538 0.0160746
3 0.4828664 0.3598460 0.0281538 0.0160746
30 0.1245454 0.5334517 0.0281538 0.0160746
26 0.2665940 0.5913203 0.0281538 0.0160746
26 0.0528812 0.3598460 0.0281538 0.0160746
4 0.3395380 0.5334517 0.0281538 0.0160746
22 0.4112022 0.5913203 0.0281538 0.0160746
17 0.3395380 0.4177146 0.0281538 0.0160746
6 0.1962096 0.3598460 0.0281538 0.0160746
2 0.2665940 0.4755832 0.0281538 0.0160746
29 0.4112022 0.3019775 0.0281538 0.0160746
18 0.3395380 0.4755832 0.0281538 0.0160746
28 0.0528812 0.4755832 0.0281538 0.0160746
