8 0.5404783 0.3678079 0.0270920 0.0162516
15 0.4702855 0.4848194 0.0270920 0.0162516
32 0.4733641 0.4896949 0.4987387 0.4160408
10 0.5404783 0.4263136 0.0270920 0.0162516
27 0.5404783 0.4848194 0.0270920 0.0162516
33 0.4702855 0.5427834 0.0640356 0.0585057
25 0.4702855 0.5433251 0.0270920 0.0162516
24 0.2646327 0.6603366 0.0270920 0.0162516
22 0.3335941 0.6603366 0.0270920 0.0162516
20 0.3335941 0.6018309 0.0270920 0.0162516
18 0.4702855 0.3678079 0.0270920 0.0162516
5 0.4025555 0.6603366 0.0270920 0.0162516
7 0.6784011 0.3678079 0.0270920 0.0162516
21 0.3335941 0.3678079 0.0270920 0.0162516
28 0.4025555 0.3678079 0.0270920 0.0162516
19 0.5404783 0.5433251 0.0270920 0.0162516
24 0.2646327 0.6018309 0.0270920 0.0162516
5 0.6784011 0.6018309 0.0270920 0.0162516
26 0.5404783 0.6603366 0.0270920 0.0162516
28 0.4702855 0.6603366 0.0270920 0.0162516
5 0.6784011 0.6603366 0.0270920 0.0162516
14 0.2646327 0.4848194 0.0270920 0.0162516
16 0.6784011 0.5433251 0.0270920 0.0162516
31 0.4025555 0.4848194 0.0270920 0.0162516
28 0.4025555 0.5433251 0.0270920 0.0162516
17 0.2646327 0.4263136 0.0270920 0.0162516
15 0.6094397 0.6018309 0.0270920 0.0162516
29 0.6094397 0.4848194 0.0270920 0.0162516
1 0.4025555 0.6018309 0.0270920 0.0162516
30 0.3335941 0.5433251 0.0270920 0.0162516
16 0.4702855 0.4263136 0.0270920 0.0162516
13 0.6094397 0.3678079 0.0270920 0.0162516
7 0.2646327 0.5433251 0.0270920 0.0162516
27 0.4025555 0.4263136 0.0270920 0.0162516
7 0.2646327 0.3678079 0.0270920 0.0162516
19 0.6784011 0.4848194 0.0270920 0.0162516
27 0.3335941 0.4263136 0.0270920 0.0162516
28 0.4702855 0.6018309 0.0270920 0.0162516
4 0.6094397 0.5433251 0.0270920 0.0162516
17 0.6784011 0.4263136 0.0270920 0.0162516
21 0.6094397 0.6603366 0.0270920 0.0162516
10 0.5404783 0.6018309 0.0270920 0.0162516
27 0.3335941 0.4848194 0.0270920 0.0162516
26 0.6094397 0.4263136 0.0270920 0.0162516
