14 0.0474897 0.7364882 0.0275704 0.0160707
21 0.3282061 0.6207787 0.0275704 0.0160708
32 0.2599068 0.6256000 0.5075454 0.4114113
25 0.4685643 0.5050693 0.0275704 0.0160708
34 0.3275795 0.5623883 0.0664195 0.0578547
8 0.3282061 0.5629240 0.0275704 0.0160707
20 0.3282061 0.6786334 0.0275704 0.0160708
21 0.1176688 0.7364882 0.0275704 0.0160707
6 0.1878479 0.7943429 0.0275704 0.0160707
3 0.1878479 0.6207787 0.0275704 0.0160708
21 0.3282061 0.7943429 0.0275704 0.0160707
21 0.2567738 0.6786334 0.0275704 0.0160708
18 0.3983852 0.7943429 0.0275703 0.0160707
15 0.4685643 0.6786334 0.0275704 0.0160708
11 0.1176688 0.7943429 0.0275704 0.0160707
26 0.0474897 0.7943429 0.0275704 0.0160707
4 0.4685643 0.7943429 0.0275704 0.0160707
1 0.0474897 0.6786334 0.0275704 0.0160708
27 0.0474897 0.6207787 0.0275704 0.0160708
19 0.1878479 0.6786334 0.0275704 0.0160708
16 0.2567738 0.6207787 0.0275704 0.0160708
19 0.4685643 0.5629240 0.0275704 0.0160707
22 0.0474897 0.5629240 0.0275704 0.0160707
12 0.3983852 0.7364882 0.0275703 0.0160707
7 0.3983852 0.5050693 0.0275703 0.0160708
28 0.1176688 0.5050693 0.0275704 0.0160708
25 0.2567738 0.7943429 0.0275704 0.0160707
12 0.3282061 0.5050693 0.0275704 0.0160708
13 0.4685643 0.7364882 0.0275704 0.0160707
4 0.2567738 0.5629240 0.0275704 0.0160707
26 0.1176688 0.6786334 0.0275704 0.0160708
7 0.0474897 0.5050693 0.0275704 0.0160708
3 0.3282061 0.7364882 0.0275704 0.0160707
1 0.1878479 0.7364882 0.0275704 0.0160707
11 0.1878479 0.5050693 0.0275704 0.0160708
1 0.2567738 0.7364882 0.0275704 0.0160707
10 0.2567738 0.5050693 0.0275704 0.0160708
15 0.1878479 0.5629240 0.0275704 0.0160707
16 0.3983852 0.6207787 0.0275703 0.0160708
24 0.3983852 0.6786334 0.0275703 0.0160708
28 0.1176688 0.5629240 0.0275704 0.0160707
10 0.3983852 0.5629240 0.0275703 0.0160707
19 0.1176688 0.6207787 0.0275704 0.0160708
4 0.4685643 0.6207787 0.0275704 0.0160708
