19 0.5833201 0.3238944 0.0262096 0.0165942
2 0.6512268 0.6225901 0.0262096 0.0165942
32 0.5862984 0.4483510 0.4824952 0.4248115
16 0.4510807 0.3238944 0.0262096 0.0165942
24 0.4510807 0.3836336 0.0262096 0.0165942
15 0.5833201 0.3836336 0.0262096 0.0165942
34 0.3843653 0.5025587 0.0619500 0.0597392
31 0.3843653 0.5031118 0.0262096 0.0165942
31 0.7846577 0.5031118 0.0262096 0.0165942
30 0.3843653 0.4433727 0.0262096 0.0165942
10 0.5177961 0.5031118 0.0262096 0.0165942
7 0.7179423 0.5031118 0.0262096 0.0165942
7 0.6512268 0.5628509 0.0262096 0.0165942
27 0.7846577 0.3238944 0.0262096 0.0165942
26 0.6512268 0.3238944 0.0262096 0.0165942
25 0.5833201 0.5031118 0.0262096 0.0165942
9 0.6512268 0.4433727 0.0262096 0.0165942
30 0.7179423 0.5628509 0.0262096 0.0165942
11 0.5177961 0.3836336 0.0262096 0.0165942
25 0.3843653 0.3238944 0.0262096 0.0165942
26 0.7179423 0.3238944 0.0262096 0.0165942
9 0.5177961 0.4433727 0.0262096 0.0165942
11 0.7846577 0.3836336 0.0262096 0.0165942
26 0.5177961 0.6225901 0.0262096 0.0165942
18 0.7846577 0.6225901 0.0262096 0.0165942
6 0.5833201 0.4433727 0.0262096 0.0165942
22 0.5833201 0.6225901 0.0262096 0.0165942
31 0.5833201 0.5628509 0.0262096 0.0165942
3 0.4510807 0.5628509 0.0262096 0.0165942
22 0.4510807 0.4433727 0.0262096 0.0165942
18 0.3843653 0.5628509 0.0262096 0.0165942
31 0.4510807 0.6225901 0.0262096 0.0165942
25 0.3843653 0.3836336 0.0262096 0.0165942
15 0.7179423 0.4433727 0.0262096 0.0165942
30 0.4510807 0.5031118 0.0262096 0.0165942
22 0.5177961 0.5628509 0.0262096 0.0165942
30 0.7179423 0.3836336 0.0262096 0.0165942
7 0.5177961 0.3238944 0.0262096 0.0165942
10 0.7846577 0.4433727 0.0262096 0.0165942
16 0.6512268 0.5031118 0.0262096 0.0165942
26 0.7179423 0.6225901 0.0262096 0.0165942
3 0.6512268 0.3836336 0.0262096 0.0165942
3 0.3843653 0.6225901 0.0262096 0.0165942
19 0.7846577 0.5628509 0.0262096 0.0165942
