14 0.3249014 0.6023494 0.0277748 0.0168237
24 0.2554646 0.3600890 0.0277748 0.0168237
32 0.3280577 0.4862663 0.5113080 0.4306854
4 0.5382620 0.3600890 0.0277748 0.0168237
18 0.5382620 0.4812192 0.0277748 0.0168237
8 0.5382620 0.5417844 0.0277748 0.0168237
20 0.3968633 0.6023494 0.0277748 0.0168237
33 0.3249014 0.6623538 0.0656494 0.0605651
2 0.3249014 0.6629146 0.0277748 0.0168237
24 0.3968633 0.4812192 0.0277748 0.0168237
13 0.3249014 0.3600890 0.0277748 0.0168237
26 0.1140658 0.4812192 0.0277748 0.0168237
2 0.2554646 0.5417844 0.0277748 0.0168237
24 0.2554646 0.4206541 0.0277748 0.0168237
2 0.1847652 0.4812192 0.0277748 0.0168237
11 0.4675627 0.5417844 0.0277747 0.0168237
26 0.5382620 0.6629146 0.0277748 0.0168237
26 0.4675627 0.6023494 0.0277747 0.0168237
7 0.5382620 0.6023494 0.0277748 0.0168237
20 0.1847652 0.6023494 0.0277748 0.0168237
1 0.1140658 0.4206541 0.0277748 0.0168237
24 0.1140658 0.6023494 0.0277748 0.0168237
2 0.1847652 0.5417844 0.0277748 0.0168237
28 0.4675627 0.3600890 0.0277747 0.0168237
1 0.2554646 0.6023494 0.0277748 0.0168237
20 0.1140658 0.3600890 0.0277748 0.0168237
15 0.1140658 0.5417844 0.0277748 0.0168237
25 0.5382620 0.4206541 0.0277748 0.0168237
11 0.3249014 0.4206541 0.0277748 0.0168237
29 0.3968633 0.3600890 0.0277748 0.0168237
11 0.1847652 0.6629146 0.0277748 0.0168237
17 0.4675627 0.4812192 0.0277747 0.0168237
6 0.1847652 0.4206541 0.0277748 0.0168237
10 0.2554646 0.4812192 0.0277748 0.0168237
9 0.3968633 0.6629146 0.0277748 0.0168237
1 0.4675627 0.4206541 0.0277747 0.0168237
9 0.1847652 0.3600890 0.0277748 0.0168237
10 0.1140658 0.6629146 0.0277748 0.0168237
20 0.2554646 0.6629146 0.0277748 0.0168237
22 0.4675627 0.6629146 0.0277747 0.0168237
5 0.3249014 0.4812192 0.0277748 0.0168237
4 0.3968633 0.5417844 0.0277748 0.0168237
18 0.3968633 0.4206541 0.0277748 0.0168237
19 0.3249014 0.5417844 0.0277748 0.0168237
