9 0.8187614 0.5243990 0.0280809 0.0173368
2 0.3898898 0.5868114 0.0280809 0.0173368
32 0.6062402 0.4047753 0.5169434 0.4438215
9 0.8187614 0.2747494 0.0280809 0.0173368
27 0.6758042 0.3371618 0.0280809 0.0173368
20 0.3898898 0.3995742 0.0280809 0.0173368
31 0.6758042 0.3995742 0.0280809 0.0173368
34 0.6751659 0.5862335 0.0676494 0.0624124
27 0.6758042 0.5868114 0.0280809 0.0173368
8 0.3898898 0.2747494 0.0280809 0.0173368
7 0.7472828 0.2747494 0.0280809 0.0173368
31 0.3898898 0.4619866 0.0280809 0.0173368
10 0.6030492 0.3995742 0.0280809 0.0173368
12 0.7472828 0.5243990 0.0280809 0.0173368
10 0.8187614 0.5868114 0.0280809 0.0173368
5 0.5328470 0.3371618 0.0280809 0.0173368
17 0.7472828 0.4619866 0.0280809 0.0173368
5 0.6758042 0.4619866 0.0280809 0.0173368
2 0.6030492 0.3371618 0.0280809 0.0173368
30 0.7472828 0.5868114 0.0280809 0.0173368
5 0.6030492 0.5243990 0.0280809 0.0173368
18 0.4613684 0.4619866 0.0280809 0.0173368
8 0.3898898 0.5243990 0.0280809 0.0173368
16 0.4613684 0.3995742 0.0280809 0.0173368
22 0.6030492 0.5868114 0.0280809 0.0173368
16 0.4613684 0.5243990 0.0280809 0.0173368
15 0.4613684 0.2747494 0.0280809 0.0173368
2 0.8187614 0.4619866 0.0280809 0.0173368
28 0.7472828 0.3995742 0.0280809 0.0173368
6 0.6030492 0.4619866 0.0280809 0.0173368
28 0.6758042 0.5243990 0.0280809 0.0173368
14 0.8187614 0.3995742 0.0280809 0.0173368
28 0.7472828 0.3371618 0.0280809 0.0173368
26 0.8187614 0.3371618 0.0280809 0.0173368
11 0.6030492 0.2747494 0.0280809 0.0173368
30 0.5328470 0.5243990 0.0280809 0.0173368
27 0.5328470 0.5868114 0.0280809 0.0173368
28 0.5328470 0.4619866 0.0280809 0.0173368
28 0.4613684 0.3371618 0.0280809 0.0173368
4 0.6758042 0.2747494 0.0280809 0.0173368
15 0.5328470 0.2747494 0.0280809 0.0173368
1 0.5328470 0.3995742 0.0280809 0.0173368
29 0.4613684 0.5868114 0.0280809 0.0173368
26 0.3898898 0.3371618 0.0280809 0.0173368
