19 0.3617059 0.6666572 0.0280354 0.0158365
2 0.5044316 0.6096464 0.0280354 0.0158363
32 0.4349803 0.5573865 0.5161060 0.4054101
4 0.2903432 0.4386140 0.0280354 0.0158364
23 0.3617059 0.4386140 0.0280354 0.0158364
31 0.5044316 0.4386140 0.0280354 0.0158364
34 0.5751572 0.4380861 0.0649911 0.0570108
1 0.5757944 0.4386140 0.0280354 0.0158364
30 0.5757944 0.4956248 0.0280354 0.0158363
12 0.5044316 0.4956248 0.0280354 0.0158363
30 0.5757944 0.6096464 0.0280354 0.0158363
26 0.6471572 0.6096464 0.0280354 0.0158363
22 0.4317944 0.4386140 0.0280354 0.0158364
16 0.2903432 0.6666572 0.0280354 0.0158365
29 0.6471572 0.4956248 0.0280354 0.0158363
5 0.6471572 0.7236681 0.0280354 0.0158363
26 0.3617059 0.5526356 0.0280354 0.0158364
8 0.2189804 0.4956248 0.0280354 0.0158363
1 0.5757944 0.5526356 0.0280354 0.0158364
4 0.6471572 0.5526356 0.0280354 0.0158364
9 0.6471572 0.4386140 0.0280354 0.0158364
17 0.2189804 0.4386140 0.0280354 0.0158364
5 0.2903432 0.7236681 0.0280354 0.0158363
10 0.2189804 0.6096464 0.0280354 0.0158363
6 0.4317944 0.6096464 0.0280354 0.0158363
14 0.2903432 0.4956248 0.0280354 0.0158363
28 0.6471572 0.6666572 0.0280354 0.0158365
13 0.3617059 0.6096464 0.0280354 0.0158363
18 0.2189804 0.5526356 0.0280354 0.0158364
15 0.4317944 0.4956248 0.0280354 0.0158363
21 0.5044316 0.6666572 0.0280354 0.0158365
18 0.2189804 0.6666572 0.0280354 0.0158365
13 0.2903432 0.6096464 0.0280354 0.0158363
4 0.5757944 0.6666572 0.0280354 0.0158365
18 0.3617059 0.7236681 0.0280354 0.0158363
29 0.5044316 0.7236681 0.0280354 0.0158363
22 0.5757944 0.7236681 0.0280354 0.0158363
27 0.4317944 0.7236681 0.0280354 0.0158363
27 0.4317944 0.5526356 0.0280354 0.0158364
15 0.5044316 0.5526356 0.0280354 0.0158364
18 0.2189804 0.7236681 0.0280354 0.0158363
6 0.4317944 0.6666572 0.0280354 0.0158365
30 0.3617059 0.4956248 0.0280354 0.0158363
15 0.2903432 0.5526356 0.0280354 0.0158364
