28 0.5875182 0.5386043 0.0284124 0.0167735
27 0.2982284 0.5386043 0.0284124 0.0167735
32 0.4448105 0.3624824 0.5230462 0.4294022
17 0.2259060 0.2366809 0.0284124 0.0167735
33 0.6598406 0.2965065 0.0671565 0.0603847
2 0.6598407 0.2970656 0.0284124 0.0167735
26 0.2982284 0.3574503 0.0284124 0.0167735
20 0.5875182 0.3574503 0.0284124 0.0167735
30 0.2259060 0.4178349 0.0284124 0.0167735
6 0.5151958 0.3574503 0.0284124 0.0167735
1 0.2259060 0.4782196 0.0284124 0.0167735
18 0.2982284 0.4178349 0.0284124 0.0167735
7 0.2982284 0.4782196 0.0284124 0.0167735
26 0.3705509 0.2970656 0.0284124 0.0167735
10 0.5151958 0.4178349 0.0284124 0.0167735
12 0.4415818 0.4178349 0.0284124 0.0167735
2 0.5151958 0.2366809 0.0284124 0.0167735
25 0.2982284 0.2366809 0.0284124 0.0167735
5 0.4415818 0.4782196 0.0284124 0.0167735
24 0.3705509 0.5386043 0.0284124 0.0167735
19 0.2259060 0.2970656 0.0284124 0.0167735
27 0.3705509 0.4782196 0.0284124 0.0167735
26 0.6598407 0.4178349 0.0284124 0.0167735
20 0.5151958 0.2970656 0.0284124 0.0167735
6 0.4415818 0.2970656 0.0284124 0.0167735
22 0.2259060 0.3574503 0.0284124 0.0167735
27 0.5875182 0.2366809 0.0284124 0.0167735
20 0.3705509 0.4178349 0.0284124 0.0167735
9 0.3705509 0.3574503 0.0284124 0.0167735
16 0.6598407 0.2366809 0.0284124 0.0167735
30 0.6598407 0.4782196 0.0284124 0.0167735
5 0.5151958 0.5386043 0.0284124 0.0167735
5 0.2982284 0.2970656 0.0284124 0.0167735
11 0.4415818 0.3574503 0.0284124 0.0167735
9 0.4415818 0.2366809 0.0284124 0.0167735
9 0.4415818 0.5386043 0.0284124 0.0167735
19 0.5875182 0.4782196 0.0284124 0.0167735
12 0.5151958 0.4782196 0.0284124 0.0167735
26 0.5875182 0.2970656 0.0284124 0.0167735
2 0.2259060 0.5386043 0.0284124 0.0167735
22 0.5875182 0.4178349 0.0284124 0.0167735
26 0.6598407 0.3574503 0.0284124 0.0167735
10 0.3705509 0.2366809 0.0284124 0.0167735
19 0.6598407 0.5386043 0.0284124 0.0167735
