2 0.2640781 0.5521841 0.0270308 0.0158691
4 0.4717239 0.3807979 0.0270308 0.0158691
32 0.2671498 0.4998161 0.4976128 0.4062489
11 0.1965010 0.3807979 0.0270308 0.0158691
29 0.1276953 0.4379266 0.0270308 0.0158691
21 0.2640781 0.4379266 0.0270308 0.0158691
9 0.3341125 0.4950553 0.0270308 0.0158691
33 0.4023038 0.4945264 0.0626624 0.0571288
23 0.4029182 0.4950553 0.0270308 0.0158691
6 0.4029182 0.4379266 0.0270308 0.0158691
10 0.4717239 0.4950553 0.0270308 0.0158691
17 0.0588896 0.6664417 0.0270308 0.0158691
22 0.3341125 0.3807979 0.0270308 0.0158691
3 0.2640781 0.6093129 0.0270308 0.0158691
25 0.4717239 0.6664417 0.0270308 0.0158691
24 0.4717239 0.6093129 0.0270308 0.0158691
25 0.1965010 0.4379266 0.0270308 0.0158691
13 0.1965010 0.6664417 0.0270308 0.0158691
26 0.3341125 0.6093129 0.0270308 0.0158691
12 0.2640781 0.4950553 0.0270308 0.0158691
11 0.4717239 0.4379266 0.0270308 0.0158691
13 0.1276953 0.4950553 0.0270308 0.0158691
11 0.4029182 0.5521841 0.0270308 0.0158691
9 0.1965010 0.5521841 0.0270308 0.0158691
5 0.3341125 0.5521841 0.0270308 0.0158691
19 0.0588896 0.4950553 0.0270308 0.0158691
14 0.4029182 0.6093129 0.0270308 0.0158691
19 0.1965010 0.4950553 0.0270308 0.0158691
17 0.0588896 0.3807979 0.0270308 0.0158691
15 0.1276953 0.6664417 0.0270308 0.0158691
29 0.0588896 0.4379266 0.0270308 0.0158691
19 0.2640781 0.6664417 0.0270308 0.0158691
1 0.1276953 0.6093129 0.0270308 0.0158691
31 0.0588896 0.5521841 0.0270308 0.0158691
2 0.0588896 0.6093129 0.0270308 0.0158691
6 0.2640781 0.3807979 0.0270308 0.0158691
21 0.3341125 0.4379266 0.0270308 0.0158691
7 0.4029182 0.3807979 0.0270308 0.0158691
27 0.4717239 0.5521841 0.0270308 0.0158691
7 0.1276953 0.5521841 0.0270308 0.0158691
25 0.1276953 0.3807979 0.0270308 0.0158691
28 0.1965010 0.6093129 0.0270308 0.0158691
18 0.4029182 0.6664417 0.0270308 0.0158691
19 0.3341125 0.6664417 0.0270308 0.0158691
