18 0.6459295 0.2833695 0.0266373 0.0172858
15 0.5103216 0.2833695 0.0266373 0.0172858
32 0.4443338 0.4130132 0.4903680 0.4425174
34 0.4413068 0.2827933 0.0629608 0.0622290
22 0.4413068 0.2833695 0.0266373 0.0172858
30 0.4413068 0.3455985 0.0266373 0.0172858
18 0.4413068 0.4078275 0.0266373 0.0172858
31 0.5103216 0.4078275 0.0266373 0.0172858
4 0.4413068 0.5945145 0.0266373 0.0172858
15 0.2391057 0.5945145 0.0266373 0.0172858
7 0.3747137 0.3455985 0.0266373 0.0172858
28 0.5781255 0.4700565 0.0266373 0.0172858
21 0.6459295 0.3455985 0.0266373 0.0172858
5 0.5781255 0.5322855 0.0266373 0.0172858
16 0.3747137 0.5322855 0.0266373 0.0172858
22 0.6459295 0.5945145 0.0266373 0.0172858
22 0.5781255 0.3455985 0.0266373 0.0172858
24 0.2391057 0.4700565 0.0266373 0.0172858
3 0.3069097 0.5945145 0.0266373 0.0172858
8 0.2391057 0.5322855 0.0266373 0.0172858
17 0.6459295 0.4700565 0.0266373 0.0172858
14 0.3069097 0.4700565 0.0266373 0.0172858
16 0.3069097 0.5322855 0.0266373 0.0172858
19 0.3747137 0.4700565 0.0266373 0.0172858
4 0.5103216 0.3455985 0.0266373 0.0172858
28 0.3069097 0.3455985 0.0266373 0.0172858
25 0.5103216 0.5322855 0.0266373 0.0172858
5 0.6459295 0.5322855 0.0266373 0.0172858
9 0.3747137 0.5945145 0.0266373 0.0172858
4 0.5781255 0.4078275 0.0266373 0.0172858
6 0.5103216 0.5945145 0.0266373 0.0172858
6 0.3069097 0.2833695 0.0266373 0.0172858
19 0.5103216 0.4700565 0.0266373 0.0172858
31 0.4413068 0.4700565 0.0266373 0.0172858
20 0.3747137 0.4078275 0.0266373 0.0172858
5 0.2391057 0.3455985 0.0266373 0.0172858
30 0.5781255 0.5945145 0.0266373 0.0172858
15 0.5781255 0.2833695 0.0266373 0.0172858
29 0.2391057 0.4078275 0.0266373 0.0172858
9 0.6459295 0.4078275 0.0266373 0.0172858
8 0.2391057 0.2833695 0.0266373 0.0172858
1 0.4413068 0.5322855 0.0266373 0.0172858
9 0.3069097 0.4078275 0.0266373 0.0172858
5 0.3747137 0.2833695 0.0266373 0.0172858
