18 0.7053849 0.5166082 0.0269316 0.0171616
28 0.7739381 0.7019534 0.0269316 0.0171616
32 0.5701149 0.5217567 0.4957861 0.4393367
3 0.4997256 0.4548265 0.0269316 0.0171616
30 0.6368318 0.5166082 0.0269315 0.0171616
33 0.3626193 0.5778179 0.0636565 0.0617818
18 0.3626193 0.5783900 0.0269316 0.0171616
7 0.5670545 0.6401717 0.0269316 0.0171616
1 0.7053849 0.6401717 0.0269316 0.0171616
3 0.7739381 0.6401717 0.0269316 0.0171616
4 0.3626193 0.4548265 0.0269316 0.0171616
21 0.4311724 0.5166082 0.0269316 0.0171616
1 0.7739381 0.3930448 0.0269316 0.0171616
3 0.4997256 0.7019534 0.0269316 0.0171616
6 0.7739381 0.5783900 0.0269316 0.0171616
20 0.3626193 0.3930448 0.0269316 0.0171616
3 0.3626193 0.6401717 0.0269316 0.0171616
16 0.4997256 0.3930448 0.0269316 0.0171616
18 0.7739381 0.5166082 0.0269316 0.0171616
29 0.6368318 0.3930448 0.0269315 0.0171616
20 0.5670545 0.5783900 0.0269316 0.0171616
2 0.4311724 0.4548265 0.0269316 0.0171616
2 0.4997256 0.5166082 0.0269316 0.0171616
29 0.7053849 0.7019534 0.0269316 0.0171616
27 0.7053849 0.4548265 0.0269316 0.0171616
8 0.6368318 0.4548265 0.0269315 0.0171616
8 0.3626193 0.5166082 0.0269316 0.0171616
25 0.4311724 0.6401717 0.0269316 0.0171616
30 0.5670545 0.3930448 0.0269316 0.0171616
14 0.7053849 0.5783900 0.0269316 0.0171616
22 0.4997256 0.6401717 0.0269316 0.0171616
19 0.5670545 0.7019534 0.0269316 0.0171616
30 0.6368318 0.5783900 0.0269315 0.0171616
22 0.4311724 0.5783900 0.0269316 0.0171616
1 0.7739381 0.4548265 0.0269316 0.0171616
19 0.3626193 0.7019534 0.0269316 0.0171616
25 0.6368318 0.7019534 0.0269315 0.0171616
20 0.5670545 0.5166082 0.0269316 0.0171616
3 0.5670545 0.4548265 0.0269316 0.0171616
1 0.7053849 0.3930448 0.0269316 0.0171616
7 0.4311724 0.3930448 0.0269316 0.0171616
24 0.4997256 0.5783900 0.0269316 0.0171616
17 0.4311724 0.7019534 0.0269316 0.0171616
6 0.6368318 0.6401717 0.0269315 0.0171616
