20 0.6490466 0.4879695 0.0276505 0.0168770
2 0.2267477 0.3664549 0.0276505 0.0168770
32 0.4397824 0.4930326 0.5090211 0.4320516
20 0.5786635 0.4272122 0.0276505 0.0168770
34 0.4366404 0.4874069 0.0653558 0.0607572
17 0.4366404 0.4879695 0.0276505 0.0168770
14 0.5786635 0.4879695 0.0276505 0.0168770
12 0.2267477 0.6702412 0.0276505 0.0168770
11 0.2971309 0.6702412 0.0276505 0.0168770
13 0.5082804 0.5487267 0.0276505 0.0168770
18 0.6490466 0.5487267 0.0276505 0.0168770
22 0.6490466 0.4272122 0.0276505 0.0168770
3 0.4366404 0.5487267 0.0276505 0.0168770
31 0.2971309 0.6094840 0.0276505 0.0168770
22 0.2267477 0.4272122 0.0276505 0.0168770
22 0.2971309 0.5487267 0.0276505 0.0168770
9 0.5082804 0.4272122 0.0276505 0.0168770
14 0.2267477 0.5487267 0.0276505 0.0168770
27 0.3675140 0.6094840 0.0276505 0.0168770
19 0.5786635 0.3664549 0.0276505 0.0168770
18 0.4366404 0.4272122 0.0276505 0.0168770
2 0.2267477 0.6094840 0.0276505 0.0168770
29 0.5082804 0.4879695 0.0276505 0.0168770
3 0.5082804 0.6702412 0.0276505 0.0168770
21 0.5082804 0.3664549 0.0276505 0.0168770
31 0.6490466 0.3664549 0.0276505 0.0168770
11 0.6490466 0.6702412 0.0276505 0.0168770
16 0.3675140 0.3664549 0.0276505 0.0168770
16 0.2971309 0.3664549 0.0276505 0.0168770
27 0.5082804 0.6094840 0.0276505 0.0168770
25 0.4366404 0.6094840 0.0276505 0.0168770
7 0.2971309 0.4879695 0.0276505 0.0168770
17 0.2267477 0.4879695 0.0276505 0.0168770
10 0.3675140 0.6702412 0.0276505 0.0168770
4 0.5786635 0.6094840 0.0276505 0.0168770
25 0.3675140 0.4272122 0.0276505 0.0168770
20 0.4366404 0.6702412 0.0276505 0.0168770
5 0.5786635 0.6702412 0.0276505 0.0168770
5 0.4366404 0.3664549 0.0276505 0.0168770
17 0.3675140 0.4879695 0.0276505 0.0168770
13 0.3675140 0.5487267 0.0276505 0.0168770
4 0.2971309 0.4272122 0.0276505 0.0168770
16 0.6490466 0.6094840 0.0276505 0.0168770
18 0.5786635 0.5487267 0.0276505 0.0168770
