31 0.5854335 0.5247678 0.0273415 0.0170997
9 0.7246264 0.4016499 0.0273415 0.0170997
32 0.5177012 0.4067798 0.5033315 0.4377526
33 0.3760227 0.2779620 0.0633825 0.0615590
24 0.3766441 0.2785320 0.0273415 0.0170997
23 0.6550299 0.3400909 0.0273415 0.0170997
21 0.3766441 0.4016499 0.0273415 0.0170997
19 0.3070477 0.4632088 0.0273414 0.0170997
16 0.7246264 0.5247678 0.0273415 0.0170997
11 0.5854335 0.5863268 0.0273415 0.0170997
3 0.3070477 0.3400909 0.0273414 0.0170997
2 0.3766441 0.4632088 0.0273415 0.0170997
20 0.6550299 0.5863268 0.0273415 0.0170997
5 0.3766441 0.5247678 0.0273415 0.0170997
10 0.4462406 0.5863268 0.0273415 0.0170997
27 0.3070477 0.2785320 0.0273414 0.0170997
30 0.3070477 0.4016499 0.0273414 0.0170997
29 0.7246264 0.5863268 0.0273415 0.0170997
5 0.5145942 0.3400909 0.0273415 0.0170997
22 0.4462406 0.3400909 0.0273415 0.0170997
18 0.5854335 0.2785320 0.0273415 0.0170997
6 0.5145942 0.2785320 0.0273415 0.0170997
28 0.6550299 0.5247678 0.0273415 0.0170997
16 0.4462406 0.4016499 0.0273415 0.0170997
21 0.3070477 0.5863268 0.0273414 0.0170997
25 0.5145942 0.5863268 0.0273415 0.0170997
14 0.4462406 0.4632088 0.0273415 0.0170997
6 0.5145942 0.4016499 0.0273415 0.0170997
14 0.3070477 0.5247678 0.0273414 0.0170997
31 0.4462406 0.5247678 0.0273415 0.0170997
13 0.6550299 0.2785320 0.0273415 0.0170997
25 0.7246264 0.3400909 0.0273415 0.0170997
8 0.3766441 0.5863268 0.0273415 0.0170997
24 0.6550299 0.4016499 0.0273415 0.0170997
21 0.5854335 0.4632088 0.0273415 0.0170997
26 0.5145942 0.5247678 0.0273415 0.0170997
29 0.3766441 0.3400909 0.0273415 0.0170997
6 0.6550299 0.4632088 0.0273415 0.0170997
7 0.5854335 0.4016499 0.0273415 0.0170997
17 0.5145942 0.4632088 0.0273415 0.0170997
30 0.4462406 0.2785320 0.0273415 0.0170997
1 0.7246264 0.4632088 0.0273415 0.0170997
19 0.7246264 0.2785320 0.0273415 0.0170997
15 0.5854335 0.3400909 0.0273415 0.0170997
