25 0.1242317 0.6948257 0.0287624 0.0164041
29 0.1242317 0.6357708 0.0287624 0.0164041
32 0.2726196 0.5816371 0.5294899 0.4199461
13 0.3438720 0.4586060 0.0287624 0.0164041
7 0.4170854 0.4586060 0.0287624 0.0164041
33 0.0510183 0.5761691 0.0679839 0.0590549
8 0.0510183 0.5767159 0.0287624 0.0164041
19 0.3438720 0.5767159 0.0287624 0.0164041
5 0.3438720 0.6948257 0.0287624 0.0164041
5 0.2693512 0.7538806 0.0287624 0.0164041
25 0.4902988 0.6948257 0.0287624 0.0164041
11 0.1242317 0.5767159 0.0287624 0.0164041
6 0.4902988 0.4586060 0.0287624 0.0164041
12 0.4170854 0.5176610 0.0287624 0.0164041
25 0.4902988 0.5176610 0.0287624 0.0164041
29 0.2693512 0.6357708 0.0287624 0.0164041
15 0.1974451 0.5767159 0.0287624 0.0164041
14 0.1242317 0.4586060 0.0287624 0.0164041
16 0.4170854 0.5767159 0.0287624 0.0164041
3 0.3438720 0.7538806 0.0287624 0.0164041
15 0.0510183 0.7538806 0.0287624 0.0164041
11 0.4902988 0.5767159 0.0287624 0.0164041
14 0.1974451 0.6948257 0.0287624 0.0164041
10 0.1242317 0.7538806 0.0287624 0.0164041
30 0.1974451 0.4586060 0.0287624 0.0164041
22 0.4902988 0.7538806 0.0287624 0.0164041
25 0.0510183 0.5176610 0.0287624 0.0164041
9 0.0510183 0.6948257 0.0287624 0.0164041
17 0.1242317 0.5176610 0.0287624 0.0164041
30 0.2693512 0.5176610 0.0287624 0.0164041
7 0.2693512 0.4586060 0.0287624 0.0164041
16 0.4170854 0.7538806 0.0287624 0.0164041
3 0.1974451 0.6357708 0.0287624 0.0164041
20 0.0510183 0.6357708 0.0287624 0.0164041
27 0.4902988 0.6357708 0.0287624 0.0164041
9 0.3438720 0.5176610 0.0287624 0.0164041
30 0.4170854 0.6357708 0.0287624 0.0164041
21 0.1974451 0.5176610 0.0287624 0.0164041
22 0.2693512 0.5767159 0.0287624 0.0164041
24 0.4170854 0.6948257 0.0287624 0.0164041
9 0.3438720 0.6357708 0.0287624 0.0164041
22 0.2693512 0.6948257 0.0287624 0.0164041
9 0.1974451 0.7538806 0.0287624 0.0164041
5 0.0510183 0.4586060 0.0287624 0.0164041
