28 0.4400605 0.2865606 0.0274202 0.0166441
3 0.3690172 0.2266418 0.0274202 0.0166441
32 0.3721331 0.3514727 0.5047813 0.4260893
27 0.5098574 0.2266418 0.0274202 0.0166441
25 0.1608728 0.3464795 0.0274202 0.0166441
33 0.2300465 0.4657623 0.0635651 0.0599188
26 0.2306697 0.4663171 0.0274202 0.0166442
19 0.5796543 0.4663171 0.0274202 0.0166442
12 0.1608728 0.5262359 0.0274202 0.0166441
13 0.5796543 0.4063982 0.0274202 0.0166442
27 0.1608728 0.2865606 0.0274202 0.0166441
17 0.4400605 0.4663171 0.0274202 0.0166442
9 0.2306697 0.2865606 0.0274202 0.0166441
19 0.2306697 0.5262359 0.0274202 0.0166441
11 0.5796543 0.5262359 0.0274202 0.0166441
17 0.4400605 0.2266418 0.0274202 0.0166441
16 0.2306697 0.3464795 0.0274202 0.0166441
9 0.1608728 0.4063982 0.0274202 0.0166442
25 0.4400605 0.3464795 0.0274202 0.0166441
25 0.5098574 0.3464795 0.0274202 0.0166441
28 0.2306697 0.4063982 0.0274202 0.0166442
5 0.2306697 0.2266418 0.0274202 0.0166441
11 0.5098574 0.4663171 0.0274202 0.0166442
27 0.3004666 0.2865606 0.0274202 0.0166441
31 0.3690172 0.5262359 0.0274202 0.0166441
5 0.3004666 0.2266418 0.0274202 0.0166441
27 0.5098574 0.2865606 0.0274202 0.0166441
9 0.4400605 0.5262359 0.0274202 0.0166441
14 0.3004666 0.4063982 0.0274202 0.0166442
29 0.1608728 0.4663171 0.0274202 0.0166442
11 0.3004666 0.4663171 0.0274202 0.0166442
1 0.5098574 0.4063982 0.0274202 0.0166442
20 0.5796543 0.2266418 0.0274202 0.0166441
31 0.3004666 0.5262359 0.0274202 0.0166441
7 0.3004666 0.3464795 0.0274202 0.0166441
17 0.5796543 0.3464795 0.0274202 0.0166441
25 0.3690172 0.2865606 0.0274202 0.0166441
5 0.1608728 0.2266418 0.0274202 0.0166441
21 0.5796543 0.2865606 0.0274202 0.0166441
25 0.3690172 0.3464795 0.0274202 0.0166441
20 0.3690172 0.4063982 0.0274202 0.0166442
20 0.3690172 0.4663171 0.0274202 0.0166442
13 0.5098574 0.5262359 0.0274202 0.0166441
31 0.4400605 0.4063982 0.0274202 0.0166442
