10 0.4211359 0.4649024 0.0287848 0.0160888
6 0.4211359 0.4069828 0.0287848 0.0160888
32 0.2765578 0.3538898 0.5299018 0.4118731
6 0.0547840 0.2911435 0.0287848 0.0160888
1 0.2732868 0.2911435 0.0287848 0.0160888
34 0.0547840 0.4064465 0.0680368 0.0579197
10 0.0547840 0.4069828 0.0287848 0.0160888
30 0.3478656 0.4069828 0.0287848 0.0160888
16 0.3478656 0.4649024 0.0287848 0.0160888
17 0.2732868 0.4069828 0.0287848 0.0160888
29 0.3478656 0.2332238 0.0287848 0.0160888
22 0.2013248 0.3490631 0.0287848 0.0160888
24 0.4211359 0.5228221 0.0287848 0.0160888
16 0.4944063 0.4649024 0.0287848 0.0160888
13 0.1280544 0.2911435 0.0287848 0.0160888
26 0.3478656 0.3490631 0.0287848 0.0160888
7 0.2732868 0.4649024 0.0287848 0.0160888
26 0.2013248 0.4069828 0.0287848 0.0160888
28 0.2013248 0.2332238 0.0287848 0.0160888
26 0.2732868 0.5228221 0.0287848 0.0160888
17 0.4944063 0.3490631 0.0287848 0.0160888
2 0.3478656 0.2911435 0.0287848 0.0160888
26 0.0547840 0.5228221 0.0287848 0.0160888
11 0.1280544 0.4649024 0.0287848 0.0160888
18 0.0547840 0.2332238 0.0287848 0.0160888
14 0.4944063 0.5228221 0.0287848 0.0160888
14 0.0547840 0.3490631 0.0287848 0.0160888
9 0.2013248 0.4649024 0.0287848 0.0160888
4 0.2013248 0.2911435 0.0287848 0.0160888
2 0.4944063 0.2911435 0.0287848 0.0160888
26 0.4211359 0.2332238 0.0287848 0.0160888
12 0.1280544 0.3490631 0.0287848 0.0160888
1 0.2732868 0.3490631 0.0287848 0.0160888
21 0.3478656 0.5228221 0.0287848 0.0160888
14 0.4944063 0.4069828 0.0287848 0.0160888
26 0.1280544 0.5228221 0.0287848 0.0160888
17 0.2732868 0.2332238 0.0287848 0.0160888
25 0.2013248 0.5228221 0.0287848 0.0160888
7 0.4211359 0.2911435 0.0287848 0.0160888
5 0.0547840 0.4649024 0.0287848 0.0160888
13 0.1280544 0.4069828 0.0287848 0.0160888
24 0.4211359 0.3490631 0.0287848 0.0160888
16 0.1280544 0.2332238 0.0287848 0.0160888
14 0.4944063 0.2332238 0.0287848 0.0160888
