14 0.6161797 0.3378836 0.0285091 0.0163935
5 0.8351810 0.2198502 0.0285091 0.0163935
32 0.6194193 0.3428017 0.5248257 0.4196743
4 0.6900440 0.2198502 0.0285091 0.0163935
16 0.5449070 0.2788669 0.0285091 0.0163935
10 0.4723386 0.3378836 0.0285090 0.0163935
34 0.5449070 0.4553706 0.0673850 0.0590167
20 0.5449070 0.4559170 0.0285091 0.0163935
19 0.6161797 0.4559170 0.0285091 0.0163935
1 0.7626125 0.2788669 0.0285091 0.0163935
18 0.5449070 0.2198502 0.0285091 0.0163935
6 0.7626125 0.3969003 0.0285091 0.0163936
3 0.8351810 0.3378836 0.0285091 0.0163935
18 0.3997701 0.2198502 0.0285091 0.0163935
14 0.5449070 0.3378836 0.0285091 0.0163935
10 0.5449070 0.5149337 0.0285091 0.0163935
12 0.3997701 0.5149337 0.0285091 0.0163935
29 0.6900440 0.3378836 0.0285091 0.0163935
7 0.4723386 0.2788669 0.0285090 0.0163935
7 0.4723386 0.2198502 0.0285090 0.0163935
10 0.8351810 0.4559170 0.0285091 0.0163935
2 0.6900440 0.5149337 0.0285091 0.0163935
21 0.6900440 0.3969003 0.0285091 0.0163936
1 0.6900440 0.4559170 0.0285091 0.0163935
14 0.3997701 0.3969003 0.0285091 0.0163936
21 0.3997701 0.3378836 0.0285091 0.0163935
13 0.3997701 0.2788669 0.0285091 0.0163935
22 0.6161797 0.2788669 0.0285091 0.0163935
8 0.4723386 0.3969003 0.0285090 0.0163936
10 0.7626125 0.4559170 0.0285091 0.0163935
21 0.8351810 0.2788669 0.0285091 0.0163935
6 0.8351810 0.5149337 0.0285091 0.0163935
15 0.6161797 0.5149337 0.0285091 0.0163935
31 0.6161797 0.2198502 0.0285091 0.0163935
31 0.6161797 0.3969003 0.0285091 0.0163936
3 0.4723386 0.5149337 0.0285090 0.0163935
6 0.7626125 0.5149337 0.0285091 0.0163935
30 0.4723386 0.4559170 0.0285090 0.0163935
19 0.7626125 0.2198502 0.0285091 0.0163935
1 0.7626125 0.3378836 0.0285091 0.0163935
19 0.6900440 0.2788669 0.0285091 0.0163935
9 0.5449070 0.3969003 0.0285091 0.0163936
7 0.8351810 0.3969003 0.0285091 0.0163936
30 0.3997701 0.4559170 0.0285091 0.0163935
