9 0.6030344 0.4188185 0.0262481 0.0167035
13 0.8046669 0.4789512 0.0262480 0.0167035
32 0.6060171 0.4238295 0.4832023 0.4276100
25 0.4037880 0.2985532 0.0262480 0.0167035
19 0.6030344 0.2985532 0.0262481 0.0167035
13 0.8046669 0.4188185 0.0262480 0.0167035
27 0.4037880 0.4789512 0.0262480 0.0167035
34 0.4700046 0.5385270 0.0608477 0.0601326
16 0.4706011 0.5390838 0.0262480 0.0167035
26 0.6030344 0.5390838 0.0262481 0.0167035
30 0.4706011 0.5992164 0.0262480 0.0167035
21 0.7378538 0.5992164 0.0262480 0.0167035
17 0.6710406 0.5992164 0.0262480 0.0167035
24 0.4037880 0.5390838 0.0262480 0.0167035
10 0.8046669 0.5992164 0.0262480 0.0167035
6 0.4706011 0.4789512 0.0262480 0.0167035
1 0.6030344 0.4789512 0.0262481 0.0167035
6 0.6710406 0.5390838 0.0262480 0.0167035
22 0.8046669 0.5390838 0.0262480 0.0167035
26 0.4706011 0.4188185 0.0262480 0.0167035
18 0.6710406 0.4789512 0.0262480 0.0167035
2 0.5374143 0.5390838 0.0262480 0.0167035
27 0.7378538 0.4188185 0.0262480 0.0167035
2 0.6030344 0.5992164 0.0262481 0.0167035
24 0.5374143 0.4188185 0.0262480 0.0167035
2 0.7378538 0.3586858 0.0262480 0.0167035
18 0.6030344 0.3586858 0.0262481 0.0167035
30 0.6710406 0.3586858 0.0262480 0.0167035
16 0.7378538 0.2985532 0.0262480 0.0167035
19 0.7378538 0.4789512 0.0262480 0.0167035
9 0.8046669 0.2985532 0.0262480 0.0167035
12 0.8046669 0.3586858 0.0262480 0.0167035
15 0.7378538 0.5390838 0.0262480 0.0167035
1 0.5374143 0.4789512 0.0262480 0.0167035
11 0.4037880 0.3586858 0.0262480 0.0167035
13 0.4706011 0.2985532 0.0262480 0.0167035
6 0.5374143 0.5992164 0.0262480 0.0167035
4 0.6710406 0.2985532 0.0262480 0.0167035
18 0.4037880 0.4188185 0.0262480 0.0167035
30 0.5374143 0.2985532 0.0262480 0.0167035
11 0.5374143 0.3586858 0.0262480 0.0167035
18 0.4706011 0.3586858 0.0262480 0.0167035
9 0.4037880 0.5992164 0.0262480 0.0167035
30 0.6710406 0.4188185 0.0262480 0.0167035
