21 0.6055683 0.2296682 0.0286526 0.0165750
28 0.6798047 0.2893384 0.0286526 0.0165750
32 0.6088243 0.3539811 0.5274690 0.4243214
1 0.6798047 0.2296682 0.0286526 0.0165750
20 0.6055683 0.2893384 0.0286526 0.0165750
15 0.5339367 0.4683490 0.0286526 0.0165750
33 0.7520875 0.4677965 0.0664220 0.0596702
12 0.7527386 0.4683490 0.0286526 0.0165750
11 0.8256727 0.4683490 0.0286526 0.0165750
28 0.7527386 0.2296682 0.0286526 0.0165750
20 0.3880688 0.2893384 0.0286526 0.0165750
20 0.8256727 0.2893384 0.0286526 0.0165750
15 0.6055683 0.3490086 0.0286526 0.0165750
11 0.5339367 0.2893384 0.0286526 0.0165750
5 0.3880688 0.5280192 0.0286526 0.0165750
3 0.5339367 0.4086788 0.0286526 0.0165750
9 0.5339367 0.2296682 0.0286526 0.0165750
12 0.3880688 0.4683490 0.0286526 0.0165750
11 0.3880688 0.4086788 0.0286526 0.0165750
5 0.6055683 0.4683490 0.0286526 0.0165750
16 0.6798047 0.3490086 0.0286526 0.0165750
5 0.4610027 0.2893384 0.0286526 0.0165750
21 0.7527386 0.5280192 0.0286526 0.0165750
14 0.4610027 0.2296682 0.0286526 0.0165750
24 0.6055683 0.4086788 0.0286526 0.0165750
28 0.4610027 0.5280192 0.0286526 0.0165750
1 0.6798047 0.4683490 0.0286526 0.0165750
15 0.8256727 0.5280192 0.0286526 0.0165750
17 0.8256727 0.2296682 0.0286526 0.0165750
6 0.8256727 0.4086788 0.0286526 0.0165750
14 0.5339367 0.3490086 0.0286526 0.0165750
22 0.6055683 0.5280192 0.0286526 0.0165750
7 0.7527386 0.2893384 0.0286526 0.0165750
7 0.7527386 0.3490086 0.0286526 0.0165750
12 0.3880688 0.3490086 0.0286526 0.0165750
18 0.7527386 0.4086788 0.0286526 0.0165750
8 0.4610027 0.3490086 0.0286526 0.0165750
9 0.8256727 0.3490086 0.0286526 0.0165750
12 0.4610027 0.4683490 0.0286526 0.0165750
28 0.6798047 0.4086788 0.0286526 0.0165750
18 0.6798047 0.5280192 0.0286526 0.0165750
18 0.5339367 0.5280192 0.0286526 0.0165750
18 0.3880688 0.2296682 0.0286526 0.0165750
7 0.4610027 0.4086788 0.0286526 0.0165750
