26 0.7416272 0.3152225 0.0279788 0.0159296
9 0.3855339 0.4299153 0.0279787 0.0159296
32 0.6010975 0.4346942 0.5150636 0.4077967
9 0.5279712 0.3152225 0.0279788 0.0159296
7 0.6704085 0.3152225 0.0279787 0.0159296
16 0.5279712 0.3725689 0.0279788 0.0159296
34 0.5279712 0.4867308 0.0661316 0.0573464
26 0.5279712 0.4872618 0.0279788 0.0159296
11 0.5279712 0.6019546 0.0279788 0.0159296
12 0.3855339 0.5446082 0.0279787 0.0159296
30 0.3855339 0.4872618 0.0279787 0.0159296
16 0.3855339 0.3725689 0.0279787 0.0159296
25 0.8128459 0.4299153 0.0279787 0.0159296
17 0.7416272 0.4872618 0.0279788 0.0159296
16 0.8128459 0.4872618 0.0279787 0.0159296
29 0.8128459 0.6019546 0.0279787 0.0159296
21 0.4567525 0.6019546 0.0279788 0.0159296
14 0.7416272 0.5446082 0.0279788 0.0159296
16 0.5979181 0.3725689 0.0279788 0.0159296
17 0.5979181 0.6019546 0.0279788 0.0159296
13 0.4567525 0.3725689 0.0279788 0.0159296
4 0.4567525 0.5446082 0.0279788 0.0159296
8 0.4567525 0.4872618 0.0279788 0.0159296
17 0.5979181 0.4299153 0.0279788 0.0159296
11 0.4567525 0.4299153 0.0279788 0.0159296
12 0.8128459 0.3152225 0.0279787 0.0159296
24 0.8128459 0.5446082 0.0279787 0.0159296
3 0.6704085 0.3725689 0.0279787 0.0159296
17 0.6704085 0.5446082 0.0279787 0.0159296
3 0.5279712 0.4299153 0.0279788 0.0159296
15 0.7416272 0.6019546 0.0279788 0.0159296
13 0.7416272 0.4299153 0.0279788 0.0159296
12 0.8128459 0.3725689 0.0279787 0.0159296
15 0.5979181 0.3152225 0.0279788 0.0159296
9 0.7416272 0.3725689 0.0279788 0.0159296
17 0.5979181 0.5446082 0.0279788 0.0159296
3 0.4567525 0.3152225 0.0279788 0.0159296
19 0.6704085 0.4299153 0.0279787 0.0159296
13 0.6704085 0.6019546 0.0279787 0.0159296
26 0.5979181 0.4872618 0.0279788 0.0159296
2 0.3855339 0.3152225 0.0279787 0.0159296
14 0.3855339 0.6019546 0.0279787 0.0159296
31 0.5279712 0.5446082 0.0279788 0.0159296
3 0.6704085 0.4872618 0.0279787 0.0159296
