3 0.6094713 0.4329708 0.0268674 0.0174002
30 0.4739128 0.6208933 0.0268674 0.0174002
32 0.6125244 0.4381908 0.4946055 0.4454460
23 0.4055228 0.3076891 0.0268675 0.0174002
33 0.7468617 0.5576725 0.0622836 0.0626408
2 0.7474724 0.5582525 0.0268674 0.0174002
5 0.5423027 0.6208933 0.0268674 0.0174002
30 0.6790825 0.6208933 0.0268674 0.0174002
4 0.7474724 0.6208933 0.0268674 0.0174002
20 0.6790825 0.3703299 0.0268674 0.0174002
13 0.6790825 0.5582525 0.0268674 0.0174002
2 0.8158623 0.3703299 0.0268674 0.0174002
11 0.5423027 0.3703299 0.0268674 0.0174002
21 0.4739128 0.3076891 0.0268674 0.0174002
24 0.7474724 0.3703299 0.0268674 0.0174002
8 0.4055228 0.5582525 0.0268675 0.0174002
13 0.8158623 0.6208933 0.0268674 0.0174002
19 0.6094713 0.4956116 0.0268674 0.0174002
17 0.5423027 0.4956116 0.0268674 0.0174002
3 0.6094713 0.3703299 0.0268674 0.0174002
18 0.7474724 0.4956116 0.0268674 0.0174002
28 0.7474724 0.4329708 0.0268674 0.0174002
15 0.4055228 0.6208933 0.0268675 0.0174002
8 0.4739128 0.5582525 0.0268674 0.0174002
7 0.8158623 0.4956116 0.0268674 0.0174002
6 0.6790825 0.4329708 0.0268674 0.0174002
9 0.6094713 0.5582525 0.0268674 0.0174002
7 0.4055228 0.4956116 0.0268675 0.0174002
2 0.5423027 0.5582525 0.0268674 0.0174002
18 0.5423027 0.3076891 0.0268674 0.0174002
9 0.6790825 0.3076891 0.0268674 0.0174002
29 0.6790825 0.4956116 0.0268674 0.0174002
16 0.4739128 0.4329708 0.0268674 0.0174002
12 0.4739128 0.3703299 0.0268674 0.0174002
5 0.4055228 0.4329708 0.0268675 0.0174002
13 0.7474724 0.3076891 0.0268674 0.0174002
9 0.4739128 0.4956116 0.0268674 0.0174002
2 0.8158623 0.4329708 0.0268674 0.0174002
5 0.6094713 0.6208933 0.0268674 0.0174002
6 0.8158623 0.3076891 0.0268674 0.0174002
15 0.8158623 0.5582525 0.0268674 0.0174002
30 0.5423027 0.4329708 0.0268674 0.0174002
29 0.6094713 0.3076891 0.0268674 0.0174002
22 0.4055228 0.3703299 0.0268675 0.0174002
