15 0.5025560 0.4854620 0.0280781 0.0158832
4 0.4310845 0.5998212 0.0280780 0.0158832
32 0.5759418 0.4330474 0.5168917 0.4066104
10 0.5025560 0.3139233 0.0280781 0.0158832
25 0.3596130 0.3711028 0.0280780 0.0158832
11 0.7169703 0.3711028 0.0280782 0.0158832
34 0.7884418 0.4849326 0.0663663 0.0571796
10 0.7884418 0.4854620 0.0280781 0.0158832
15 0.5025560 0.5998212 0.0280781 0.0158832
5 0.5025560 0.3711028 0.0280781 0.0158832
3 0.7169703 0.4854620 0.0280782 0.0158832
27 0.7884418 0.3139233 0.0280781 0.0158832
17 0.6454988 0.5998212 0.0280781 0.0158832
12 0.7169703 0.5998212 0.0280782 0.0158832
10 0.4310845 0.3139233 0.0280780 0.0158832
26 0.7169703 0.4282824 0.0280782 0.0158832
18 0.4310845 0.5426416 0.0280780 0.0158832
29 0.4310845 0.3711028 0.0280780 0.0158832
24 0.5727511 0.3711028 0.0280781 0.0158832
1 0.6454988 0.3139233 0.0280781 0.0158832
2 0.6454988 0.4854620 0.0280781 0.0158832
24 0.7169703 0.5426416 0.0280782 0.0158832
13 0.6454988 0.4282824 0.0280781 0.0158832
17 0.5727511 0.4854620 0.0280781 0.0158832
10 0.3596130 0.4282824 0.0280780 0.0158832
19 0.6454988 0.3711028 0.0280781 0.0158832
20 0.5727511 0.5426416 0.0280781 0.0158832
17 0.3596130 0.3139233 0.0280780 0.0158832
21 0.5727511 0.4282824 0.0280781 0.0158832
22 0.6454988 0.5426416 0.0280781 0.0158832
30 0.7884418 0.5998212 0.0280781 0.0158832
12 0.4310845 0.4282824 0.0280780 0.0158832
22 0.5727511 0.5998212 0.0280781 0.0158832
11 0.5727511 0.3139233 0.0280781 0.0158832
28 0.3596130 0.4854620 0.0280780 0.0158832
15 0.3596130 0.5998212 0.0280780 0.0158832
18 0.4310845 0.4854620 0.0280780 0.0158832
15 0.3596130 0.5426416 0.0280780 0.0158832
10 0.7884418 0.3711028 0.0280781 0.0158832
19 0.7169703 0.3139233 0.0280782 0.0158832
9 0.7884418 0.5426416 0.0280781 0.0158832
10 0.5025560 0.5426416 0.0280781 0.0158832
18 0.5025560 0.4282824 0.0280781 0.0158832
31 0.7884418 0.4282824 0.0280781 0.0158832
