21 0.4679134 0.3695855 0.0269475 0.0162080
2 0.6063255 0.2528878 0.0269475 0.0162080
32 0.4709756 0.3744479 0.4960789 0.4149252
26 0.4005446 0.2528878 0.0269475 0.0162080
5 0.4679134 0.4279343 0.0269475 0.0162080
29 0.2633574 0.5446320 0.0269475 0.0162080
12 0.4005446 0.5446320 0.0269475 0.0162080
33 0.4679134 0.5440917 0.0636941 0.0583488
28 0.4679134 0.5446320 0.0269475 0.0162080
24 0.3319510 0.3695855 0.0269475 0.0162080
12 0.4679134 0.3112366 0.0269475 0.0162080
21 0.3319510 0.4279343 0.0269475 0.0162080
13 0.6749191 0.4862832 0.0269475 0.0162080
27 0.5377319 0.3112366 0.0269475 0.0162080
15 0.4005446 0.4279343 0.0269475 0.0162080
6 0.6063255 0.4862832 0.0269475 0.0162080
21 0.2633574 0.4279343 0.0269475 0.0162080
20 0.6749191 0.3695855 0.0269475 0.0162080
18 0.6749191 0.5446320 0.0269475 0.0162080
21 0.6749191 0.3112366 0.0269475 0.0162080
28 0.5377319 0.2528878 0.0269475 0.0162080
26 0.6063255 0.3112366 0.0269475 0.0162080
19 0.4005446 0.3695855 0.0269475 0.0162080
2 0.6749191 0.4279343 0.0269475 0.0162080
17 0.2633574 0.3112366 0.0269475 0.0162080
14 0.3319510 0.5446320 0.0269475 0.0162080
5 0.6063255 0.4279343 0.0269475 0.0162080
29 0.5377319 0.3695855 0.0269475 0.0162080
22 0.3319510 0.3112366 0.0269475 0.0162080
21 0.4005446 0.3112366 0.0269475 0.0162080
28 0.4679134 0.2528878 0.0269475 0.0162080
13 0.4679134 0.4862832 0.0269475 0.0162080
7 0.6749191 0.2528878 0.0269475 0.0162080
19 0.6063255 0.3695855 0.0269475 0.0162080
15 0.3319510 0.2528878 0.0269475 0.0162080
16 0.2633574 0.4862832 0.0269475 0.0162080
25 0.2633574 0.2528878 0.0269475 0.0162080
27 0.2633574 0.3695855 0.0269475 0.0162080
27 0.5377319 0.4862832 0.0269475 0.0162080
19 0.6063255 0.5446320 0.0269475 0.0162080
18 0.5377319 0.4279343 0.0269475 0.0162080
15 0.3319510 0.4862832 0.0269475 0.0162080
1 0.5377319 0.5446320 0.0269475 0.0162080
22 0.4005446 0.4862832 0.0269475 0.0162080
