5 0.5383320 0.4198750 0.0265136 0.0166908
27 0.1333974 0.7203101 0.0265136 0.0166908
32 0.3376724 0.5450564 0.4880908 0.4272855
20 0.1333974 0.5400491 0.0265136 0.0166908
3 0.4033538 0.5400491 0.0265136 0.0166908
34 0.3346595 0.6596667 0.0626684 0.0600870
26 0.3346595 0.6602231 0.0265136 0.0166908
12 0.4033538 0.6602231 0.0265136 0.0166908
21 0.3346595 0.6001361 0.0265136 0.0166908
15 0.4033538 0.6001361 0.0265136 0.0166908
7 0.2008865 0.4799621 0.0265136 0.0166908
4 0.2008865 0.7203101 0.0265136 0.0166908
12 0.2008865 0.4198750 0.0265136 0.0166908
21 0.5383320 0.6001361 0.0265136 0.0166908
30 0.4708429 0.6602231 0.0265136 0.0166908
25 0.4708429 0.4198750 0.0265136 0.0166908
29 0.3346595 0.7203101 0.0265136 0.0166908
12 0.2683756 0.4198750 0.0265136 0.0166908
26 0.4033538 0.7203101 0.0265136 0.0166908
25 0.3346595 0.4799621 0.0265136 0.0166908
1 0.4033538 0.4198750 0.0265136 0.0166908
7 0.4708429 0.6001361 0.0265136 0.0166908
24 0.4708429 0.7203101 0.0265136 0.0166908
7 0.2683756 0.4799621 0.0265136 0.0166908
28 0.2683756 0.5400491 0.0265136 0.0166908
18 0.2008865 0.6001361 0.0265136 0.0166908
24 0.2683756 0.6001361 0.0265136 0.0166908
11 0.5383320 0.7203101 0.0265136 0.0166908
31 0.3346595 0.5400491 0.0265136 0.0166908
16 0.3346595 0.4198750 0.0265136 0.0166908
22 0.1333974 0.6001361 0.0265136 0.0166908
11 0.4708429 0.4799621 0.0265136 0.0166908
15 0.5383320 0.6602231 0.0265136 0.0166908
17 0.2008865 0.5400491 0.0265136 0.0166908
4 0.5383320 0.4799621 0.0265136 0.0166908
30 0.4708429 0.5400491 0.0265136 0.0166908
11 0.2683756 0.7203101 0.0265136 0.0166908
4 0.2008865 0.6602231 0.0265136 0.0166908
6 0.1333974 0.4799621 0.0265136 0.0166908
2 0.1333974 0.4198750 0.0265136 0.0166908
16 0.1333974 0.6602231 0.0265136 0.0166908
27 0.5383320 0.5400491 0.0265136 0.0166908
29 0.4033538 0.4799621 0.0265136 0.0166908
14 0.2683756 0.6602231 0.0265136 0.0166908
