16 0.0717589 0.5678379 0.0286087 0.0159054
3 0.0717589 0.6823567 0.0286087 0.0159054
32 0.2921760 0.5726095 0.5266605 0.4071779
34 0.0717589 0.5100483 0.0676206 0.0572594
2 0.0717589 0.5105785 0.0286087 0.0159054
27 0.3630476 0.5105785 0.0286087 0.0159054
12 0.1445811 0.5678379 0.0286087 0.0159054
1 0.5086920 0.5678379 0.0286087 0.0159054
18 0.2174033 0.7396161 0.0286087 0.0159054
24 0.5086920 0.6823567 0.0286087 0.0159054
4 0.0717589 0.7396161 0.0286087 0.0159054
17 0.4358698 0.5105785 0.0286087 0.0159054
9 0.2889251 0.4533191 0.0286087 0.0159054
10 0.1445811 0.6250973 0.0286087 0.0159054
6 0.3630476 0.4533191 0.0286087 0.0159054
26 0.3630476 0.6823567 0.0286087 0.0159054
6 0.1445811 0.6823567 0.0286087 0.0159054
26 0.5086920 0.5105785 0.0286087 0.0159054
11 0.5086920 0.6250973 0.0286087 0.0159054
27 0.3630476 0.6250973 0.0286087 0.0159054
1 0.4358698 0.4533191 0.0286087 0.0159054
12 0.2174033 0.5678379 0.0286087 0.0159054
9 0.5086920 0.4533191 0.0286087 0.0159054
1 0.1445811 0.7396161 0.0286087 0.0159054
15 0.1445811 0.5105785 0.0286087 0.0159054
8 0.5086920 0.7396161 0.0286087 0.0159054
2 0.2174033 0.6823567 0.0286087 0.0159054
31 0.2889251 0.5105785 0.0286087 0.0159054
22 0.0717589 0.6250973 0.0286087 0.0159054
14 0.4358698 0.5678379 0.0286087 0.0159054
4 0.3630476 0.7396161 0.0286087 0.0159054
25 0.4358698 0.6823567 0.0286087 0.0159054
13 0.0717589 0.4533191 0.0286087 0.0159054
6 0.1445811 0.4533191 0.0286087 0.0159054
22 0.2889251 0.6823567 0.0286087 0.0159054
14 0.2174033 0.6250973 0.0286087 0.0159054
3 0.2889251 0.6250973 0.0286087 0.0159054
31 0.4358698 0.6250973 0.0286087 0.0159054
1 0.2889251 0.7396161 0.0286087 0.0159054
9 0.4358698 0.7396161 0.0286087 0.0159054
27 0.3630476 0.5678379 0.0286087 0.0159054
30 0.2889251 0.5678379 0.0286087 0.0159054
30 0.2174033 0.5105785 0.0286087 0.0159054
29 0.2174033 0.4533191 0.0286087 0.0159054
