15 0.7450327 0.6483108 0.0279938 0.0170803
6 0.6012463 0.6483108 0.0279938 0.0170803
32 0.6044274 0.5304569 0.5153405 0.4372548
1 0.5312617 0.4638439 0.0279938 0.0170803
19 0.8162897 0.4638439 0.0279939 0.0170803
34 0.4593686 0.6477414 0.0648948 0.0614890
7 0.4600048 0.6483108 0.0279938 0.0170803
2 0.6737756 0.7097997 0.0279939 0.0170802
15 0.3887479 0.7097997 0.0279938 0.0170802
21 0.6737756 0.4638439 0.0279939 0.0170803
21 0.6012463 0.5253329 0.0279938 0.0170803
11 0.8162897 0.4023549 0.0279939 0.0170802
21 0.6012463 0.4023549 0.0279938 0.0170802
29 0.7450327 0.4023549 0.0279938 0.0170802
10 0.6737756 0.5253329 0.0279939 0.0170803
10 0.7450327 0.5253329 0.0279938 0.0170803
7 0.8162897 0.5868218 0.0279939 0.0170802
24 0.6737756 0.5868218 0.0279939 0.0170802
6 0.8162897 0.5253329 0.0279939 0.0170803
14 0.4600048 0.5868218 0.0279938 0.0170802
18 0.7450327 0.7097997 0.0279938 0.0170802
12 0.3887479 0.6483108 0.0279938 0.0170803
12 0.6012463 0.5868218 0.0279938 0.0170802
12 0.4600048 0.4023549 0.0279938 0.0170802
5 0.4600048 0.4638439 0.0279938 0.0170803
11 0.5312617 0.5253329 0.0279938 0.0170803
30 0.3887479 0.4638439 0.0279938 0.0170803
15 0.6012463 0.7097997 0.0279938 0.0170802
19 0.3887479 0.5868218 0.0279938 0.0170802
13 0.4600048 0.7097997 0.0279938 0.0170802
19 0.3887479 0.5253329 0.0279938 0.0170803
11 0.3887479 0.4023549 0.0279938 0.0170802
12 0.8162897 0.7097997 0.0279939 0.0170802
8 0.5312617 0.4023549 0.0279938 0.0170802
31 0.4600048 0.5253329 0.0279938 0.0170803
16 0.8162897 0.6483108 0.0279939 0.0170803
7 0.6737756 0.4023549 0.0279939 0.0170802
8 0.6012463 0.4638439 0.0279938 0.0170803
9 0.6737756 0.6483108 0.0279939 0.0170803
24 0.5312617 0.6483108 0.0279938 0.0170803
18 0.5312617 0.5868218 0.0279938 0.0170802
13 0.7450327 0.4638439 0.0279938 0.0170803
1 0.5312617 0.7097997 0.0279938 0.0170802
9 0.7450327 0.5868218 0.0279938 0.0170802
