8 0.5744827 0.7672192 0.0282399 0.0162663
22 0.5744827 0.4744259 0.0282399 0.0162663
32 0.3607581 0.5964231 0.5198705 0.4164173
16 0.3575491 0.5329846 0.0282399 0.0162663
14 0.4307160 0.5329846 0.0282399 0.0162663
27 0.2150661 0.6501019 0.0282399 0.0162663
34 0.2869494 0.6495597 0.0667488 0.0585587
12 0.2869494 0.6501019 0.0282399 0.0162663
13 0.1431827 0.5329846 0.0282399 0.0162663
2 0.2150661 0.5915432 0.0282399 0.0162663
13 0.1431827 0.5915432 0.0282399 0.0162663
1 0.2869494 0.7086606 0.0282399 0.0162663
31 0.1431827 0.7672192 0.0282399 0.0162663
10 0.5744827 0.5915432 0.0282399 0.0162663
27 0.2150661 0.7086606 0.0282399 0.0162663
7 0.4307160 0.7086606 0.0282399 0.0162663
14 0.2150661 0.4744259 0.0282399 0.0162663
10 0.5025994 0.4744259 0.0282399 0.0162663
31 0.1431827 0.6501019 0.0282399 0.0162663
31 0.2150661 0.5329846 0.0282399 0.0162663
20 0.3575491 0.7672192 0.0282399 0.0162663
7 0.3575491 0.5915432 0.0282399 0.0162663
15 0.4307160 0.6501019 0.0282399 0.0162663
31 0.5025994 0.6501019 0.0282399 0.0162663
28 0.5025994 0.5329846 0.0282399 0.0162663
19 0.1431827 0.7086606 0.0282399 0.0162663
2 0.5744827 0.6501019 0.0282399 0.0162663
21 0.5744827 0.7086606 0.0282399 0.0162663
19 0.3575491 0.6501019 0.0282399 0.0162663
7 0.2869494 0.4744259 0.0282399 0.0162663
29 0.2869494 0.5915432 0.0282399 0.0162663
15 0.5025994 0.5915432 0.0282399 0.0162663
27 0.2150661 0.7672192 0.0282399 0.0162663
17 0.4307160 0.5915432 0.0282399 0.0162663
20 0.5744827 0.5329846 0.0282399 0.0162663
18 0.4307160 0.7672192 0.0282399 0.0162663
15 0.3575491 0.7086606 0.0282399 0.0162663
10 0.5025994 0.7086606 0.0282399 0.0162663
1 0.4307160 0.4744259 0.0282399 0.0162663
27 0.3575491 0.4744259 0.0282399 0.0162663
29 0.2869494 0.5329846 0.0282399 0.0162663
16 0.1431827 0.4744259 0.0282399 0.0162663
5 0.2869494 0.7672192 0.0282399 0.0162663
26 0.5025994 0.7672192 0.0282399 0.0162663
