8 0.5041348 0.3535732 0.0280771 0.0160934
18 0.3599203 0.4694454 0.0280772 0.0160934
32 0.3631109 0.4742734 0.5168747 0.4119901
19 0.2897275 0.4115093 0.0280772 0.0160934
26 0.5041348 0.4115093 0.0280771 0.0160934
33 0.1467893 0.5847812 0.0663642 0.0579361
19 0.1467893 0.5853177 0.0280771 0.0160933
29 0.3599203 0.5853177 0.0280772 0.0160933
25 0.5756039 0.5273815 0.0280772 0.0160933
16 0.5041348 0.4694454 0.0280771 0.0160934
4 0.2182584 0.4115093 0.0280772 0.0160934
9 0.2182584 0.5853177 0.0280772 0.0160933
15 0.2897275 0.5273815 0.0280772 0.0160933
7 0.2897275 0.5853177 0.0280772 0.0160933
29 0.1467893 0.6432538 0.0280771 0.0160933
13 0.5756039 0.3535732 0.0280772 0.0160934
4 0.3599203 0.4115093 0.0280772 0.0160934
28 0.4326656 0.3535732 0.0280771 0.0160934
15 0.4326656 0.5273815 0.0280771 0.0160933
15 0.3599203 0.5273815 0.0280772 0.0160933
4 0.1467893 0.5273815 0.0280771 0.0160933
18 0.2182584 0.4694454 0.0280772 0.0160934
4 0.3599203 0.6432538 0.0280772 0.0160933
2 0.5041348 0.6432538 0.0280771 0.0160933
9 0.2897275 0.6432538 0.0280772 0.0160933
18 0.2897275 0.4694454 0.0280772 0.0160934
9 0.1467893 0.4115093 0.0280771 0.0160934
17 0.5756039 0.4694454 0.0280772 0.0160934
5 0.5756039 0.6432538 0.0280772 0.0160933
15 0.4326656 0.4694454 0.0280771 0.0160934
24 0.4326656 0.4115093 0.0280771 0.0160934
4 0.5041348 0.5273815 0.0280771 0.0160933
16 0.2897275 0.3535732 0.0280772 0.0160934
4 0.4326656 0.6432538 0.0280771 0.0160933
20 0.5756039 0.5853177 0.0280772 0.0160933
29 0.1467893 0.3535732 0.0280771 0.0160934
10 0.2182584 0.3535732 0.0280772 0.0160934
18 0.4326656 0.5853177 0.0280771 0.0160933
29 0.1467893 0.4694454 0.0280771 0.0160934
31 0.5041348 0.5853177 0.0280771 0.0160933
29 0.3599203 0.3535732 0.0280772 0.0160934
26 0.5756039 0.4115093 0.0280772 0.0160934
14 0.2182584 0.6432538 0.0280772 0.0160933
29 0.2182584 0.5273815 0.0280772 0.0160933
