7 0.3036245 0.7199070 0.0278974 0.0172160
17 0.3036245 0.5959517 0.0278974 0.0172160
32 0.5185616 0.6011165 0.5135664 0.4407300
27 0.3036245 0.4719964 0.0278974 0.0172160
1 0.3746362 0.5339740 0.0278975 0.0172160
22 0.7296944 0.5339740 0.0278975 0.0172160
34 0.6580488 0.5953778 0.0646713 0.0619776
29 0.6586828 0.5959517 0.0278975 0.0172160
29 0.3036245 0.7818846 0.0278974 0.0172160
22 0.6586828 0.5339740 0.0278975 0.0172160
14 0.5153914 0.4719964 0.0278974 0.0172160
28 0.3746362 0.4719964 0.0278975 0.0172160
19 0.3746362 0.5959517 0.0278975 0.0172160
19 0.5876711 0.6579293 0.0278975 0.0172161
19 0.7296944 0.7199070 0.0278975 0.0172160
8 0.5876711 0.5339740 0.0278975 0.0172160
14 0.3746362 0.7818846 0.0278975 0.0172160
21 0.4456478 0.5959517 0.0278975 0.0172160
15 0.3746362 0.6579293 0.0278975 0.0172161
10 0.7296944 0.7818846 0.0278975 0.0172160
13 0.5153914 0.7818846 0.0278974 0.0172160
24 0.6586828 0.7199070 0.0278975 0.0172160
6 0.5153914 0.6579293 0.0278974 0.0172161
3 0.4456478 0.5339740 0.0278975 0.0172160
12 0.7296944 0.6579293 0.0278975 0.0172161
16 0.4456478 0.7818846 0.0278975 0.0172160
24 0.5876711 0.7818846 0.0278975 0.0172160
26 0.4456478 0.6579293 0.0278975 0.0172161
15 0.4456478 0.4719964 0.0278975 0.0172160
4 0.6586828 0.6579293 0.0278975 0.0172161
10 0.7296944 0.5959517 0.0278975 0.0172160
12 0.3036245 0.5339740 0.0278974 0.0172160
12 0.6586828 0.7818846 0.0278975 0.0172160
18 0.3746362 0.7199070 0.0278975 0.0172160
16 0.5153914 0.7199070 0.0278974 0.0172160
11 0.6586828 0.4719964 0.0278975 0.0172160
20 0.5876711 0.4719964 0.0278975 0.0172160
26 0.4456478 0.7199070 0.0278975 0.0172160
8 0.3036245 0.6579293 0.0278974 0.0172161
24 0.5876711 0.5959517 0.0278975 0.0172160
25 0.5876711 0.7199070 0.0278975 0.0172160
1 0.5153914 0.5959517 0.0278974 0.0172160
27 0.7296944 0.4719964 0.0278975 0.0172160
22 0.5153914 0.5339740 0.0278974 0.0172160
