5 0.3095744 0.4258589 0.0269753 0.0167120
24 0.5155676 0.5461850 0.0269753 0.0167120
32 0.4487424 0.3707094 0.4965907 0.4278260
10 0.3095744 0.3656959 0.0269753 0.0167120
4 0.2409100 0.4258589 0.0269753 0.0167120
34 0.4456771 0.4253019 0.0637598 0.0601630
14 0.4456771 0.4258589 0.0269753 0.0167120
27 0.5155676 0.4258589 0.0269753 0.0167120
10 0.3782388 0.2453698 0.0269753 0.0167119
12 0.6528964 0.3055328 0.0269753 0.0167120
17 0.4456771 0.3656959 0.0269753 0.0167120
8 0.2409100 0.2453698 0.0269753 0.0167119
24 0.3782388 0.3656959 0.0269753 0.0167120
20 0.6528964 0.5461850 0.0269753 0.0167120
21 0.2409100 0.5461850 0.0269753 0.0167120
22 0.3782388 0.4860219 0.0269753 0.0167120
4 0.2409100 0.3055328 0.0269753 0.0167120
8 0.3782388 0.4258589 0.0269753 0.0167120
7 0.4456771 0.4860219 0.0269753 0.0167120
28 0.5155676 0.3055328 0.0269753 0.0167120
28 0.5155676 0.2453698 0.0269753 0.0167119
15 0.3782388 0.5461850 0.0269753 0.0167120
20 0.5842320 0.3656959 0.0269753 0.0167120
31 0.4456771 0.5461850 0.0269753 0.0167120
17 0.3095744 0.2453698 0.0269753 0.0167119
1 0.5842320 0.4258589 0.0269753 0.0167120
28 0.5842320 0.3055328 0.0269753 0.0167120
17 0.6528964 0.2453698 0.0269753 0.0167119
30 0.6528964 0.4258589 0.0269753 0.0167120
22 0.5155676 0.3656959 0.0269753 0.0167120
11 0.3095744 0.5461850 0.0269753 0.0167120
25 0.4456771 0.2453698 0.0269753 0.0167119
4 0.3095744 0.4860219 0.0269753 0.0167120
29 0.2409100 0.3656959 0.0269753 0.0167120
10 0.4456771 0.3055328 0.0269753 0.0167120
21 0.5842320 0.2453698 0.0269753 0.0167119
20 0.3095744 0.3055328 0.0269753 0.0167120
10 0.5842320 0.4860219 0.0269753 0.0167120
22 0.2409100 0.4860219 0.0269753 0.0167120
6 0.6528964 0.3656959 0.0269753 0.0167120
26 0.6528964 0.4860219 0.0269753 0.0167120
16 0.5155676 0.4860219 0.0269753 0.0167120
1 0.5842320 0.5461850 0.0269753 0.0167120
16 0.3782388 0.3055328 0.0269753 0.0167120
