4 0.3936232 0.6171120 0.0268664 0.0165076
19 0.6671719 0.7953939 0.0268665 0.0165076
32 0.4638422 0.6220643 0.4945859 0.4225940
23 0.3936232 0.4982575 0.0268664 0.0165076
12 0.5987847 0.4982575 0.0268664 0.0165076
10 0.6671719 0.6765394 0.0268665 0.0165076
33 0.5981741 0.7948436 0.0622812 0.0594274
24 0.5987847 0.7953939 0.0268664 0.0165076
28 0.2568488 0.7953939 0.0268664 0.0165076
13 0.5303976 0.7953939 0.0268664 0.0165076
28 0.4607891 0.4982575 0.0268664 0.0165076
19 0.4607891 0.6765394 0.0268664 0.0165076
2 0.4607891 0.7359666 0.0268664 0.0165076
29 0.6671719 0.6171120 0.0268665 0.0165076
3 0.5987847 0.6765394 0.0268664 0.0165076
7 0.4607891 0.7953939 0.0268664 0.0165076
2 0.5303976 0.5576848 0.0268664 0.0165076
17 0.5987847 0.7359666 0.0268664 0.0165076
17 0.4607891 0.6171120 0.0268664 0.0165076
18 0.3936232 0.6765394 0.0268664 0.0165076
20 0.3936232 0.7359666 0.0268664 0.0165076
5 0.3252360 0.7953939 0.0268664 0.0165076
12 0.6671719 0.7359666 0.0268665 0.0165076
4 0.6671719 0.4982575 0.0268665 0.0165076
20 0.2568488 0.5576848 0.0268664 0.0165076
5 0.3252360 0.6765394 0.0268664 0.0165076
30 0.5303976 0.6171120 0.0268664 0.0165076
24 0.2568488 0.6765394 0.0268664 0.0165076
20 0.5987847 0.6171120 0.0268664 0.0165076
30 0.3252360 0.6171120 0.0268664 0.0165076
31 0.2568488 0.7359666 0.0268664 0.0165076
2 0.3252360 0.5576848 0.0268664 0.0165076
26 0.5303976 0.6765394 0.0268664 0.0165076
22 0.5987847 0.5576848 0.0268664 0.0165076
10 0.6671719 0.5576848 0.0268665 0.0165076
12 0.5303976 0.4982575 0.0268664 0.0165076
24 0.4607891 0.5576848 0.0268664 0.0165076
30 0.3252360 0.7359666 0.0268664 0.0165076
26 0.2568488 0.4982575 0.0268664 0.0165076
16 0.3252360 0.4982575 0.0268664 0.0165076
29 0.3936232 0.5576848 0.0268664 0.0165076
22 0.5303976 0.7359666 0.0268664 0.0165076
15 0.2568488 0.6171120 0.0268664 0.0165076
31 0.3936232 0.7953939 0.0268664 0.0165076
