22 0.1144093 0.6040968 0.0276352 0.0160982
14 0.4661297 0.7200033 0.0276352 0.0160981
32 0.3273257 0.6089262 0.5087384 0.4121119
5 0.3957857 0.6620500 0.0276352 0.0160982
33 0.4655016 0.6615134 0.0640634 0.0579533
12 0.4661297 0.6620500 0.0276352 0.0160982
9 0.1144093 0.7779565 0.0276352 0.0160981
7 0.3957857 0.7779565 0.0276352 0.0160981
30 0.1144093 0.7200033 0.0276352 0.0160981
16 0.3241854 0.4881903 0.0276352 0.0160981
21 0.1847534 0.6620500 0.0276352 0.0160982
28 0.2550975 0.4881903 0.0276352 0.0160981
9 0.2550975 0.5461435 0.0276352 0.0160981
31 0.1847534 0.5461435 0.0276352 0.0160981
7 0.3957857 0.6040968 0.0276352 0.0160982
14 0.5364738 0.7779565 0.0276352 0.0160981
10 0.5364738 0.7200033 0.0276352 0.0160981
3 0.4661297 0.5461435 0.0276352 0.0160981
30 0.1847534 0.7200033 0.0276352 0.0160981
8 0.5364738 0.6040968 0.0276352 0.0160982
10 0.3241854 0.6620500 0.0276352 0.0160982
6 0.3241854 0.6040968 0.0276352 0.0160982
19 0.3241854 0.7779565 0.0276352 0.0160981
6 0.4661297 0.4881903 0.0276352 0.0160981
4 0.1847534 0.6040968 0.0276352 0.0160982
17 0.2550975 0.6040968 0.0276352 0.0160982
18 0.5364738 0.6620500 0.0276352 0.0160982
5 0.4661297 0.7779565 0.0276352 0.0160981
18 0.3957857 0.5461435 0.0276352 0.0160981
9 0.1847534 0.7779565 0.0276352 0.0160981
12 0.4661297 0.6040968 0.0276352 0.0160982
29 0.2550975 0.7200033 0.0276352 0.0160981
24 0.1847534 0.4881903 0.0276352 0.0160981
2 0.2550975 0.6620500 0.0276352 0.0160982
20 0.5364738 0.5461435 0.0276352 0.0160981
10 0.3957857 0.4881903 0.0276352 0.0160981
16 0.3241854 0.7200033 0.0276352 0.0160981
7 0.1144093 0.5461435 0.0276352 0.0160981
11 0.3241854 0.5461435 0.0276352 0.0160981
10 0.1144093 0.4881903 0.0276352 0.0160981
19 0.3957857 0.7200033 0.0276352 0.0160981
20 0.5364738 0.4881903 0.0276352 0.0160981
21 0.1144093 0.6620500 0.0276352 0.0160982
31 0.2550975 0.7779565 0.0276352 0.0160981
