26 0.4338028 0.5146605 0.0285658 0.0160336
15 0.5805273 0.6301023 0.0285658 0.0160336
32 0.4370489 0.5194706 0.5258709 0.4104597
24 0.4338028 0.4569396 0.0285658 0.0160336
7 0.6532403 0.4569396 0.0285658 0.0160336
33 0.5071650 0.5718469 0.0688177 0.0577209
2 0.5078143 0.5723813 0.0285658 0.0160336
30 0.5805273 0.5723813 0.0285658 0.0160336
3 0.3623882 0.3992187 0.0285658 0.0160336
18 0.2896752 0.4569396 0.0285658 0.0160336
16 0.6532403 0.6878231 0.0285658 0.0160336
16 0.5805273 0.6878231 0.0285658 0.0160336
28 0.3623882 0.6878231 0.0285658 0.0160336
10 0.3623882 0.5146605 0.0285658 0.0160336
8 0.2169622 0.6301023 0.0285658 0.0160336
20 0.5805273 0.3992187 0.0285658 0.0160336
24 0.2896752 0.6301023 0.0285658 0.0160336
8 0.2896752 0.6878231 0.0285658 0.0160336
21 0.6532403 0.3992187 0.0285658 0.0160336
25 0.5805273 0.4569396 0.0285658 0.0160336
21 0.3623882 0.6301023 0.0285658 0.0160336
21 0.6532403 0.5146605 0.0285658 0.0160336
7 0.4338028 0.6301023 0.0285658 0.0160336
5 0.6532403 0.6301023 0.0285658 0.0160336
25 0.3623882 0.5723813 0.0285658 0.0160336
22 0.2169622 0.5146605 0.0285658 0.0160336
12 0.3623882 0.4569396 0.0285658 0.0160336
19 0.2169622 0.3992187 0.0285658 0.0160336
31 0.4338028 0.6878231 0.0285658 0.0160336
22 0.5078143 0.3992187 0.0285658 0.0160336
31 0.2896752 0.5146605 0.0285658 0.0160336
21 0.2169622 0.6878231 0.0285658 0.0160336
13 0.5078143 0.6301023 0.0285658 0.0160336
27 0.4338028 0.3992187 0.0285658 0.0160336
3 0.6532403 0.5723813 0.0285658 0.0160336
4 0.2169622 0.4569396 0.0285658 0.0160336
10 0.5078143 0.4569396 0.0285658 0.0160336
11 0.2896752 0.5723813 0.0285658 0.0160336
10 0.5078143 0.5146605 0.0285658 0.0160336
2 0.5805273 0.5146605 0.0285658 0.0160336
17 0.4338028 0.5723813 0.0285658 0.0160336
29 0.2169622 0.5723813 0.0285658 0.0160336
16 0.5078143 0.6878231 0.0285658 0.0160336
14 0.2896752 0.3992187 0.0285658 0.0160336
