4 0.4056845 0.7495345 0.0262609 0.0174109
18 0.4056845 0.4988175 0.0262609 0.0174109
32 0.5411669 0.5667201 0.4834395 0.4457190
2 0.4725304 0.5614968 0.0262609 0.0174109
8 0.4725304 0.6868553 0.0262609 0.0174109
12 0.6062223 0.6868553 0.0262609 0.0174109
33 0.7399142 0.7489541 0.0620712 0.0626792
1 0.7399142 0.7495345 0.0262610 0.0174109
21 0.4056845 0.6241760 0.0262609 0.0174109
6 0.5381827 0.7495345 0.0262609 0.0174109
24 0.6730683 0.6241760 0.0262608 0.0174109
5 0.4725304 0.6241760 0.0262609 0.0174109
11 0.6730683 0.6868553 0.0262608 0.0174109
15 0.7399142 0.6868553 0.0262610 0.0174109
1 0.5381827 0.6868553 0.0262609 0.0174109
7 0.3388385 0.7495345 0.0262609 0.0174109
29 0.3388385 0.4361383 0.0262609 0.0174109
9 0.5381827 0.6241760 0.0262609 0.0174109
24 0.7399142 0.4988175 0.0262610 0.0174109
11 0.6730683 0.4988175 0.0262608 0.0174109
11 0.4725304 0.4988175 0.0262609 0.0174109
25 0.3388385 0.6868553 0.0262609 0.0174109
10 0.6730683 0.5614968 0.0262608 0.0174109
20 0.6730683 0.7495345 0.0262608 0.0174109
4 0.6730683 0.4361383 0.0262608 0.0174109
4 0.5381827 0.4361383 0.0262609 0.0174109
22 0.3388385 0.5614968 0.0262609 0.0174109
28 0.4056845 0.5614968 0.0262609 0.0174109
10 0.6062223 0.5614968 0.0262609 0.0174109
24 0.6062223 0.6241760 0.0262609 0.0174109
22 0.7399142 0.4361383 0.0262610 0.0174109
20 0.6062223 0.7495345 0.0262609 0.0174109
20 0.3388385 0.4988175 0.0262609 0.0174109
15 0.7399142 0.5614968 0.0262610 0.0174109
18 0.4725304 0.4361383 0.0262609 0.0174109
6 0.5381827 0.5614968 0.0262609 0.0174109
14 0.6062223 0.4361383 0.0262609 0.0174109
22 0.4725304 0.7495345 0.0262609 0.0174109
20 0.6062223 0.4988175 0.0262609 0.0174109
29 0.5381827 0.4988175 0.0262609 0.0174109
15 0.7399142 0.6241760 0.0262610 0.0174109
29 0.4056845 0.4361383 0.0262609 0.0174109
7 0.3388385 0.6241760 0.0262609 0.0174109
19 0.4056845 0.6868553 0.0262609 0.0174109
