29 0.3065780 0.2187409 0.0262217 0.0159594
11 0.3733241 0.5060095 0.0262217 0.0159593
32 0.4418579 0.3384361 0.4827169 0.4085598
23 0.2398319 0.2761946 0.0262217 0.0159594
19 0.5735622 0.2761946 0.0262217 0.0159594
34 0.2398320 0.3905701 0.0619785 0.0574537
1 0.2398319 0.3911021 0.0262217 0.0159593
14 0.3733241 0.4485558 0.0262217 0.0159594
29 0.5735622 0.3911021 0.0262217 0.0159593
11 0.3065780 0.4485558 0.0262217 0.0159594
1 0.6403082 0.3336483 0.0262217 0.0159593
19 0.5068161 0.4485558 0.0262217 0.0159594
31 0.6403082 0.4485558 0.0262217 0.0159594
16 0.5735622 0.3336483 0.0262217 0.0159593
21 0.4388782 0.2761946 0.0262216 0.0159594
4 0.5068161 0.3336483 0.0262217 0.0159593
31 0.5068161 0.2187409 0.0262217 0.0159594
25 0.6403082 0.2187409 0.0262217 0.0159594
13 0.5735622 0.5060095 0.0262217 0.0159593
1 0.6403082 0.3911021 0.0262217 0.0159593
13 0.3065780 0.5060095 0.0262217 0.0159593
20 0.3733241 0.3911021 0.0262217 0.0159593
29 0.3065780 0.3336483 0.0262217 0.0159593
7 0.2398319 0.2187409 0.0262217 0.0159594
4 0.3065780 0.2761946 0.0262217 0.0159594
24 0.5735622 0.2187409 0.0262217 0.0159594
28 0.4388782 0.5060095 0.0262216 0.0159593
31 0.5068161 0.2761946 0.0262217 0.0159594
15 0.2398319 0.3336483 0.0262217 0.0159593
16 0.4388782 0.2187409 0.0262216 0.0159594
13 0.4388782 0.3336483 0.0262216 0.0159593
20 0.3733241 0.2761946 0.0262217 0.0159594
26 0.4388782 0.3911021 0.0262216 0.0159593
29 0.6403082 0.5060095 0.0262217 0.0159593
13 0.5735622 0.4485558 0.0262217 0.0159594
22 0.3733241 0.3336483 0.0262217 0.0159593
24 0.3733241 0.2187409 0.0262217 0.0159594
21 0.5068161 0.3911021 0.0262217 0.0159593
10 0.2398319 0.5060095 0.0262217 0.0159593
22 0.3065780 0.3911021 0.0262217 0.0159593
27 0.2398319 0.4485558 0.0262217 0.0159594
1 0.4388782 0.4485558 0.0262216 0.0159594
17 0.6403082 0.2761946 0.0262217 0.0159594
2 0.5068161 0.5060095 0.0262217 0.0159593
