18 0.4378712 0.5274200 0.0282497 0.0168534
6 0.5804037 0.5274200 0.0282497 0.0168534
32 0.5836139 0.4718037 0.5200511 0.4314476
33 0.4372292 0.4055136 0.0654879 0.0606723
7 0.4378712 0.4060754 0.0282497 0.0168534
25 0.5097795 0.4060754 0.0282497 0.0168534
7 0.7974127 0.4667477 0.0282497 0.0168534
13 0.7255044 0.5880923 0.0282497 0.0168534
27 0.3659629 0.3454031 0.0282497 0.0168534
4 0.5097795 0.4667477 0.0282497 0.0168534
22 0.7255044 0.4667477 0.0282497 0.0168534
25 0.6535961 0.3454031 0.0282497 0.0168534
28 0.7255044 0.6487646 0.0282497 0.0168534
4 0.6535961 0.5880923 0.0282497 0.0168534
20 0.5097795 0.3454031 0.0282497 0.0168534
8 0.5804037 0.5880923 0.0282497 0.0168534
18 0.3659629 0.4060754 0.0282497 0.0168534
4 0.7974127 0.5274200 0.0282497 0.0168534
9 0.6535961 0.4060754 0.0282497 0.0168534
15 0.3659629 0.5880923 0.0282497 0.0168534
28 0.4378712 0.4667477 0.0282497 0.0168534
5 0.5804037 0.3454031 0.0282497 0.0168534
24 0.7255044 0.3454031 0.0282497 0.0168534
9 0.3659629 0.6487646 0.0282497 0.0168534
17 0.5097795 0.6487646 0.0282497 0.0168534
2 0.4378712 0.3454031 0.0282497 0.0168534
11 0.4378712 0.5880923 0.0282497 0.0168534
14 0.3659629 0.5274200 0.0282497 0.0168534
11 0.5804037 0.4667477 0.0282497 0.0168534
11 0.7255044 0.5274200 0.0282497 0.0168534
7 0.7974127 0.5880923 0.0282497 0.0168534
18 0.3659629 0.4667477 0.0282497 0.0168534
7 0.7974127 0.6487646 0.0282497 0.0168534
24 0.6535961 0.6487646 0.0282497 0.0168534
20 0.4378712 0.6487646 0.0282497 0.0168534
28 0.5097795 0.5880923 0.0282497 0.0168534
14 0.7974127 0.3454031 0.0282497 0.0168534
3 0.5097795 0.5274200 0.0282497 0.0168534
4 0.5804037 0.6487646 0.0282497 0.0168534
8 0.7974127 0.4060754 0.0282497 0.0168534
10 0.6535961 0.4667477 0.0282497 0.0168534
26 0.7255044 0.4060754 0.0282497 0.0168534
2 0.5804037 0.4060754 0.0282497 0.0168534
22 0.6535961 0.5274200 0.0282497 0.0168534
