19 0.6219537 0.3565877 0.0269427 0.0174340
26 0.4860157 0.5448754 0.0269427 0.0174341
32 0.6250154 0.4873430 0.4959903 0.4463114
19 0.4860157 0.3565877 0.0269427 0.0174340
1 0.6917598 0.4821128 0.0269427 0.0174340
22 0.5545970 0.5448754 0.0269427 0.0174341
34 0.4854033 0.6698193 0.0624580 0.0627625
24 0.4860157 0.6704004 0.0269427 0.0174340
18 0.6219537 0.6704004 0.0269427 0.0174340
30 0.6219537 0.4821128 0.0269427 0.0174340
14 0.6219537 0.4193503 0.0269427 0.0174340
26 0.4174343 0.6704004 0.0269427 0.0174340
1 0.6219537 0.5448754 0.0269427 0.0174341
3 0.6917598 0.6704004 0.0269427 0.0174340
17 0.5545970 0.4821128 0.0269427 0.0174340
31 0.7603411 0.4821128 0.0269426 0.0174340
8 0.6917598 0.4193503 0.0269427 0.0174340
10 0.8289225 0.5448754 0.0269426 0.0174341
24 0.8289225 0.4193503 0.0269426 0.0174340
12 0.8289225 0.6076379 0.0269426 0.0174341
20 0.7603411 0.6704004 0.0269426 0.0174340
25 0.8289225 0.6704004 0.0269426 0.0174340
13 0.4860157 0.4193503 0.0269427 0.0174340
2 0.8289225 0.4821128 0.0269426 0.0174340
25 0.6219537 0.6076379 0.0269427 0.0174341
5 0.4174343 0.4193503 0.0269427 0.0174340
1 0.7603411 0.4193503 0.0269426 0.0174340
24 0.6917598 0.5448754 0.0269427 0.0174341
11 0.5545970 0.3565877 0.0269427 0.0174340
25 0.6917598 0.3565877 0.0269427 0.0174340
9 0.4860157 0.6076379 0.0269427 0.0174341
7 0.4174343 0.5448754 0.0269427 0.0174341
10 0.4174343 0.3565877 0.0269427 0.0174340
9 0.4860157 0.4821128 0.0269427 0.0174340
3 0.4174343 0.4821128 0.0269427 0.0174340
26 0.7603411 0.6076379 0.0269426 0.0174341
25 0.7603411 0.3565877 0.0269426 0.0174340
11 0.4174343 0.6076379 0.0269427 0.0174341
10 0.6917598 0.6076379 0.0269427 0.0174341
11 0.5545970 0.4193503 0.0269427 0.0174340
31 0.8289225 0.3565877 0.0269426 0.0174340
3 0.7603411 0.5448754 0.0269426 0.0174341
17 0.5545970 0.6076379 0.0269427 0.0174341
16 0.5545970 0.6704004 0.0269427 0.0174340
