28 0.3843346 0.4398354 0.0285278 0.0159140
24 0.3843346 0.5544161 0.0285278 0.0159140
32 0.3875764 0.5591904 0.5251700 0.4073983
25 0.4582474 0.4398354 0.0285278 0.0159140
17 0.6034796 0.6117065 0.0285277 0.0159139
31 0.3130152 0.7262873 0.0285277 0.0159139
34 0.6034796 0.7257568 0.0674292 0.0572903
29 0.6034796 0.7262873 0.0285277 0.0159139
12 0.1677830 0.6117065 0.0285278 0.0159139
2 0.3130152 0.4398354 0.0285277 0.0159140
5 0.2403991 0.4971258 0.0285278 0.0159140
9 0.3843346 0.6117065 0.0285278 0.0159139
26 0.5308635 0.6689969 0.0285278 0.0159140
17 0.4582474 0.7262873 0.0285278 0.0159139
27 0.3843346 0.4971258 0.0285278 0.0159140
24 0.3843346 0.7262873 0.0285278 0.0159139
4 0.5308635 0.4971258 0.0285278 0.0159140
16 0.6034796 0.4398354 0.0285277 0.0159140
27 0.4582474 0.6689969 0.0285278 0.0159140
3 0.1677830 0.4971258 0.0285278 0.0159140
5 0.1677830 0.5544161 0.0285278 0.0159140
2 0.2403991 0.7262873 0.0285278 0.0159139
14 0.5308635 0.7262873 0.0285278 0.0159139
26 0.3843346 0.6689969 0.0285278 0.0159140
3 0.5308635 0.5544161 0.0285278 0.0159140
3 0.6034796 0.4971258 0.0285277 0.0159140
3 0.2403991 0.6689969 0.0285278 0.0159140
7 0.4582474 0.5544161 0.0285278 0.0159140
9 0.3130152 0.5544161 0.0285277 0.0159140
25 0.3130152 0.6117065 0.0285277 0.0159139
4 0.1677830 0.4398354 0.0285278 0.0159140
13 0.6034796 0.6689969 0.0285277 0.0159140
25 0.6034796 0.5544161 0.0285277 0.0159140
3 0.1677830 0.6689969 0.0285278 0.0159140
17 0.3130152 0.4971258 0.0285277 0.0159140
19 0.5308635 0.6117065 0.0285278 0.0159139
7 0.2403991 0.4398354 0.0285278 0.0159140
31 0.4582474 0.6117065 0.0285278 0.0159139
14 0.4582474 0.4971258 0.0285278 0.0159140
19 0.3130152 0.6689969 0.0285277 0.0159140
30 0.5308635 0.4398354 0.0285278 0.0159140
24 0.1677830 0.7262873 0.0285278 0.0159139
19 0.2403991 0.5544161 0.0285278 0.0159140
17 0.2403991 0.6117065 0.0285278 0.0159139
