6 0.3234431 0.3636577 0.0279529 0.0173096
8 0.1099848 0.4882867 0.0279529 0.0173096
32 0.2563698 0.4934796 0.5102396 0.4431256
33 0.4657486 0.4253952 0.0660704 0.0623146
28 0.4657486 0.4259722 0.0279529 0.0173096
8 0.3234431 0.4882867 0.0279529 0.0173096
4 0.2510197 0.5506013 0.0279529 0.0173096
9 0.4657486 0.6752304 0.0279529 0.0173096
4 0.1099848 0.6752304 0.0279529 0.0173096
9 0.2510197 0.6752304 0.0279529 0.0173096
30 0.3945958 0.5506013 0.0279528 0.0173096
19 0.0388320 0.4259722 0.0279529 0.0173096
25 0.4657486 0.5506013 0.0279529 0.0173096
31 0.1099848 0.6129159 0.0279529 0.0173096
27 0.3945958 0.6129159 0.0279528 0.0173096
5 0.2510197 0.4882867 0.0279529 0.0173096
11 0.0388320 0.5506013 0.0279529 0.0173096
2 0.3945958 0.4259722 0.0279528 0.0173096
12 0.0388320 0.3636577 0.0279529 0.0173096
4 0.3234431 0.4259722 0.0279529 0.0173096
17 0.1811375 0.4882867 0.0279529 0.0173096
12 0.4657486 0.6129159 0.0279529 0.0173096
12 0.0388320 0.6129159 0.0279529 0.0173096
26 0.0388320 0.6752304 0.0279529 0.0173096
5 0.1811375 0.6129159 0.0279529 0.0173096
17 0.1099848 0.4259722 0.0279529 0.0173096
4 0.1811375 0.3636577 0.0279529 0.0173096
14 0.4657486 0.4882867 0.0279529 0.0173096
31 0.3945958 0.6752304 0.0279528 0.0173096
18 0.3945958 0.3636577 0.0279528 0.0173096
19 0.0388320 0.4882867 0.0279529 0.0173096
26 0.1099848 0.3636577 0.0279529 0.0173096
15 0.1811375 0.5506013 0.0279529 0.0173096
12 0.1811375 0.4259722 0.0279529 0.0173096
3 0.3945958 0.4882867 0.0279528 0.0173096
27 0.3234431 0.5506013 0.0279529 0.0173096
5 0.2510197 0.6129159 0.0279529 0.0173096
6 0.3234431 0.6129159 0.0279529 0.0173096
9 0.1811375 0.6752304 0.0279529 0.0173096
20 0.2510197 0.3636577 0.0279529 0.0173096
16 0.2510197 0.4259722 0.0279529 0.0173096
6 0.3234431 0.6752304 0.0279529 0.0173096
25 0.4657486 0.3636577 0.0279529 0.0173096
17 0.1099848 0.5506013 0.0279529 0.0173096
