22 0.5273898 0.4438272 0.0267698 0.0166268
6 0.5273898 0.5635405 0.0267698 0.0166269
32 0.5973564 0.4488153 0.4928083 0.4256473
8 0.3911070 0.4438272 0.0267698 0.0166268
27 0.5273898 0.5036839 0.0267698 0.0166268
25 0.6636726 0.5036839 0.0267699 0.0166268
34 0.3911070 0.5629863 0.0632742 0.0598566
28 0.3911070 0.5635405 0.0267698 0.0166269
8 0.6636726 0.3839706 0.0267699 0.0166268
1 0.6636726 0.5635405 0.0267699 0.0166269
5 0.4592484 0.3839706 0.0267698 0.0166268
27 0.7999554 0.3241139 0.0267699 0.0166269
12 0.5273898 0.3241139 0.0267698 0.0166269
26 0.6636726 0.4438272 0.0267699 0.0166268
17 0.5943143 0.3241139 0.0267698 0.0166269
1 0.4592484 0.5635405 0.0267698 0.0166269
19 0.5943143 0.5036839 0.0267698 0.0166268
25 0.5943143 0.6233972 0.0267698 0.0166269
21 0.7318140 0.3839706 0.0267698 0.0166268
30 0.7999554 0.4438272 0.0267699 0.0166268
12 0.7999554 0.5635405 0.0267699 0.0166269
20 0.3911070 0.3839706 0.0267698 0.0166268
22 0.4592484 0.5036839 0.0267698 0.0166268
27 0.7999554 0.6233972 0.0267699 0.0166269
24 0.7318140 0.6233972 0.0267698 0.0166269
12 0.5943143 0.4438272 0.0267698 0.0166268
31 0.4592484 0.6233972 0.0267698 0.0166269
11 0.5943143 0.3839706 0.0267698 0.0166268
13 0.7999554 0.5036839 0.0267699 0.0166268
9 0.7318140 0.4438272 0.0267698 0.0166268
30 0.7318140 0.5635405 0.0267698 0.0166269
2 0.5943143 0.5635405 0.0267698 0.0166269
26 0.3911070 0.6233972 0.0267698 0.0166269
1 0.7318140 0.3241139 0.0267698 0.0166269
1 0.3911070 0.3241139 0.0267698 0.0166269
18 0.5273898 0.6233972 0.0267698 0.0166269
31 0.7999554 0.3839706 0.0267699 0.0166268
29 0.6636726 0.3241139 0.0267699 0.0166269
29 0.7318140 0.5036839 0.0267698 0.0166268
31 0.5273898 0.3839706 0.0267698 0.0166268
8 0.3911070 0.5036839 0.0267698 0.0166268
18 0.4592484 0.3241139 0.0267698 0.0166269
16 0.4592484 0.4438272 0.0267698 0.0166268
7 0.6636726 0.6233972 0.0267699 0.0166269
