31 0.6386789 0.3122248 0.0267422 0.0174294
4 0.6386789 0.2494790 0.0267422 0.0174294
32 0.5043596 0.3801995 0.4923015 0.4461924
25 0.2983223 0.2494790 0.0267423 0.0174294
33 0.6380711 0.3743897 0.0619935 0.0627458
17 0.6386789 0.3749707 0.0267422 0.0174294
15 0.5706076 0.5632081 0.0267423 0.0174294
18 0.6386789 0.5632081 0.0267422 0.0174294
9 0.6386789 0.5004623 0.0267422 0.0174294
6 0.7067502 0.4377164 0.0267423 0.0174294
16 0.2983223 0.5004623 0.0267423 0.0174294
7 0.5706076 0.3122248 0.0267423 0.0174294
11 0.7067502 0.3749707 0.0267423 0.0174294
8 0.4344649 0.4377164 0.0267423 0.0174294
26 0.3663936 0.5632081 0.0267423 0.0174294
8 0.4344649 0.2494790 0.0267423 0.0174294
30 0.4344649 0.5004623 0.0267423 0.0174294
5 0.5013207 0.2494790 0.0267423 0.0174294
8 0.3663936 0.2494790 0.0267423 0.0174294
30 0.5706076 0.4377164 0.0267423 0.0174294
26 0.5706076 0.3749707 0.0267423 0.0174294
3 0.4344649 0.5632081 0.0267423 0.0174294
17 0.7067502 0.3122248 0.0267423 0.0174294
4 0.4344649 0.3749707 0.0267423 0.0174294
3 0.5706076 0.5004623 0.0267423 0.0174294
24 0.6386789 0.4377164 0.0267422 0.0174294
1 0.5013207 0.3122248 0.0267423 0.0174294
9 0.3663936 0.5004623 0.0267423 0.0174294
2 0.2983223 0.3122248 0.0267423 0.0174294
1 0.3663936 0.3122248 0.0267423 0.0174294
26 0.3663936 0.3749707 0.0267423 0.0174294
3 0.7067502 0.5632081 0.0267423 0.0174294
14 0.5013207 0.4377164 0.0267423 0.0174294
17 0.2983223 0.5632081 0.0267423 0.0174294
25 0.2983223 0.3749707 0.0267423 0.0174294
28 0.4344649 0.3122248 0.0267423 0.0174294
6 0.5013207 0.5004623 0.0267423 0.0174294
5 0.2983223 0.4377164 0.0267423 0.0174294
25 0.7067502 0.5004623 0.0267423 0.0174294
27 0.5013207 0.5632081 0.0267423 0.0174294
14 0.5013207 0.3749707 0.0267423 0.0174294
27 0.7067502 0.2494790 0.0267423 0.0174294
16 0.5706076 0.2494790 0.0267423 0.0174294
17 0.3663936 0.4377164 0.0267423 0.0174294
