9 0.2473360 0.5895372 0.0284045 0.0166959
20 0.4629519 0.4693265 0.0284045 0.0166960
32 0.4661797 0.4743353 0.5229009 0.4274160
26 0.6811501 0.3491157 0.0284045 0.0166959
33 0.3189928 0.4086646 0.0658468 0.0601054
11 0.3196383 0.4092211 0.0284045 0.0166959
15 0.2473360 0.5294319 0.0284045 0.0166959
5 0.5365454 0.6496426 0.0284045 0.0166960
29 0.6811501 0.4092211 0.0284045 0.0166959
21 0.3196383 0.6496426 0.0284045 0.0166960
1 0.3919407 0.4092211 0.0284045 0.0166959
6 0.6088477 0.5895372 0.0284045 0.0166959
2 0.6088477 0.4693265 0.0284045 0.0166960
17 0.6811501 0.5294319 0.0284045 0.0166959
7 0.6088477 0.6496426 0.0284045 0.0166960
10 0.3196383 0.4693265 0.0284045 0.0166960
24 0.2473360 0.4092211 0.0284045 0.0166959
6 0.4629519 0.5294319 0.0284045 0.0166959
15 0.4629519 0.3491157 0.0284045 0.0166959
5 0.6088477 0.4092211 0.0284045 0.0166959
26 0.3196383 0.5294319 0.0284045 0.0166959
2 0.6088477 0.3491157 0.0284045 0.0166959
2 0.3919407 0.4693265 0.0284045 0.0166960
18 0.5365454 0.4693265 0.0284045 0.0166960
31 0.2473360 0.6496426 0.0284045 0.0166960
5 0.6811501 0.4693265 0.0284045 0.0166960
19 0.4629519 0.4092211 0.0284045 0.0166959
10 0.5365454 0.5294319 0.0284045 0.0166959
14 0.3919407 0.6496426 0.0284045 0.0166960
4 0.6811501 0.6496426 0.0284045 0.0166960
29 0.6811501 0.5895372 0.0284045 0.0166959
17 0.6088477 0.5294319 0.0284045 0.0166959
10 0.2473360 0.3491157 0.0284045 0.0166959
5 0.4629519 0.5895372 0.0284045 0.0166959
9 0.3196383 0.5895372 0.0284045 0.0166959
29 0.3196383 0.3491157 0.0284045 0.0166959
1 0.5365454 0.4092211 0.0284045 0.0166959
22 0.5365454 0.3491157 0.0284045 0.0166959
4 0.3919407 0.5294319 0.0284045 0.0166959
26 0.4629519 0.6496426 0.0284045 0.0166960
22 0.3919407 0.5895372 0.0284045 0.0166959
30 0.5365454 0.5895372 0.0284045 0.0166959
10 0.2473360 0.4693265 0.0284045 0.0166960
3 0.3919407 0.3491157 0.0284045 0.0166959
