28 0.6296455 0.5561776 0.0284433 0.0173836
19 0.6296455 0.3058528 0.0284433 0.0173837
32 0.4867824 0.3736491 0.5236162 0.4450219
15 0.4124418 0.3058528 0.0284433 0.0173837
29 0.3400405 0.3684340 0.0284433 0.0173837
33 0.4124418 0.3678546 0.0672298 0.0625812
17 0.4124418 0.3684340 0.0284433 0.0173837
4 0.5572443 0.5561776 0.0284434 0.0173836
10 0.7020468 0.4310152 0.0284434 0.0173836
25 0.6296455 0.2432716 0.0284433 0.0173837
13 0.4835501 0.4935964 0.0284434 0.0173837
31 0.4835501 0.3684340 0.0284434 0.0173837
17 0.4835501 0.3058528 0.0284434 0.0173837
10 0.6296455 0.4935964 0.0284433 0.0173837
1 0.4835501 0.4310152 0.0284434 0.0173836
22 0.2676393 0.3684340 0.0284433 0.0173837
3 0.2676393 0.2432716 0.0284433 0.0173837
3 0.2676393 0.5561776 0.0284433 0.0173836
21 0.3400405 0.5561776 0.0284433 0.0173836
18 0.7020468 0.3058528 0.0284434 0.0173837
18 0.5572443 0.3058528 0.0284434 0.0173837
21 0.5572443 0.4310152 0.0284434 0.0173836
14 0.4835501 0.2432716 0.0284434 0.0173837
20 0.7020468 0.5561776 0.0284434 0.0173836
22 0.3400405 0.4935964 0.0284433 0.0173837
2 0.5572443 0.2432716 0.0284434 0.0173837
22 0.7020468 0.4935964 0.0284434 0.0173837
14 0.4124418 0.2432716 0.0284433 0.0173837
17 0.7020468 0.2432716 0.0284434 0.0173837
10 0.5572443 0.4935964 0.0284434 0.0173837
7 0.4835501 0.5561776 0.0284434 0.0173836
1 0.2676393 0.4935964 0.0284433 0.0173837
10 0.3400405 0.4310152 0.0284433 0.0173836
15 0.6296455 0.3684340 0.0284433 0.0173837
17 0.2676393 0.3058528 0.0284433 0.0173837
27 0.4124418 0.5561776 0.0284433 0.0173836
10 0.4124418 0.4935964 0.0284433 0.0173837
26 0.3400405 0.2432716 0.0284433 0.0173837
16 0.5572443 0.3684340 0.0284434 0.0173837
21 0.4124418 0.4310152 0.0284433 0.0173836
26 0.2676393 0.4310152 0.0284433 0.0173836
15 0.3400405 0.3058528 0.0284433 0.0173837
6 0.7020468 0.3684340 0.0284434 0.0173837
15 0.6296455 0.4310152 0.0284433 0.0173836
