18 0.4473427 0.5853304 0.0276726 0.0172879
14 0.7291002 0.5230938 0.0276727 0.0172879
32 0.5901082 0.5282802 0.5094277 0.4425707
34 0.5869636 0.3980446 0.0654080 0.0622365
30 0.5869636 0.3986208 0.0276726 0.0172879
29 0.4473427 0.4608573 0.0276726 0.0172879
15 0.7995396 0.4608573 0.0276727 0.0172879
5 0.7995396 0.5853304 0.0276727 0.0172879
10 0.3769033 0.5853304 0.0276726 0.0172879
18 0.5869636 0.5853304 0.0276726 0.0172879
29 0.7291002 0.5853304 0.0276727 0.0172879
10 0.6586608 0.5853304 0.0276726 0.0172879
1 0.7291002 0.7098033 0.0276727 0.0172879
30 0.7291002 0.3986208 0.0276727 0.0172879
27 0.7291002 0.6475669 0.0276727 0.0172879
11 0.5177821 0.4608573 0.0276726 0.0172879
6 0.5177821 0.7098033 0.0276726 0.0172879
8 0.4473427 0.6475669 0.0276726 0.0172879
16 0.5177821 0.5230938 0.0276726 0.0172879
10 0.6586608 0.7098033 0.0276726 0.0172879
29 0.5869636 0.6475669 0.0276726 0.0172879
6 0.6586608 0.3986208 0.0276726 0.0172879
6 0.5177821 0.6475669 0.0276726 0.0172879
1 0.6586608 0.4608573 0.0276726 0.0172879
31 0.3769033 0.4608573 0.0276726 0.0172879
21 0.6586608 0.5230938 0.0276726 0.0172879
29 0.5177821 0.3986208 0.0276726 0.0172879
9 0.7995396 0.5230938 0.0276727 0.0172879
26 0.5869636 0.7098033 0.0276726 0.0172879
9 0.4473427 0.7098033 0.0276726 0.0172879
22 0.7291002 0.4608573 0.0276727 0.0172879
12 0.3769033 0.5230938 0.0276726 0.0172879
14 0.7995396 0.3986208 0.0276727 0.0172879
21 0.3769033 0.3986208 0.0276726 0.0172879
2 0.3769033 0.7098033 0.0276726 0.0172879
25 0.4473427 0.3986208 0.0276726 0.0172879
24 0.7995396 0.7098033 0.0276727 0.0172879
26 0.5869636 0.4608573 0.0276726 0.0172879
24 0.6586608 0.6475669 0.0276726 0.0172879
1 0.3769033 0.6475669 0.0276726 0.0172879
25 0.4473427 0.5230938 0.0276726 0.0172879
4 0.5869636 0.5230938 0.0276726 0.0172879
24 0.5177821 0.5853304 0.0276726 0.0172879
10 0.7995396 0.6475669 0.0276727 0.0172879
