7 0.5388120 0.5655913 0.0270214 0.0158623
25 0.1949037 0.5084871 0.0270214 0.0158623
32 0.4030910 0.3990374 0.4974387 0.4060744
25 0.6075936 0.3942787 0.0270213 0.0158623
3 0.2636854 0.4513829 0.0270214 0.0158623
26 0.6075936 0.5084871 0.0270213 0.0158623
33 0.2630713 0.5650626 0.0626404 0.0571042
11 0.2636854 0.5655913 0.0270214 0.0158623
17 0.5388120 0.3942787 0.0270214 0.0158623
3 0.3324670 0.4513829 0.0270214 0.0158623
18 0.4700303 0.4513829 0.0270214 0.0158623
27 0.3324670 0.5655913 0.0270214 0.0158623
21 0.4700303 0.3371745 0.0270214 0.0158623
13 0.4000204 0.3942787 0.0270214 0.0158623
29 0.5388120 0.4513829 0.0270214 0.0158623
20 0.4700303 0.3942787 0.0270214 0.0158623
30 0.5388120 0.5084871 0.0270214 0.0158623
21 0.6075936 0.3371745 0.0270213 0.0158623
2 0.2636854 0.3942787 0.0270214 0.0158623
13 0.2636854 0.2800703 0.0270214 0.0158623
18 0.3324670 0.3942787 0.0270214 0.0158623
21 0.4000204 0.5084871 0.0270214 0.0158623
16 0.1949037 0.2800703 0.0270214 0.0158623
7 0.4000204 0.4513829 0.0270214 0.0158623
13 0.4700303 0.2800703 0.0270214 0.0158623
29 0.5388120 0.3371745 0.0270214 0.0158623
18 0.3324670 0.3371745 0.0270214 0.0158623
31 0.4000204 0.3371745 0.0270214 0.0158623
26 0.2636854 0.3371745 0.0270214 0.0158623
17 0.4000204 0.2800703 0.0270214 0.0158623
9 0.4000204 0.5655913 0.0270214 0.0158623
10 0.6075936 0.2800703 0.0270213 0.0158623
5 0.4700303 0.5655913 0.0270214 0.0158623
1 0.3324670 0.2800703 0.0270214 0.0158623
11 0.1949037 0.5655913 0.0270214 0.0158623
25 0.1949037 0.3942787 0.0270214 0.0158623
12 0.2636854 0.5084871 0.0270214 0.0158623
16 0.5388120 0.2800703 0.0270214 0.0158623
14 0.3324670 0.5084871 0.0270214 0.0158623
2 0.1949037 0.4513829 0.0270214 0.0158623
27 0.6075936 0.5655913 0.0270213 0.0158623
12 0.1949037 0.3371745 0.0270214 0.0158623
26 0.4700303 0.5084871 0.0270214 0.0158623
29 0.6075936 0.4513829 0.0270213 0.0158623
