10 0.2737822 0.7340027 0.0271378 0.0163392
31 0.4107044 0.6163603 0.0271378 0.0163392
32 0.4137883 0.5624409 0.4995812 0.4182842
33 0.5494770 0.4393520 0.0629102 0.0588212
21 0.5500938 0.4398966 0.0271378 0.0163392
21 0.4810159 0.4987179 0.0271378 0.0163392
16 0.3428601 0.5575391 0.0271377 0.0163392
4 0.5500938 0.6751815 0.0271378 0.0163392
3 0.2047043 0.4398966 0.0271377 0.0163392
1 0.4107044 0.4987179 0.0271378 0.0163392
6 0.4107044 0.5575391 0.0271378 0.0163392
8 0.4107044 0.4398966 0.0271378 0.0163392
22 0.3428601 0.4398966 0.0271377 0.0163392
16 0.2737822 0.5575391 0.0271378 0.0163392
3 0.5500938 0.5575391 0.0271378 0.0163392
4 0.6191716 0.6163603 0.0271378 0.0163392
5 0.3428601 0.6163603 0.0271377 0.0163392
8 0.2737822 0.4398966 0.0271378 0.0163392
13 0.6191716 0.4398966 0.0271378 0.0163392
20 0.6191716 0.5575391 0.0271378 0.0163392
19 0.4810159 0.4398966 0.0271378 0.0163392
1 0.6191716 0.6751815 0.0271378 0.0163392
4 0.4107044 0.6751815 0.0271378 0.0163392
26 0.2737822 0.6751815 0.0271378 0.0163392
16 0.2047043 0.6163603 0.0271377 0.0163392
24 0.4810159 0.7340027 0.0271378 0.0163392
22 0.4107044 0.7340027 0.0271378 0.0163392
14 0.2047043 0.5575391 0.0271377 0.0163392
17 0.3428601 0.4987179 0.0271377 0.0163392
8 0.2047043 0.7340027 0.0271377 0.0163392
3 0.2737822 0.6163603 0.0271378 0.0163392
12 0.6191716 0.7340027 0.0271378 0.0163392
10 0.4810159 0.6751815 0.0271378 0.0163392
28 0.5500938 0.4987179 0.0271378 0.0163392
21 0.4810159 0.6163603 0.0271378 0.0163392
8 0.5500938 0.7340027 0.0271378 0.0163392
2 0.4810159 0.5575391 0.0271378 0.0163392
22 0.3428601 0.7340027 0.0271377 0.0163392
9 0.2047043 0.6751815 0.0271377 0.0163392
25 0.2737822 0.4987179 0.0271378 0.0163392
13 0.2047043 0.4987179 0.0271377 0.0163392
11 0.5500938 0.6163603 0.0271378 0.0163392
29 0.6191716 0.4987179 0.0271378 0.0163392
28 0.3428601 0.6751815 0.0271377 0.0163392
