3 0.3341401 0.5016608 0.0262564 0.0167157
7 0.4009747 0.5016608 0.0262564 0.0167157
32 0.4695995 0.5066755 0.4833574 0.4279220
4 0.6683131 0.5016608 0.0262564 0.0167157
29 0.3341401 0.5618373 0.0262564 0.0167157
33 0.6008818 0.5612801 0.0608672 0.0601765
18 0.6014785 0.5618373 0.0262564 0.0167157
13 0.4009747 0.6821903 0.0262564 0.0167157
3 0.6683131 0.4414843 0.0262564 0.0167157
17 0.5346439 0.3813077 0.0262565 0.0167157
11 0.4666158 0.3813077 0.0262564 0.0167157
22 0.5346439 0.6821903 0.0262565 0.0167157
8 0.5346439 0.4414843 0.0262565 0.0167157
26 0.6683131 0.6220139 0.0262564 0.0167157
11 0.3341401 0.4414843 0.0262564 0.0167157
6 0.2673055 0.3813077 0.0262564 0.0167157
26 0.3341401 0.6220139 0.0262564 0.0167157
1 0.6014785 0.5016608 0.0262564 0.0167157
25 0.6014785 0.6821903 0.0262564 0.0167157
9 0.6683131 0.5618373 0.0262564 0.0167157
30 0.6014785 0.3813077 0.0262564 0.0167157
27 0.4009747 0.3813077 0.0262564 0.0167157
9 0.2673055 0.6220139 0.0262564 0.0167157
31 0.2673055 0.4414843 0.0262564 0.0167157
11 0.5346439 0.6220139 0.0262565 0.0167157
16 0.4666158 0.5618373 0.0262564 0.0167157
3 0.5346439 0.5618373 0.0262565 0.0167157
21 0.4009747 0.5618373 0.0262564 0.0167157
13 0.4009747 0.6220139 0.0262564 0.0167157
17 0.2673055 0.5016608 0.0262564 0.0167157
20 0.6683131 0.3813077 0.0262564 0.0167157
8 0.3341401 0.3813077 0.0262564 0.0167157
28 0.5346439 0.5016608 0.0262565 0.0167157
3 0.4666158 0.6821903 0.0262564 0.0167157
10 0.4009747 0.4414843 0.0262564 0.0167157
28 0.3341401 0.6821903 0.0262564 0.0167157
8 0.4666158 0.4414843 0.0262564 0.0167157
21 0.6683131 0.6821903 0.0262564 0.0167157
27 0.6014785 0.4414843 0.0262564 0.0167157
28 0.6014785 0.6220139 0.0262564 0.0167157
16 0.4666158 0.6220139 0.0262564 0.0167157
28 0.2673055 0.6821903 0.0262564 0.0167157
5 0.2673055 0.5618373 0.0262564 0.0167157
10 0.4666158 0.5016608 0.0262564 0.0167157
