16 0.3533083 0.5680733 0.0267683 0.0160661
24 0.7621339 0.3367220 0.0267683 0.0160660
32 0.5595463 0.3993797 0.4927809 0.4112911
11 0.3533083 0.2788842 0.0267683 0.0160660
33 0.4208376 0.3940243 0.0620539 0.0578378
8 0.4214459 0.3945598 0.0267683 0.0160660
14 0.4214459 0.5680733 0.0267683 0.0160661
16 0.5565044 0.5680733 0.0267683 0.0160661
6 0.5565044 0.3945598 0.0267683 0.0160660
5 0.4895835 0.5680733 0.0267683 0.0160661
20 0.5565044 0.4523977 0.0267683 0.0160661
21 0.6258588 0.5680733 0.0267683 0.0160661
20 0.7621339 0.2788842 0.0267683 0.0160660
4 0.6258588 0.4523977 0.0267683 0.0160661
5 0.4895835 0.3945598 0.0267683 0.0160660
17 0.4214459 0.4523977 0.0267683 0.0160661
2 0.5565044 0.2788842 0.0267683 0.0160660
14 0.7621339 0.3945598 0.0267683 0.0160660
7 0.7621339 0.5102355 0.0267683 0.0160661
19 0.3533083 0.3367220 0.0267683 0.0160660
11 0.6939964 0.3945598 0.0267683 0.0160660
17 0.6939964 0.4523977 0.0267683 0.0160661
14 0.3533083 0.3945598 0.0267683 0.0160660
13 0.3533083 0.4523977 0.0267683 0.0160661
15 0.6258588 0.3367220 0.0267683 0.0160660
8 0.4895835 0.3367220 0.0267683 0.0160660
26 0.4214459 0.2788842 0.0267683 0.0160660
2 0.6939964 0.3367220 0.0267683 0.0160660
25 0.5565044 0.5102355 0.0267683 0.0160661
26 0.7621339 0.5680733 0.0267683 0.0160661
28 0.4895835 0.4523977 0.0267683 0.0160661
29 0.4895835 0.5102355 0.0267683 0.0160661
6 0.6939964 0.5102355 0.0267683 0.0160661
10 0.6258588 0.3945598 0.0267683 0.0160660
12 0.7621339 0.4523977 0.0267683 0.0160661
24 0.6939964 0.2788842 0.0267683 0.0160660
10 0.5565044 0.3367220 0.0267683 0.0160660
15 0.4895835 0.2788842 0.0267683 0.0160660
12 0.4214459 0.3367220 0.0267683 0.0160660
31 0.4214459 0.5102355 0.0267683 0.0160661
5 0.6258588 0.2788842 0.0267683 0.0160660
2 0.3533083 0.5102355 0.0267683 0.0160661
8 0.6258588 0.5102355 0.0267683 0.0160661
15 0.6939964 0.5680733 0.0267683 0.0160661
