4 0.3132175 0.5671106 0.0283102 0.0172645
20 0.4573420 0.3806534 0.0283102 0.0172645
32 0.5313345 0.3858328 0.5211646 0.4419726
6 0.6014665 0.2563486 0.0283102 0.0172646
23 0.7455910 0.3185010 0.0283101 0.0172645
34 0.3846363 0.5043827 0.0656281 0.0621524
9 0.3852797 0.5049582 0.0283102 0.0172645
27 0.6735287 0.5049582 0.0283102 0.0172645
22 0.6014665 0.5671106 0.0283102 0.0172645
4 0.6735287 0.5671106 0.0283102 0.0172645
10 0.6014665 0.3806534 0.0283102 0.0172645
19 0.4573420 0.2563486 0.0283102 0.0172646
9 0.6735287 0.3185010 0.0283102 0.0172645
17 0.3852797 0.3185010 0.0283102 0.0172645
15 0.5281174 0.3806534 0.0283102 0.0172645
1 0.6014665 0.4428058 0.0283102 0.0172646
7 0.3852797 0.5671106 0.0283102 0.0172645
2 0.3132175 0.5049582 0.0283102 0.0172645
29 0.6735287 0.4428058 0.0283102 0.0172646
11 0.4573420 0.3185010 0.0283102 0.0172645
6 0.5281174 0.3185010 0.0283102 0.0172645
28 0.7455910 0.3806534 0.0283101 0.0172645
19 0.6735287 0.2563486 0.0283102 0.0172646
10 0.7455910 0.5671106 0.0283101 0.0172645
28 0.7455910 0.2563486 0.0283101 0.0172646
22 0.6014665 0.5049582 0.0283102 0.0172645
29 0.5281174 0.5671106 0.0283102 0.0172645
22 0.3852797 0.2563486 0.0283102 0.0172646
10 0.4573420 0.5671106 0.0283102 0.0172645
2 0.3852797 0.4428058 0.0283102 0.0172646
2 0.6014665 0.3185010 0.0283102 0.0172645
28 0.6735287 0.3806534 0.0283102 0.0172645
18 0.3132175 0.2563486 0.0283102 0.0172646
8 0.3132175 0.3806534 0.0283102 0.0172645
19 0.7455910 0.5049582 0.0283101 0.0172645
25 0.3852797 0.3806534 0.0283102 0.0172645
20 0.5281174 0.4428058 0.0283102 0.0172646
29 0.4573420 0.4428058 0.0283102 0.0172646
27 0.4573420 0.5049582 0.0283102 0.0172645
22 0.7455910 0.4428058 0.0283101 0.0172646
4 0.3132175 0.4428058 0.0283102 0.0172646
1 0.3132175 0.3185010 0.0283102 0.0172645
20 0.5281174 0.5049582 0.0283102 0.0172645
8 0.5281174 0.2563486 0.0283102 0.0172646
