16 0.5562025 0.6007532 0.0284034 0.0171402
26 0.4116035 0.6007532 0.0284034 0.0171402
32 0.6304385 0.4207817 0.5228802 0.4387877
21 0.5562025 0.2922306 0.0284034 0.0171402
33 0.7724554 0.2916593 0.0658442 0.0617045
30 0.7731009 0.2922306 0.0284034 0.0171402
18 0.4839030 0.4773442 0.0284034 0.0171402
10 0.5562025 0.5390487 0.0284034 0.0171402
22 0.7731009 0.4156397 0.0284034 0.0171401
27 0.4839030 0.3539351 0.0284034 0.0171402
30 0.7008014 0.4773442 0.0284034 0.0171402
9 0.5562025 0.3539351 0.0284034 0.0171402
24 0.7008014 0.6007532 0.0284034 0.0171402
27 0.4839030 0.2922306 0.0284034 0.0171402
16 0.4116035 0.2922306 0.0284034 0.0171402
6 0.8454004 0.4773442 0.0284033 0.0171402
18 0.4839030 0.6007532 0.0284034 0.0171402
27 0.5562025 0.4773442 0.0284034 0.0171402
21 0.6272109 0.6007532 0.0284034 0.0171402
27 0.7008014 0.5390487 0.0284034 0.0171402
18 0.6272109 0.5390487 0.0284034 0.0171402
5 0.7731009 0.4773442 0.0284034 0.0171402
3 0.4839030 0.4156397 0.0284034 0.0171401
3 0.7008014 0.4156397 0.0284034 0.0171401
20 0.7008014 0.3539351 0.0284034 0.0171402
26 0.5562025 0.4156397 0.0284034 0.0171401
14 0.7731009 0.6007532 0.0284034 0.0171402
19 0.6272109 0.4773442 0.0284034 0.0171402
7 0.4116035 0.4773442 0.0284034 0.0171402
29 0.4116035 0.5390487 0.0284034 0.0171402
30 0.6272109 0.4156397 0.0284034 0.0171401
16 0.8454004 0.2922306 0.0284033 0.0171402
24 0.4839030 0.5390487 0.0284034 0.0171402
22 0.4116035 0.3539351 0.0284034 0.0171402
15 0.4116035 0.4156397 0.0284034 0.0171401
21 0.7731009 0.5390487 0.0284034 0.0171402
19 0.6272109 0.3539351 0.0284034 0.0171402
25 0.8454004 0.5390487 0.0284033 0.0171402
15 0.7731009 0.3539351 0.0284034 0.0171402
6 0.7008014 0.2922306 0.0284034 0.0171402
20 0.8454004 0.4156397 0.0284033 0.0171401
21 0.8454004 0.3539351 0.0284033 0.0171402
8 0.8454004 0.6007532 0.0284033 0.0171402
24 0.6272109 0.2922306 0.0284034 0.0171402
