30 0.1017947 0.5864505 0.0261656 0.0158527
12 0.1017947 0.6435204 0.0261656 0.0158527
32 0.3033885 0.5912063 0.4816844 0.4058304
18 0.5014143 0.4723107 0.0261656 0.0158528
17 0.1017947 0.5293806 0.0261656 0.0158528
12 0.3682078 0.6435204 0.0261656 0.0158527
33 0.1678033 0.7571318 0.0606566 0.0570699
31 0.1683979 0.7576603 0.0261656 0.0158527
25 0.4348110 0.7005903 0.0261656 0.0158527
5 0.1017947 0.7005903 0.0261656 0.0158527
20 0.2350012 0.6435204 0.0261656 0.0158527
7 0.3004152 0.5864505 0.0261656 0.0158527
31 0.2350012 0.5864505 0.0261656 0.0158527
17 0.5014143 0.7005903 0.0261656 0.0158527
26 0.1683979 0.5293806 0.0261656 0.0158528
2 0.3682078 0.4723107 0.0261656 0.0158528
2 0.3682078 0.7576603 0.0261656 0.0158527
20 0.1683979 0.7005903 0.0261656 0.0158527
3 0.2350012 0.7005903 0.0261656 0.0158527
20 0.5014143 0.5293806 0.0261656 0.0158528
15 0.4348110 0.6435204 0.0261656 0.0158527
29 0.3004152 0.5293806 0.0261656 0.0158528
1 0.1683979 0.6435204 0.0261656 0.0158527
21 0.2350012 0.5293806 0.0261656 0.0158528
6 0.4348110 0.5293806 0.0261656 0.0158528
6 0.4348110 0.5864505 0.0261656 0.0158527
29 0.5014143 0.7576603 0.0261656 0.0158527
13 0.2350012 0.7576603 0.0261656 0.0158527
5 0.3682078 0.7005903 0.0261656 0.0158527
31 0.3682078 0.5864505 0.0261656 0.0158527
14 0.3004152 0.6435204 0.0261656 0.0158527
1 0.5014143 0.6435204 0.0261656 0.0158527
13 0.3004152 0.7005903 0.0261656 0.0158527
31 0.3004152 0.7576603 0.0261656 0.0158527
15 0.2350012 0.4723107 0.0261656 0.0158528
13 0.4348110 0.4723107 0.0261656 0.0158528
29 0.3004152 0.4723107 0.0261656 0.0158528
24 0.5014143 0.5864505 0.0261656 0.0158527
5 0.1683979 0.4723107 0.0261656 0.0158528
16 0.1683979 0.5864505 0.0261656 0.0158527
10 0.1017947 0.4723107 0.0261656 0.0158528
5 0.3682078 0.5293806 0.0261656 0.0158528
25 0.4348110 0.7576603 0.0261656 0.0158527
8 0.1017947 0.7576603 0.0261656 0.0158527
