20 0.4691298 0.3235003 0.0267753 0.0160801
13 0.4691298 0.2656120 0.0267753 0.0160801
32 0.5391107 0.3862126 0.4929088 0.4116499
17 0.6735957 0.2656120 0.0267753 0.0160801
11 0.4691298 0.4971651 0.0267753 0.0160801
34 0.4003660 0.5545173 0.0620700 0.0578883
7 0.4009745 0.5550533 0.0267753 0.0160801
24 0.7417509 0.5550533 0.0267753 0.0160801
8 0.4691298 0.5550533 0.0267753 0.0160801
15 0.6054404 0.2656120 0.0267753 0.0160801
18 0.3328192 0.5550533 0.0267753 0.0160801
22 0.6054404 0.4392768 0.0267753 0.0160801
13 0.5360680 0.4971651 0.0267753 0.0160801
30 0.5360680 0.4392768 0.0267753 0.0160801
24 0.7417509 0.2656120 0.0267753 0.0160801
21 0.4691298 0.3813885 0.0267753 0.0160801
9 0.4009745 0.4971651 0.0267753 0.0160801
15 0.4009745 0.4392768 0.0267753 0.0160801
14 0.3328192 0.3235003 0.0267753 0.0160801
15 0.7417509 0.3813885 0.0267753 0.0160801
11 0.4009745 0.3235003 0.0267753 0.0160801
10 0.7417509 0.3235003 0.0267753 0.0160801
10 0.3328192 0.4392768 0.0267753 0.0160801
7 0.6735957 0.4971651 0.0267753 0.0160801
29 0.3328192 0.4971651 0.0267753 0.0160801
12 0.6735957 0.3813885 0.0267753 0.0160801
3 0.4691298 0.4392768 0.0267753 0.0160801
4 0.6054404 0.3235003 0.0267753 0.0160801
17 0.3328192 0.3813885 0.0267753 0.0160801
9 0.6054404 0.3813885 0.0267753 0.0160801
10 0.6054404 0.4971651 0.0267753 0.0160801
26 0.7417509 0.4971651 0.0267753 0.0160801
27 0.3328192 0.2656120 0.0267753 0.0160801
29 0.6735957 0.3235003 0.0267753 0.0160801
30 0.5360680 0.5550533 0.0267753 0.0160801
29 0.4009745 0.3813885 0.0267753 0.0160801
8 0.6735957 0.4392768 0.0267753 0.0160801
19 0.5360680 0.3235003 0.0267753 0.0160801
19 0.6735957 0.5550533 0.0267753 0.0160801
27 0.7417509 0.4392768 0.0267753 0.0160801
21 0.5360680 0.2656120 0.0267753 0.0160801
7 0.4009745 0.2656120 0.0267753 0.0160801
5 0.6054404 0.5550533 0.0267753 0.0160801
16 0.5360680 0.3813885 0.0267753 0.0160801
