3 0.2846865 0.5682459 0.0280139 0.0171111
11 0.2846865 0.3834459 0.0280139 0.0171111
32 0.3579046 0.3885792 0.5157099 0.4380445
18 0.4986106 0.2602459 0.0280139 0.0171111
17 0.2133785 0.3834459 0.0280139 0.0171111
13 0.4986106 0.4450459 0.0280139 0.0171111
33 0.4979739 0.5676755 0.0649412 0.0616000
17 0.4986106 0.5682459 0.0280139 0.0171111
9 0.5699187 0.3218459 0.0280139 0.0171111
13 0.1420705 0.5682459 0.0280139 0.0171111
16 0.2133785 0.3218459 0.0280139 0.0171111
4 0.3547212 0.2602459 0.0280139 0.0171111
13 0.4273026 0.5682459 0.0280139 0.0171111
15 0.1420705 0.3834459 0.0280139 0.0171111
19 0.1420705 0.5066459 0.0280139 0.0171111
30 0.1420705 0.3218459 0.0280139 0.0171111
18 0.5699187 0.5066459 0.0280139 0.0171111
24 0.5699187 0.5682459 0.0280139 0.0171111
18 0.4986106 0.3218459 0.0280139 0.0171111
12 0.2133785 0.4450459 0.0280139 0.0171111
19 0.1420705 0.4450459 0.0280139 0.0171111
28 0.4273026 0.3834459 0.0280139 0.0171111
28 0.4273026 0.4450459 0.0280139 0.0171111
10 0.5699187 0.2602459 0.0280139 0.0171111
6 0.4273026 0.2602459 0.0280139 0.0171111
31 0.5699187 0.3834459 0.0280139 0.0171111
11 0.4273026 0.3218459 0.0280139 0.0171111
6 0.3547212 0.5682459 0.0280139 0.0171111
4 0.3547212 0.3218459 0.0280139 0.0171111
1 0.3547212 0.3834459 0.0280139 0.0171111
13 0.2133785 0.2602459 0.0280139 0.0171111
29 0.2846865 0.3218459 0.0280139 0.0171111
10 0.2846865 0.2602459 0.0280139 0.0171111
29 0.4986106 0.3834459 0.0280139 0.0171111
26 0.3547212 0.4450459 0.0280139 0.0171111
9 0.2133785 0.5066459 0.0280139 0.0171111
21 0.3547212 0.5066459 0.0280139 0.0171111
2 0.2846865 0.5066459 0.0280139 0.0171111
26 0.4986106 0.5066459 0.0280139 0.0171111
4 0.4273026 0.5066459 0.0280139 0.0171111
15 0.1420705 0.2602459 0.0280139 0.0171111
11 0.5699187 0.4450459 0.0280139 0.0171111
5 0.2133785 0.5682459 0.0280139 0.0171111
13 0.2846865 0.4450459 0.0280139 0.0171111
