15 0.6393780 0.2487606 0.0278817 0.0164420
17 0.2845197 0.4855249 0.0278817 0.0164420
32 0.4283640 0.3720753 0.5132772 0.4209144
34 0.2838860 0.3074036 0.0646349 0.0591911
3 0.2845197 0.3079517 0.0278817 0.0164420
30 0.3554913 0.3079517 0.0278817 0.0164420
27 0.4974347 0.3079517 0.0278817 0.0164420
20 0.5684063 0.4855249 0.0278817 0.0164420
8 0.5684063 0.3079517 0.0278817 0.0164420
17 0.2135480 0.4263339 0.0278817 0.0164420
5 0.4974347 0.2487606 0.0278817 0.0164420
29 0.6393780 0.5447160 0.0278817 0.0164420
14 0.6393780 0.3671428 0.0278817 0.0164420
4 0.3554913 0.4263339 0.0278817 0.0164420
7 0.6393780 0.4263339 0.0278817 0.0164420
25 0.3554913 0.2487606 0.0278817 0.0164420
27 0.2135480 0.3671428 0.0278817 0.0164420
28 0.2845197 0.3671428 0.0278817 0.0164420
13 0.2135480 0.4855249 0.0278817 0.0164420
29 0.6393780 0.3079517 0.0278817 0.0164420
22 0.4251956 0.3079517 0.0278817 0.0164420
29 0.3554913 0.5447160 0.0278817 0.0164420
31 0.3554913 0.3671428 0.0278817 0.0164420
8 0.6393780 0.4855249 0.0278817 0.0164420
5 0.4251956 0.2487606 0.0278817 0.0164420
9 0.2135480 0.3079517 0.0278817 0.0164420
18 0.4251956 0.3671428 0.0278817 0.0164420
26 0.4251956 0.4263339 0.0278817 0.0164420
31 0.5684063 0.4263339 0.0278817 0.0164420
4 0.3554913 0.4855249 0.0278817 0.0164420
20 0.4974347 0.5447160 0.0278817 0.0164420
9 0.4974347 0.4855249 0.0278817 0.0164420
7 0.4974347 0.4263339 0.0278817 0.0164420
20 0.4251956 0.5447160 0.0278817 0.0164420
2 0.5684063 0.5447160 0.0278817 0.0164420
6 0.2135480 0.5447160 0.0278817 0.0164420
28 0.2135480 0.2487606 0.0278817 0.0164420
11 0.2845197 0.2487606 0.0278817 0.0164420
2 0.4974347 0.3671428 0.0278817 0.0164420
1 0.2845197 0.5447160 0.0278817 0.0164420
22 0.5684063 0.2487606 0.0278817 0.0164420
22 0.2845197 0.4263339 0.0278817 0.0164420
20 0.5684063 0.3671428 0.0278817 0.0164420
21 0.4251956 0.4855249 0.0278817 0.0164420
