11 0.3490302 0.4472080 0.0277080 0.0165287
19 0.2785008 0.3877046 0.0277080 0.0165287
32 0.4919780 0.5116700 0.5100784 0.4231353
33 0.2785008 0.5656638 0.0654915 0.0595034
22 0.2785008 0.5662148 0.0277080 0.0165287
10 0.7016769 0.5662148 0.0277079 0.0165287
1 0.6311476 0.6257182 0.0277079 0.0165287
23 0.7016769 0.6257182 0.0277079 0.0165287
17 0.4195596 0.5067114 0.0277079 0.0165287
19 0.4888294 0.5067114 0.0277080 0.0165287
9 0.5606182 0.4472080 0.0277080 0.0165287
21 0.4195596 0.3877046 0.0277079 0.0165287
12 0.4888294 0.5662148 0.0277080 0.0165287
10 0.4888294 0.3877046 0.0277080 0.0165287
14 0.4195596 0.5662148 0.0277079 0.0165287
13 0.2785008 0.6852216 0.0277080 0.0165287
21 0.4195596 0.4472080 0.0277079 0.0165287
16 0.4195596 0.6257182 0.0277079 0.0165287
2 0.4888294 0.6852216 0.0277080 0.0165287
17 0.3490302 0.3877046 0.0277080 0.0165287
15 0.3490302 0.5067114 0.0277080 0.0165287
31 0.5606182 0.6257182 0.0277080 0.0165287
29 0.7016769 0.3877046 0.0277079 0.0165287
22 0.2785008 0.5067114 0.0277080 0.0165287
22 0.7016769 0.5067114 0.0277079 0.0165287
21 0.6311476 0.5067114 0.0277079 0.0165287
6 0.2785008 0.4472080 0.0277080 0.0165287
8 0.3490302 0.6852216 0.0277080 0.0165287
29 0.6311476 0.6852216 0.0277079 0.0165287
30 0.5606182 0.3877046 0.0277080 0.0165287
31 0.4195596 0.6852216 0.0277079 0.0165287
26 0.6311476 0.5662148 0.0277079 0.0165287
18 0.7016769 0.4472080 0.0277079 0.0165287
2 0.6311476 0.4472080 0.0277079 0.0165287
31 0.3490302 0.6257182 0.0277080 0.0165287
17 0.5606182 0.5662148 0.0277080 0.0165287
5 0.7016769 0.6852216 0.0277079 0.0165287
19 0.3490302 0.5662148 0.0277080 0.0165287
15 0.5606182 0.6852216 0.0277080 0.0165287
27 0.5606182 0.5067114 0.0277080 0.0165287
21 0.2785008 0.6257182 0.0277080 0.0165287
11 0.4888294 0.6257182 0.0277080 0.0165287
28 0.4888294 0.4472080 0.0277080 0.0165287
3 0.6311476 0.3877046 0.0277079 0.0165287
