1 0.4497011 0.3239854 0.0281587 0.0164432
26 0.3076273 0.5607682 0.0281588 0.0164432
32 0.4529010 0.3881141 0.5183775 0.4209472
34 0.2359504 0.2642416 0.0665571 0.0591957
24 0.2359504 0.2647897 0.0281588 0.0164433
16 0.3076273 0.4423768 0.0281588 0.0164433
4 0.5226579 0.4423768 0.0281588 0.0164433
30 0.3793041 0.5015725 0.0281588 0.0164432
14 0.3793041 0.3239854 0.0281588 0.0164432
12 0.5943348 0.5607682 0.0281587 0.0164432
5 0.5943348 0.5015725 0.0281587 0.0164432
19 0.5943348 0.3239854 0.0281587 0.0164432
20 0.2359504 0.4423768 0.0281588 0.0164433
17 0.3793041 0.4423768 0.0281588 0.0164433
6 0.5943348 0.4423768 0.0281587 0.0164433
2 0.6660117 0.3831811 0.0281588 0.0164433
5 0.5943348 0.3831811 0.0281587 0.0164433
3 0.3076273 0.2647897 0.0281588 0.0164433
21 0.5226579 0.2647897 0.0281588 0.0164433
31 0.5943348 0.2647897 0.0281587 0.0164433
12 0.2359504 0.5015725 0.0281588 0.0164432
31 0.5226579 0.5607682 0.0281588 0.0164432
11 0.3793041 0.5607682 0.0281588 0.0164432
14 0.6660117 0.4423768 0.0281588 0.0164433
15 0.5226579 0.5015725 0.0281588 0.0164432
3 0.3793041 0.2647897 0.0281588 0.0164433
16 0.5226579 0.3831811 0.0281588 0.0164433
4 0.2359504 0.3239854 0.0281588 0.0164432
8 0.6660117 0.5015725 0.0281588 0.0164432
17 0.4497011 0.5607682 0.0281587 0.0164432
3 0.6660117 0.3239854 0.0281588 0.0164432
11 0.6660117 0.5607682 0.0281588 0.0164432
18 0.3076273 0.3239854 0.0281588 0.0164432
6 0.5226579 0.3239854 0.0281588 0.0164432
15 0.4497011 0.2647897 0.0281587 0.0164433
7 0.4497011 0.3831811 0.0281587 0.0164433
24 0.4497011 0.5015725 0.0281587 0.0164432
31 0.3076273 0.5015725 0.0281588 0.0164432
24 0.3076273 0.3831811 0.0281588 0.0164433
27 0.2359504 0.3831811 0.0281588 0.0164433
26 0.2359504 0.5607682 0.0281588 0.0164432
12 0.3793041 0.3831811 0.0281588 0.0164433
4 0.6660117 0.2647897 0.0281588 0.0164433
17 0.4497011 0.4423768 0.0281587 0.0164433
