21 0.0746278 0.3482322 0.0282059 0.0159668
13 0.5054082 0.2907519 0.0282059 0.0159668
32 0.2919411 0.3530223 0.5192443 0.4087491
19 0.4336115 0.2332715 0.0282059 0.0159668
34 0.4329705 0.4051803 0.0653863 0.0574803
7 0.4336115 0.4057126 0.0282059 0.0159668
7 0.2887359 0.5206732 0.0282059 0.0159668
21 0.2887359 0.2907519 0.0282059 0.0159668
10 0.1464245 0.4057126 0.0282059 0.0159668
11 0.5054082 0.4057126 0.0282059 0.0159668
8 0.2887359 0.3482322 0.0282059 0.0159668
3 0.1464245 0.5206732 0.0282059 0.0159668
24 0.0746278 0.4631929 0.0282059 0.0159668
30 0.0746278 0.4057126 0.0282059 0.0159668
18 0.1464245 0.2907519 0.0282059 0.0159668
27 0.3618148 0.4057126 0.0282059 0.0159668
22 0.5054082 0.3482322 0.0282059 0.0159668
14 0.2887359 0.4057126 0.0282059 0.0159668
19 0.3618148 0.5206732 0.0282059 0.0159668
18 0.2182213 0.2907519 0.0282059 0.0159668
5 0.2182213 0.4631929 0.0282059 0.0159668
14 0.0746278 0.2907519 0.0282059 0.0159668
18 0.2182213 0.3482322 0.0282059 0.0159668
7 0.5054082 0.5206732 0.0282059 0.0159668
8 0.2182213 0.4057126 0.0282059 0.0159668
22 0.3618148 0.2907519 0.0282059 0.0159668
28 0.0746278 0.2332715 0.0282059 0.0159668
16 0.5054082 0.2332715 0.0282059 0.0159668
14 0.3618148 0.2332715 0.0282059 0.0159668
31 0.0746278 0.5206732 0.0282059 0.0159668
25 0.2887359 0.4631929 0.0282059 0.0159668
9 0.1464245 0.2332715 0.0282059 0.0159668
4 0.4336115 0.2907519 0.0282059 0.0159668
3 0.4336115 0.4631929 0.0282059 0.0159668
18 0.4336115 0.3482322 0.0282059 0.0159668
16 0.1464245 0.4631929 0.0282059 0.0159668
16 0.5054082 0.4631929 0.0282059 0.0159668
15 0.2182213 0.5206732 0.0282059 0.0159668
25 0.3618148 0.3482322 0.0282059 0.0159668
21 0.2887359 0.2332715 0.0282059 0.0159668
13 0.4336115 0.5206732 0.0282059 0.0159668
1 0.1464245 0.3482322 0.0282059 0.0159668
15 0.3618148 0.4631929 0.0282059 0.0159668
13 0.2182213 0.2332715 0.0282059 0.0159668
