8 0.2590031 0.5744393 0.0271011 0.0169049
17 0.3279876 0.6352970 0.0271011 0.0169049
32 0.3988200 0.5186531 0.4989062 0.4327659
20 0.2590031 0.3918662 0.0271011 0.0169049
18 0.1900185 0.6961546 0.0271011 0.0169049
34 0.2583871 0.6955912 0.0628252 0.0608577
14 0.2590031 0.6961546 0.0271011 0.0169049
8 0.3279876 0.6961546 0.0271011 0.0169049
12 0.3957403 0.3918662 0.0271011 0.0169049
25 0.2590031 0.6352970 0.0271011 0.0169049
7 0.6039259 0.6961546 0.0271011 0.0169049
6 0.3957403 0.5744393 0.0271011 0.0169049
29 0.1900185 0.4527239 0.0271011 0.0169049
15 0.1900185 0.5744393 0.0271011 0.0169049
15 0.6039259 0.5135816 0.0271011 0.0169049
22 0.5349413 0.5744393 0.0271011 0.0169049
14 0.1900185 0.3918662 0.0271011 0.0169049
17 0.3957403 0.6961546 0.0271011 0.0169049
29 0.4659568 0.3918662 0.0271011 0.0169049
2 0.5349413 0.4527239 0.0271011 0.0169049
11 0.3957403 0.4527239 0.0271011 0.0169049
28 0.6039259 0.4527239 0.0271011 0.0169049
5 0.3957403 0.5135816 0.0271011 0.0169049
26 0.6039259 0.5744393 0.0271011 0.0169049
2 0.2590031 0.4527239 0.0271011 0.0169049
11 0.6039259 0.3918662 0.0271011 0.0169049
11 0.5349413 0.3918662 0.0271011 0.0169049
11 0.4659568 0.6352970 0.0271011 0.0169049
9 0.1900185 0.5135816 0.0271011 0.0169049
15 0.5349413 0.6961546 0.0271011 0.0169049
15 0.4659568 0.5744393 0.0271011 0.0169049
13 0.1900185 0.6352970 0.0271011 0.0169049
8 0.6039259 0.6352970 0.0271011 0.0169049
17 0.4659568 0.5135816 0.0271011 0.0169049
14 0.2590031 0.5135816 0.0271011 0.0169049
31 0.5349413 0.6352970 0.0271011 0.0169049
28 0.3279876 0.5135816 0.0271011 0.0169049
28 0.4659568 0.4527239 0.0271011 0.0169049
30 0.4659568 0.6961546 0.0271011 0.0169049
30 0.3957403 0.6352970 0.0271011 0.0169049
10 0.3279876 0.5744393 0.0271011 0.0169049
7 0.3279876 0.4527239 0.0271011 0.0169049
17 0.5349413 0.5135816 0.0271011 0.0169049
26 0.3279876 0.3918662 0.0271011 0.0169049
