15 0.5613876 0.5213752 0.0285162 0.0174870
25 0.6339742 0.5213752 0.0285162 0.0174870
32 0.4181586 0.4007152 0.5249570 0.4476662
12 0.1984544 0.4584222 0.0285162 0.0174870
24 0.3436276 0.4584222 0.0285162 0.0174870
34 0.2703929 0.5207923 0.0661057 0.0629530
23 0.2710410 0.5213752 0.0285162 0.0174870
24 0.1984544 0.3325160 0.0285162 0.0174869
19 0.1984544 0.3954691 0.0285162 0.0174870
24 0.2710410 0.3325160 0.0285162 0.0174869
31 0.1984544 0.5843283 0.0285162 0.0174870
30 0.3436276 0.3954691 0.0285162 0.0174870
16 0.1984544 0.2695630 0.0285162 0.0174870
2 0.4888009 0.5213752 0.0285162 0.0174870
9 0.2710410 0.3954691 0.0285162 0.0174870
2 0.3436276 0.2695630 0.0285162 0.0174870
26 0.4888009 0.4584222 0.0285162 0.0174870
29 0.4149181 0.2695630 0.0285162 0.0174870
17 0.5613876 0.5843283 0.0285162 0.0174870
24 0.5613876 0.2695630 0.0285162 0.0174870
17 0.6339742 0.4584222 0.0285162 0.0174870
25 0.3436276 0.5843283 0.0285162 0.0174870
20 0.5613876 0.3954691 0.0285162 0.0174870
9 0.2710410 0.4584222 0.0285162 0.0174870
29 0.3436276 0.5213752 0.0285162 0.0174870
12 0.4149181 0.5843283 0.0285162 0.0174870
31 0.5613876 0.3325160 0.0285162 0.0174869
25 0.4149181 0.5213752 0.0285162 0.0174870
8 0.6339742 0.3954691 0.0285162 0.0174870
26 0.2710410 0.2695630 0.0285162 0.0174870
31 0.3436276 0.3325160 0.0285162 0.0174869
2 0.5613876 0.4584222 0.0285162 0.0174870
18 0.1984544 0.5213752 0.0285162 0.0174870
1 0.4888009 0.5843283 0.0285162 0.0174870
14 0.2710410 0.5843283 0.0285162 0.0174870
20 0.4888009 0.3954691 0.0285162 0.0174870
4 0.4149181 0.3954691 0.0285162 0.0174870
28 0.4149181 0.3325160 0.0285162 0.0174869
31 0.4888009 0.2695630 0.0285162 0.0174870
18 0.6339742 0.3325160 0.0285162 0.0174869
31 0.6339742 0.2695630 0.0285162 0.0174870
13 0.4888009 0.3325160 0.0285162 0.0174869
27 0.4149181 0.4584222 0.0285162 0.0174870
14 0.6339742 0.5843283 0.0285162 0.0174870
