18 0.6423164 0.3630295 0.0277354 0.0171720
30 0.4317796 0.4866677 0.0277354 0.0171720
32 0.6454682 0.3681811 0.5105834 0.4396027
29 0.6423164 0.4248486 0.0277354 0.0171720
33 0.8553748 0.4242762 0.0655564 0.0618191
15 0.8553748 0.4248486 0.0277354 0.0171720
13 0.6423164 0.4866677 0.0277354 0.0171720
2 0.5729780 0.4248486 0.0277354 0.0171720
17 0.7141763 0.4866677 0.0277354 0.0171720
14 0.5023788 0.2393912 0.0277354 0.0171720
16 0.8553748 0.5484868 0.0277354 0.0171720
31 0.6423164 0.5484868 0.0277354 0.0171720
7 0.6423164 0.2393912 0.0277354 0.0171720
25 0.7847755 0.3012104 0.0277354 0.0171720
16 0.5023788 0.5484868 0.0277354 0.0171720
14 0.7141763 0.4248486 0.0277354 0.0171720
17 0.8553748 0.3630295 0.0277354 0.0171720
4 0.7847755 0.4248486 0.0277354 0.0171720
29 0.5023788 0.3630295 0.0277354 0.0171720
3 0.4317796 0.5484868 0.0277354 0.0171720
20 0.6423164 0.3012104 0.0277354 0.0171720
31 0.4317796 0.3630295 0.0277354 0.0171720
26 0.7141763 0.2393912 0.0277354 0.0171720
6 0.4317796 0.3012104 0.0277354 0.0171720
28 0.8553748 0.2393912 0.0277354 0.0171720
17 0.7141763 0.3630295 0.0277354 0.0171720
17 0.8553748 0.3012104 0.0277354 0.0171720
6 0.5729780 0.5484868 0.0277354 0.0171720
2 0.4317796 0.2393912 0.0277354 0.0171720
5 0.7141763 0.5484868 0.0277354 0.0171720
8 0.5729780 0.4866677 0.0277354 0.0171720
12 0.7141763 0.3012104 0.0277354 0.0171720
2 0.5729780 0.3012104 0.0277354 0.0171720
30 0.8553748 0.4866677 0.0277354 0.0171720
2 0.4317796 0.4248486 0.0277354 0.0171720
18 0.5729780 0.2393912 0.0277354 0.0171720
6 0.7847755 0.2393912 0.0277354 0.0171720
16 0.5729780 0.3630295 0.0277354 0.0171720
11 0.7847755 0.4866677 0.0277354 0.0171720
1 0.5023788 0.4866677 0.0277354 0.0171720
12 0.7847755 0.5484868 0.0277354 0.0171720
14 0.7847755 0.3630295 0.0277354 0.0171720
15 0.5023788 0.3012104 0.0277354 0.0171720
14 0.5023788 0.4248486 0.0277354 0.0171720
