27 0.4694580 0.5417303 0.0277899 0.0167137
1 0.1865060 0.7222384 0.0277899 0.0167137
32 0.2591388 0.6069138 0.5115873 0.4278707
9 0.1865060 0.4815611 0.0277899 0.0167137
34 0.3273505 0.6013426 0.0669485 0.0601693
22 0.3279821 0.6018997 0.0277899 0.0167137
14 0.0450300 0.6620690 0.0277899 0.0167137
30 0.1865060 0.6018997 0.0277899 0.0167137
15 0.0450300 0.4815611 0.0277899 0.0167137
20 0.4694580 0.7824076 0.0277899 0.0167137
7 0.4694580 0.4815611 0.0277899 0.0167137
3 0.1157680 0.6018997 0.0277899 0.0167137
6 0.3279821 0.7824076 0.0277899 0.0167137
12 0.4694580 0.7222384 0.0277899 0.0167137
7 0.2559809 0.5417303 0.0277899 0.0167137
5 0.1157680 0.7824076 0.0277899 0.0167137
17 0.3987201 0.6620690 0.0277899 0.0167137
13 0.3987201 0.5417303 0.0277899 0.0167137
9 0.3987201 0.4815611 0.0277899 0.0167137
25 0.2559809 0.4815611 0.0277899 0.0167137
7 0.1157680 0.4815611 0.0277899 0.0167137
24 0.1865060 0.6620690 0.0277899 0.0167137
6 0.2559809 0.7222384 0.0277899 0.0167137
8 0.3279821 0.4815611 0.0277899 0.0167137
16 0.0450300 0.7824076 0.0277899 0.0167137
12 0.3987201 0.7222384 0.0277899 0.0167137
18 0.1865060 0.7824076 0.0277899 0.0167137
31 0.4694580 0.6018997 0.0277899 0.0167137
7 0.0450300 0.7222384 0.0277899 0.0167137
2 0.3987201 0.7824076 0.0277899 0.0167137
10 0.3987201 0.6018997 0.0277899 0.0167137
2 0.1865060 0.5417303 0.0277899 0.0167137
20 0.4694580 0.6620690 0.0277899 0.0167137
19 0.1157680 0.5417303 0.0277899 0.0167137
11 0.0450300 0.6018997 0.0277899 0.0167137
9 0.0450300 0.5417303 0.0277899 0.0167137
4 0.3279821 0.7222384 0.0277899 0.0167137
13 0.1157680 0.6620690 0.0277899 0.0167137
26 0.3279821 0.5417303 0.0277899 0.0167137
13 0.2559809 0.6620690 0.0277899 0.0167137
24 0.1157680 0.7222384 0.0277899 0.0167137
29 0.3279821 0.6620690 0.0277899 0.0167137
8 0.2559809 0.7824076 0.0277899 0.0167137
21 0.2559809 0.6018997 0.0277899 0.0167137
