3 0.5657766 0.2811309 0.0270268 0.0170043
1 0.3581615 0.5872083 0.0270268 0.0170043
32 0.3612327 0.4086631 0.4975391 0.4353099
10 0.1530034 0.2811309 0.0270268 0.0170043
33 0.3581615 0.5254259 0.0638816 0.0612155
23 0.3581615 0.5259927 0.0270268 0.0170043
5 0.2217989 0.5872083 0.0270268 0.0170043
24 0.3581615 0.2811309 0.0270268 0.0170043
30 0.4969810 0.4035618 0.0270268 0.0170043
4 0.4969810 0.4647773 0.0270268 0.0170043
26 0.4281855 0.4035618 0.0270268 0.0170043
6 0.1530034 0.4035618 0.0270268 0.0170043
7 0.1530034 0.4647773 0.0270268 0.0170043
8 0.2905944 0.2811309 0.0270268 0.0170043
30 0.3581615 0.3423464 0.0270268 0.0170043
25 0.2217989 0.4035618 0.0270268 0.0170043
1 0.5657766 0.5872083 0.0270268 0.0170043
5 0.4281855 0.2811309 0.0270268 0.0170043
11 0.4969810 0.5872083 0.0270268 0.0170043
28 0.2905944 0.4035618 0.0270268 0.0170043
27 0.5657766 0.3423464 0.0270268 0.0170043
14 0.2905944 0.5872083 0.0270268 0.0170043
20 0.2905944 0.3423464 0.0270268 0.0170043
24 0.3581615 0.4035618 0.0270268 0.0170043
11 0.4281855 0.4647773 0.0270268 0.0170043
16 0.2217989 0.2811309 0.0270268 0.0170043
7 0.2905944 0.5259927 0.0270268 0.0170043
15 0.4281855 0.5872083 0.0270268 0.0170043
16 0.4281855 0.3423464 0.0270268 0.0170043
1 0.1530034 0.5259927 0.0270268 0.0170043
12 0.3581615 0.4647773 0.0270268 0.0170043
6 0.4969810 0.2811309 0.0270268 0.0170043
12 0.2217989 0.4647773 0.0270268 0.0170043
18 0.4281855 0.5259927 0.0270268 0.0170043
28 0.2905944 0.4647773 0.0270268 0.0170043
28 0.5657766 0.5259927 0.0270268 0.0170043
17 0.5657766 0.4035618 0.0270268 0.0170043
20 0.4969810 0.3423464 0.0270268 0.0170043
3 0.1530034 0.5872083 0.0270268 0.0170043
28 0.2217989 0.5259927 0.0270268 0.0170043
28 0.1530034 0.3423464 0.0270268 0.0170043
30 0.4969810 0.5259927 0.0270268 0.0170043
25 0.5657766 0.4647773 0.0270268 0.0170043
20 0.2217989 0.3423464 0.0270268 0.0170043
