4 0.3176998 0.3575677 0.0262811 0.0162769
3 0.6521861 0.4747613 0.0262811 0.0162769
32 0.5201835 0.3624508 0.4838106 0.4166885
13 0.3845970 0.4161645 0.0262811 0.0162769
7 0.4514943 0.5333582 0.0262811 0.0162769
33 0.5171970 0.5328156 0.0621189 0.0585968
29 0.5171970 0.5333582 0.0262811 0.0162769
8 0.7190833 0.4161645 0.0262810 0.0162769
21 0.5852888 0.4161645 0.0262811 0.0162769
9 0.4514943 0.2403740 0.0262811 0.0162769
1 0.5171970 0.3575677 0.0262811 0.0162769
13 0.3176998 0.4161645 0.0262811 0.0162769
20 0.5852888 0.2989709 0.0262811 0.0162769
8 0.6521861 0.4161645 0.0262811 0.0162769
30 0.6521861 0.3575677 0.0262811 0.0162769
10 0.4514943 0.2989709 0.0262811 0.0162769
22 0.5171970 0.2989709 0.0262811 0.0162769
15 0.3845970 0.2403740 0.0262811 0.0162769
5 0.6521861 0.2989709 0.0262811 0.0162769
2 0.6521861 0.2403740 0.0262811 0.0162769
25 0.3845970 0.2989709 0.0262811 0.0162769
29 0.3176998 0.2403740 0.0262811 0.0162769
31 0.5852888 0.4747613 0.0262811 0.0162769
3 0.3176998 0.4747613 0.0262811 0.0162769
17 0.3845970 0.3575677 0.0262811 0.0162769
8 0.3176998 0.2989709 0.0262811 0.0162769
31 0.3845970 0.5333582 0.0262811 0.0162769
20 0.5171970 0.4747613 0.0262811 0.0162769
19 0.5852888 0.2403740 0.0262811 0.0162769
8 0.7190833 0.4747613 0.0262810 0.0162769
9 0.4514943 0.4161645 0.0262811 0.0162769
15 0.5171970 0.2403740 0.0262811 0.0162769
5 0.6521861 0.5333582 0.0262811 0.0162769
31 0.4514943 0.3575677 0.0262811 0.0162769
11 0.4514943 0.4747613 0.0262811 0.0162769
11 0.5852888 0.3575677 0.0262811 0.0162769
26 0.7190833 0.5333582 0.0262810 0.0162769
18 0.5852888 0.5333582 0.0262811 0.0162769
25 0.7190833 0.2989709 0.0262810 0.0162769
19 0.5171970 0.4161645 0.0262811 0.0162769
5 0.7190833 0.3575677 0.0262810 0.0162769
8 0.3845970 0.4747613 0.0262811 0.0162769
1 0.3176998 0.5333582 0.0262811 0.0162769
30 0.7190833 0.2403740 0.0262810 0.0162769
