16 0.2304712 0.6632486 0.0282783 0.0172144
6 0.3744334 0.6632486 0.0282782 0.0172144
32 0.3043804 0.5444694 0.5205773 0.4406878
2 0.3744334 0.5393051 0.0282782 0.0172144
33 0.4457718 0.6626747 0.0655542 0.0619718
21 0.4464145 0.6632486 0.0282783 0.0172144
18 0.5183955 0.7252203 0.0282783 0.0172144
7 0.4464145 0.7252203 0.0282783 0.0172144
30 0.2304712 0.5393051 0.0282783 0.0172144
1 0.1584902 0.6012768 0.0282783 0.0172144
6 0.1584902 0.4153616 0.0282783 0.0172144
15 0.4464145 0.6012768 0.0282783 0.0172144
1 0.4464145 0.4153616 0.0282783 0.0172144
12 0.3011669 0.6632486 0.0282783 0.0172144
8 0.5183955 0.6632486 0.0282783 0.0172144
24 0.4464145 0.5393051 0.0282783 0.0172144
10 0.3744334 0.6012768 0.0282782 0.0172144
3 0.5183955 0.4153616 0.0282783 0.0172144
27 0.1584902 0.4773334 0.0282783 0.0172144
21 0.1584902 0.7252203 0.0282783 0.0172144
31 0.5183955 0.6012768 0.0282783 0.0172144
10 0.0865091 0.6012768 0.0282783 0.0172144
12 0.3011669 0.6012768 0.0282783 0.0172144
11 0.2304712 0.6012768 0.0282783 0.0172144
19 0.1584902 0.5393051 0.0282783 0.0172144
18 0.3011669 0.7252203 0.0282783 0.0172144
10 0.2304712 0.7252203 0.0282783 0.0172144
14 0.3744334 0.4153616 0.0282782 0.0172144
15 0.3744334 0.7252203 0.0282782 0.0172144
4 0.0865091 0.7252203 0.0282783 0.0172144
25 0.3011669 0.5393051 0.0282783 0.0172144
28 0.1584902 0.6632486 0.0282783 0.0172144
4 0.4464145 0.4773334 0.0282783 0.0172144
11 0.3011669 0.4153616 0.0282783 0.0172144
10 0.2304712 0.4773334 0.0282783 0.0172144
6 0.0865091 0.5393051 0.0282783 0.0172144
15 0.5183955 0.4773334 0.0282783 0.0172144
1 0.0865091 0.4153616 0.0282783 0.0172144
15 0.3011669 0.4773334 0.0282783 0.0172144
3 0.0865091 0.6632486 0.0282783 0.0172144
6 0.5183955 0.5393051 0.0282783 0.0172144
24 0.3744334 0.4773334 0.0282782 0.0172144
22 0.2304712 0.4153616 0.0282783 0.0172144
28 0.0865091 0.4773334 0.0282783 0.0172144
