10 0.7888367 0.7266703 0.0279859 0.0159639
2 0.7888367 0.5542609 0.0279859 0.0159638
32 0.6482710 0.5590500 0.5151958 0.4086744
34 0.5032529 0.5537287 0.0648765 0.0574698
19 0.5038889 0.5542609 0.0279859 0.0159638
3 0.5751258 0.5542609 0.0279859 0.0159638
12 0.4326519 0.7266703 0.0279859 0.0159639
25 0.8600737 0.4967910 0.0279859 0.0159638
21 0.4326519 0.6692005 0.0279859 0.0159638
19 0.5751258 0.6692005 0.0279859 0.0159638
26 0.4326519 0.5542609 0.0279859 0.0159638
13 0.7888367 0.4967910 0.0279859 0.0159638
4 0.5038889 0.6692005 0.0279859 0.0159638
10 0.8600737 0.5542609 0.0279859 0.0159638
29 0.6450907 0.6692005 0.0279860 0.0159638
14 0.7888367 0.6692005 0.0279859 0.0159638
11 0.7175998 0.7266703 0.0279859 0.0159639
27 0.5751258 0.6117307 0.0279859 0.0159638
20 0.6450907 0.6117307 0.0279860 0.0159638
4 0.5751258 0.4393212 0.0279859 0.0159638
20 0.6450907 0.5542609 0.0279860 0.0159638
14 0.8600737 0.6692005 0.0279859 0.0159638
20 0.7888367 0.6117307 0.0279859 0.0159638
14 0.7175998 0.6117307 0.0279859 0.0159638
10 0.8600737 0.4393212 0.0279859 0.0159638
15 0.7175998 0.5542609 0.0279859 0.0159638
3 0.4326519 0.4967910 0.0279859 0.0159638
31 0.8600737 0.7266703 0.0279859 0.0159639
30 0.7175998 0.4967910 0.0279859 0.0159638
5 0.6450907 0.7266703 0.0279860 0.0159639
8 0.7175998 0.6692005 0.0279859 0.0159638
27 0.5751258 0.7266703 0.0279859 0.0159639
18 0.5038889 0.4393212 0.0279859 0.0159638
16 0.5751258 0.4967910 0.0279859 0.0159638
21 0.5038889 0.6117307 0.0279859 0.0159638
14 0.4326519 0.6117307 0.0279859 0.0159638
1 0.6450907 0.4967910 0.0279860 0.0159638
11 0.6450907 0.4393212 0.0279860 0.0159638
7 0.7175998 0.4393212 0.0279859 0.0159638
14 0.5038889 0.7266703 0.0279859 0.0159639
8 0.5038889 0.4967910 0.0279859 0.0159638
2 0.4326519 0.4393212 0.0279859 0.0159638
29 0.8600737 0.6117307 0.0279859 0.0159638
21 0.7888367 0.4393212 0.0279859 0.0159638
