8 0.3562531 0.4461857 0.0273521 0.0168144
27 0.4955002 0.5067176 0.0273521 0.0168144
32 0.2884945 0.3906980 0.5035273 0.4304496
34 0.3556315 0.3850932 0.0658937 0.0605320
23 0.3562531 0.3856537 0.0273521 0.0168144
11 0.2853863 0.5067176 0.0273521 0.0168144
4 0.3562531 0.5672496 0.0273521 0.0168144
11 0.3562531 0.5067176 0.0273521 0.0168144
18 0.1473825 0.5067176 0.0273521 0.0168144
9 0.2853863 0.5672496 0.0273521 0.0168144
2 0.2170061 0.5672496 0.0273521 0.0168144
19 0.2170061 0.3251217 0.0273521 0.0168144
18 0.2853863 0.4461857 0.0273521 0.0168144
30 0.2170061 0.2645897 0.0273521 0.0168144
15 0.1473825 0.3251217 0.0273521 0.0168144
25 0.3562531 0.3251217 0.0273521 0.0168144
16 0.2853863 0.2645897 0.0273521 0.0168144
1 0.0777590 0.5067176 0.0273521 0.0168144
24 0.4258766 0.3251217 0.0273521 0.0168144
17 0.1473825 0.4461857 0.0273521 0.0168144
4 0.3562531 0.2645897 0.0273521 0.0168144
31 0.1473825 0.3856537 0.0273521 0.0168144
7 0.2853863 0.3856537 0.0273521 0.0168144
7 0.4955002 0.2645897 0.0273521 0.0168144
19 0.0777590 0.5672496 0.0273521 0.0168144
11 0.2170061 0.4461857 0.0273521 0.0168144
28 0.0777590 0.3251217 0.0273521 0.0168144
9 0.4955002 0.3856537 0.0273521 0.0168144
7 0.4955002 0.3251217 0.0273521 0.0168144
31 0.2170061 0.3856537 0.0273521 0.0168144
12 0.0777590 0.2645897 0.0273521 0.0168144
26 0.1473825 0.2645897 0.0273521 0.0168144
15 0.4258766 0.2645897 0.0273521 0.0168144
28 0.4258766 0.5067176 0.0273521 0.0168144
1 0.4955002 0.5672496 0.0273521 0.0168144
1 0.0777590 0.3856537 0.0273521 0.0168144
8 0.0777590 0.4461857 0.0273521 0.0168144
28 0.2853863 0.3251217 0.0273521 0.0168144
13 0.2170061 0.5067176 0.0273521 0.0168144
13 0.4258766 0.5672496 0.0273521 0.0168144
20 0.4955002 0.4461857 0.0273521 0.0168144
5 0.4258766 0.4461857 0.0273521 0.0168144
22 0.4258766 0.3856537 0.0273521 0.0168144
9 0.1473825 0.5672496 0.0273521 0.0168144
