8 0.2805575 0.5741105 0.0271047 0.0162429
8 0.6255263 0.6910596 0.0271047 0.0162429
32 0.4203930 0.5205088 0.4989727 0.4158188
5 0.2115637 0.3986869 0.0271047 0.0162429
30 0.4173129 0.3986869 0.0271047 0.0162429
34 0.3495512 0.6905181 0.0640656 0.0584745
21 0.3495512 0.6910596 0.0271047 0.0162429
22 0.5565325 0.6910596 0.0271047 0.0162429
14 0.5565325 0.5156360 0.0271047 0.0162429
24 0.5565325 0.3986869 0.0271047 0.0162429
30 0.4875388 0.5156360 0.0271047 0.0162429
11 0.6255263 0.5156360 0.0271047 0.0162429
18 0.3495512 0.6325850 0.0271047 0.0162429
30 0.2115637 0.6325850 0.0271047 0.0162429
5 0.2805575 0.5156360 0.0271047 0.0162429
16 0.4173129 0.5741105 0.0271047 0.0162429
6 0.3495512 0.5156360 0.0271047 0.0162429
8 0.6255263 0.3986869 0.0271047 0.0162429
15 0.2805575 0.6910596 0.0271047 0.0162429
5 0.3495512 0.3986869 0.0271047 0.0162429
16 0.2115637 0.5156360 0.0271047 0.0162429
1 0.4173129 0.5156360 0.0271047 0.0162429
9 0.4173129 0.6325850 0.0271047 0.0162429
18 0.3495512 0.5741105 0.0271047 0.0162429
2 0.6255263 0.6325850 0.0271047 0.0162429
14 0.2805575 0.6325850 0.0271047 0.0162429
19 0.6255263 0.5741105 0.0271047 0.0162429
19 0.4173129 0.4571615 0.0271047 0.0162429
9 0.5565325 0.5741105 0.0271047 0.0162429
28 0.2115637 0.4571615 0.0271047 0.0162429
19 0.6255263 0.4571615 0.0271047 0.0162429
15 0.2805575 0.3986869 0.0271047 0.0162429
30 0.2805575 0.4571615 0.0271047 0.0162429
20 0.4875388 0.6325850 0.0271047 0.0162429
21 0.2115637 0.6910596 0.0271047 0.0162429
31 0.3495512 0.4571615 0.0271047 0.0162429
2 0.5565325 0.6325850 0.0271047 0.0162429
2 0.2115637 0.5741105 0.0271047 0.0162429
16 0.4173129 0.6910596 0.0271047 0.0162429
1 0.4875388 0.6910596 0.0271047 0.0162429
1 0.4875388 0.4571615 0.0271047 0.0162429
14 0.5565325 0.4571615 0.0271047 0.0162429
5 0.4875388 0.5741105 0.0271047 0.0162429
29 0.4875388 0.3986869 0.0271047 0.0162429
