8 0.6541949 0.6621633 0.0264072 0.0163063
28 0.5197584 0.7795683 0.0264072 0.0163062
32 0.5887771 0.6083527 0.4861323 0.4174398
29 0.7214133 0.6034608 0.0264072 0.0163062
34 0.7208131 0.6616197 0.0612166 0.0587025
29 0.7214133 0.6621633 0.0264072 0.0163063
4 0.3853217 0.7795683 0.0264072 0.0163062
3 0.7214133 0.7795683 0.0264072 0.0163062
20 0.3853217 0.4860558 0.0264072 0.0163063
16 0.5857763 0.4860558 0.0264072 0.0163063
7 0.4525401 0.7795683 0.0264072 0.0163062
15 0.7886314 0.6621633 0.0264072 0.0163063
25 0.4525401 0.5447583 0.0264072 0.0163062
22 0.4525401 0.4860558 0.0264072 0.0163063
10 0.6541949 0.7795683 0.0264072 0.0163062
24 0.6541949 0.6034608 0.0264072 0.0163062
16 0.3853217 0.5447583 0.0264072 0.0163062
4 0.6541949 0.5447583 0.0264072 0.0163062
6 0.3853217 0.6621633 0.0264072 0.0163063
27 0.4525401 0.7208657 0.0264072 0.0163062
26 0.5197584 0.7208657 0.0264072 0.0163062
27 0.5857763 0.7795683 0.0264072 0.0163062
15 0.5857763 0.6621633 0.0264072 0.0163063
9 0.6541949 0.7208657 0.0264072 0.0163062
29 0.3853217 0.6034608 0.0264072 0.0163062
12 0.5857763 0.6034608 0.0264072 0.0163062
6 0.3853217 0.7208657 0.0264072 0.0163062
21 0.7886314 0.6034608 0.0264072 0.0163062
27 0.7214133 0.4860558 0.0264072 0.0163063
9 0.5857763 0.5447583 0.0264072 0.0163062
12 0.6541949 0.4860558 0.0264072 0.0163063
8 0.5197584 0.6034608 0.0264072 0.0163062
11 0.7214133 0.5447583 0.0264072 0.0163062
6 0.7214133 0.7208657 0.0264072 0.0163062
10 0.7886314 0.4860558 0.0264072 0.0163063
13 0.4525401 0.6034608 0.0264072 0.0163062
19 0.5197584 0.5447583 0.0264072 0.0163062
27 0.7886314 0.7208657 0.0264072 0.0163062
10 0.5197584 0.4860558 0.0264072 0.0163063
9 0.7886314 0.5447583 0.0264072 0.0163062
6 0.5857763 0.7208657 0.0264072 0.0163062
18 0.5197584 0.6621633 0.0264072 0.0163063
25 0.4525401 0.6621633 0.0264072 0.0163063
13 0.7886314 0.7795683 0.0264072 0.0163062
