20 0.4278449 0.5310389 0.0267484 0.0160597
5 0.5628030 0.4732239 0.0267484 0.0160597
32 0.5658426 0.5936717 0.4924146 0.4111285
31 0.5628030 0.5310389 0.0267484 0.0160597
33 0.3597580 0.6461334 0.0632236 0.0578149
3 0.3597580 0.6466688 0.0267484 0.0160597
24 0.4959319 0.7044837 0.0267484 0.0160597
8 0.7682797 0.7622987 0.0267484 0.0160597
31 0.5628030 0.5888538 0.0267484 0.0160597
9 0.7682797 0.5310389 0.0267484 0.0160597
11 0.7001927 0.4732239 0.0267484 0.0160597
2 0.4959319 0.4732239 0.0267484 0.0160597
15 0.3597580 0.4732239 0.0267484 0.0160597
22 0.3597580 0.7044837 0.0267484 0.0160597
22 0.4278449 0.7044837 0.0267484 0.0160597
19 0.7682797 0.5888538 0.0267484 0.0160597
20 0.6321058 0.7044837 0.0267485 0.0160597
7 0.4959319 0.7622987 0.0267484 0.0160597
9 0.4278449 0.5888538 0.0267484 0.0160597
28 0.4959319 0.5310389 0.0267484 0.0160597
9 0.4959319 0.6466688 0.0267484 0.0160597
12 0.6321058 0.5888538 0.0267485 0.0160597
20 0.7001927 0.7622987 0.0267484 0.0160597
19 0.4278449 0.6466688 0.0267484 0.0160597
29 0.3597580 0.5888538 0.0267484 0.0160597
27 0.5628030 0.7044837 0.0267484 0.0160597
14 0.4278449 0.4732239 0.0267484 0.0160597
28 0.6321058 0.7622987 0.0267485 0.0160597
7 0.7001927 0.5310389 0.0267484 0.0160597
28 0.4959319 0.5888538 0.0267484 0.0160597
29 0.5628030 0.6466688 0.0267484 0.0160597
11 0.7682797 0.6466688 0.0267484 0.0160597
10 0.4278449 0.7622987 0.0267484 0.0160597
29 0.6321058 0.6466688 0.0267485 0.0160597
13 0.7001927 0.7044837 0.0267484 0.0160597
12 0.6321058 0.4732239 0.0267485 0.0160597
28 0.3597580 0.7622987 0.0267484 0.0160597
11 0.5628030 0.7622987 0.0267484 0.0160597
29 0.3597580 0.5310389 0.0267484 0.0160597
6 0.7001927 0.6466688 0.0267484 0.0160597
21 0.6321058 0.5310389 0.0267485 0.0160597
16 0.7001927 0.5888538 0.0267484 0.0160597
21 0.7682797 0.4732239 0.0267484 0.0160597
13 0.7682797 0.7044837 0.0267484 0.0160597
