26 0.3078836 0.6331972 0.0271046 0.0171429
30 0.3078836 0.4480535 0.0271046 0.0171429
32 0.3109637 0.5766255 0.4989703 0.4388590
9 0.1711288 0.5097681 0.0271046 0.0171429
3 0.1711288 0.6949117 0.0271046 0.0171429
33 0.5160959 0.7560548 0.0640653 0.0617145
12 0.5160959 0.7566262 0.0271046 0.0171429
8 0.1711288 0.6331972 0.0271046 0.0171429
27 0.2401222 0.4480535 0.0271046 0.0171429
31 0.4471025 0.5714826 0.0271046 0.0171429
9 0.2401222 0.6949117 0.0271046 0.0171429
4 0.5160959 0.6331972 0.0271046 0.0171429
18 0.1711288 0.4480535 0.0271046 0.0171429
27 0.2401222 0.5097681 0.0271046 0.0171429
14 0.3781091 0.6949117 0.0271045 0.0171429
14 0.5160959 0.5714826 0.0271046 0.0171429
24 0.3781091 0.5097681 0.0271045 0.0171429
20 0.4471025 0.6949117 0.0271046 0.0171429
16 0.1021353 0.7566262 0.0271046 0.0171429
5 0.4471025 0.4480535 0.0271046 0.0171429
14 0.3781091 0.4480535 0.0271045 0.0171429
15 0.1711288 0.7566262 0.0271046 0.0171429
21 0.3078836 0.6949117 0.0271046 0.0171429
16 0.3781091 0.5714826 0.0271045 0.0171429
8 0.3078836 0.5714826 0.0271046 0.0171429
9 0.1021353 0.4480535 0.0271046 0.0171429
10 0.2401222 0.6331972 0.0271046 0.0171429
16 0.4471025 0.6331972 0.0271046 0.0171429
6 0.2401222 0.7566262 0.0271046 0.0171429
7 0.4471025 0.5097681 0.0271046 0.0171429
5 0.2401222 0.5714826 0.0271046 0.0171429
19 0.1711288 0.5714826 0.0271046 0.0171429
26 0.1021353 0.6331972 0.0271046 0.0171429
2 0.1021353 0.6949117 0.0271046 0.0171429
13 0.4471025 0.7566262 0.0271046 0.0171429
28 0.3781091 0.7566262 0.0271045 0.0171429
27 0.1021353 0.5097681 0.0271046 0.0171429
28 0.1021353 0.5714826 0.0271046 0.0171429
17 0.3781091 0.6331972 0.0271045 0.0171429
26 0.5160959 0.6949117 0.0271046 0.0171429
6 0.3078836 0.5097681 0.0271046 0.0171429
12 0.3078836 0.7566262 0.0271046 0.0171429
1 0.5160959 0.4480535 0.0271046 0.0171429
13 0.5160959 0.5097681 0.0271046 0.0171429
