4 0.7704117 0.6904652 0.0284624 0.0172909
11 0.7704117 0.4414768 0.0284624 0.0172909
32 0.5550022 0.5089112 0.5239690 0.4426459
10 0.3357115 0.4414768 0.0284625 0.0172909
11 0.7704117 0.5659710 0.0284624 0.0172909
33 0.6973148 0.6898888 0.0659812 0.0622471
26 0.6979616 0.6904652 0.0284625 0.0172909
11 0.3357115 0.5659710 0.0284625 0.0172909
16 0.5517678 0.6904652 0.0284625 0.0172909
5 0.6255116 0.6282181 0.0284625 0.0172909
25 0.5517678 0.5659710 0.0284625 0.0172909
31 0.6979616 0.5659710 0.0284625 0.0172909
2 0.5517678 0.6282181 0.0284625 0.0172909
3 0.4081615 0.6282181 0.0284625 0.0172909
26 0.7704117 0.5037240 0.0284624 0.0172909
3 0.4081615 0.5037240 0.0284625 0.0172909
12 0.4081615 0.6904652 0.0284625 0.0172909
13 0.5517678 0.5037240 0.0284625 0.0172909
29 0.7704117 0.6282181 0.0284624 0.0172909
13 0.4081615 0.3792298 0.0284625 0.0172909
17 0.4806116 0.6904652 0.0284625 0.0172909
18 0.4806116 0.6282181 0.0284625 0.0172909
10 0.3357115 0.6904652 0.0284625 0.0172909
27 0.5517678 0.4414768 0.0284625 0.0172909
11 0.3357115 0.3792298 0.0284625 0.0172909
16 0.6255116 0.6904652 0.0284625 0.0172909
3 0.6255116 0.5659710 0.0284625 0.0172909
5 0.6979616 0.6282181 0.0284625 0.0172909
22 0.7704117 0.3792298 0.0284624 0.0172909
8 0.5517678 0.3792298 0.0284625 0.0172909
13 0.6979616 0.3792298 0.0284625 0.0172909
19 0.4081615 0.5659710 0.0284625 0.0172909
30 0.6255116 0.5037240 0.0284625 0.0172909
18 0.4806116 0.5659710 0.0284625 0.0172909
2 0.4806116 0.5037240 0.0284625 0.0172909
27 0.3357115 0.6282181 0.0284625 0.0172909
22 0.4806116 0.4414768 0.0284625 0.0172909
10 0.4081615 0.4414768 0.0284625 0.0172909
20 0.4806116 0.3792298 0.0284625 0.0172909
30 0.6255116 0.4414768 0.0284625 0.0172909
15 0.3357115 0.5037240 0.0284625 0.0172909
14 0.6979616 0.4414768 0.0284625 0.0172909
8 0.6255116 0.3792298 0.0284625 0.0172909
15 0.6979616 0.5037240 0.0284625 0.0172909
