21 0.3558255 0.6144808 0.0281326 0.0166402
22 0.2842153 0.3748629 0.0281326 0.0166401
32 0.5009641 0.4397595 0.5178952 0.4259873
34 0.4274358 0.3743083 0.0664952 0.0599045
11 0.4274358 0.3748629 0.0281326 0.0166401
13 0.6422664 0.4946719 0.0281326 0.0166402
3 0.5706562 0.5545763 0.0281326 0.0166401
25 0.7138766 0.4946719 0.0281325 0.0166402
6 0.6422664 0.3149585 0.0281326 0.0166402
9 0.4274358 0.5545763 0.0281326 0.0166401
9 0.7138766 0.3748629 0.0281325 0.0166401
3 0.3558255 0.3149585 0.0281326 0.0166402
4 0.7138766 0.4347674 0.0281325 0.0166402
11 0.6422664 0.3748629 0.0281326 0.0166401
22 0.4977672 0.5545763 0.0281326 0.0166401
14 0.2842153 0.4347674 0.0281326 0.0166402
12 0.5706562 0.6144808 0.0281326 0.0166402
16 0.4977672 0.6144808 0.0281326 0.0166402
4 0.5706562 0.4347674 0.0281326 0.0166402
15 0.5706562 0.4946719 0.0281326 0.0166402
27 0.7138766 0.6144808 0.0281325 0.0166402
6 0.4274358 0.4347674 0.0281326 0.0166402
12 0.3558255 0.3748629 0.0281326 0.0166401
4 0.2842153 0.4946719 0.0281326 0.0166402
13 0.3558255 0.5545763 0.0281326 0.0166401
29 0.4977672 0.3748629 0.0281326 0.0166401
9 0.2842153 0.5545763 0.0281326 0.0166401
6 0.6422664 0.5545763 0.0281326 0.0166401
26 0.5706562 0.3748629 0.0281326 0.0166401
22 0.4977672 0.3149585 0.0281326 0.0166402
22 0.5706562 0.3149585 0.0281326 0.0166402
8 0.7138766 0.3149585 0.0281325 0.0166402
31 0.6422664 0.6144808 0.0281326 0.0166402
24 0.6422664 0.4347674 0.0281326 0.0166402
29 0.7138766 0.5545763 0.0281325 0.0166401
24 0.4977672 0.4946719 0.0281326 0.0166402
22 0.4274358 0.6144808 0.0281326 0.0166402
22 0.4274358 0.4946719 0.0281326 0.0166402
3 0.4274358 0.3149585 0.0281326 0.0166402
28 0.2842153 0.6144808 0.0281326 0.0166402
2 0.4977672 0.4347674 0.0281326 0.0166402
4 0.2842153 0.3149585 0.0281326 0.0166402
3 0.3558255 0.4347674 0.0281326 0.0166402
31 0.3558255 0.4946719 0.0281326 0.0166402
