4 0.1598683 0.6094547 0.0264492 0.0164676
6 0.4291688 0.4908884 0.0264492 0.0164676
32 0.2963219 0.5551118 0.4869048 0.4215691
9 0.1598683 0.4908884 0.0264492 0.0164676
34 0.1592672 0.5496226 0.0613140 0.0592831
31 0.1598683 0.5501715 0.0264492 0.0164675
14 0.3618436 0.5501715 0.0264491 0.0164675
21 0.3618436 0.6687379 0.0264491 0.0164676
21 0.0925432 0.7280210 0.0264492 0.0164675
1 0.3618436 0.4908884 0.0264491 0.0164676
13 0.2933163 0.4908884 0.0264492 0.0164676
22 0.2271934 0.6687379 0.0264491 0.0164676
18 0.0925432 0.6094547 0.0264492 0.0164676
27 0.4964938 0.4316052 0.0264492 0.0164675
18 0.4291688 0.5501715 0.0264492 0.0164675
1 0.2933163 0.4316052 0.0264492 0.0164675
30 0.4964938 0.7280210 0.0264492 0.0164675
8 0.4964938 0.4908884 0.0264492 0.0164676
2 0.0925432 0.4316052 0.0264492 0.0164675
4 0.2271934 0.7280210 0.0264491 0.0164675
11 0.2271934 0.6094547 0.0264491 0.0164676
22 0.1598683 0.7280210 0.0264492 0.0164675
9 0.4291688 0.7280210 0.0264492 0.0164675
8 0.4291688 0.4316052 0.0264492 0.0164675
1 0.1598683 0.6687379 0.0264492 0.0164676
12 0.0925432 0.6687379 0.0264492 0.0164676
31 0.2933163 0.7280210 0.0264492 0.0164675
12 0.2271934 0.4316052 0.0264491 0.0164675
27 0.2271934 0.4908884 0.0264491 0.0164676
13 0.2933163 0.6687379 0.0264492 0.0164676
17 0.3618436 0.6094547 0.0264491 0.0164676
18 0.2933163 0.5501715 0.0264492 0.0164675
11 0.2933163 0.6094547 0.0264492 0.0164676
24 0.2271934 0.5501715 0.0264491 0.0164675
2 0.3618436 0.7280210 0.0264491 0.0164675
7 0.4291688 0.6687379 0.0264492 0.0164676
26 0.4964938 0.5501715 0.0264492 0.0164675
9 0.4291688 0.6094547 0.0264492 0.0164676
7 0.0925432 0.5501715 0.0264492 0.0164675
14 0.4964938 0.6687379 0.0264492 0.0164676
31 0.3618436 0.4316052 0.0264491 0.0164675
13 0.0925432 0.4908884 0.0264492 0.0164676
14 0.1598683 0.4316052 0.0264492 0.0164675
31 0.4964938 0.6094547 0.0264492 0.0164676
