25 0.3729179 0.3259456 0.0275501 0.0168120
3 0.7936835 0.6285617 0.0275502 0.0168120
32 0.5851791 0.4520357 0.5071729 0.4303875
21 0.7235559 0.3864688 0.0275501 0.0168120
26 0.7936835 0.3864688 0.0275502 0.0168120
34 0.5131731 0.6280014 0.0651185 0.0605233
14 0.5131731 0.6285617 0.0275501 0.0168120
21 0.6534283 0.6285617 0.0275501 0.0168120
10 0.3729179 0.5075153 0.0275501 0.0168120
17 0.3729179 0.3864688 0.0275501 0.0168120
17 0.7936835 0.4469920 0.0275502 0.0168120
14 0.3729179 0.6285617 0.0275501 0.0168120
30 0.7936835 0.3259456 0.0275502 0.0168120
17 0.4430455 0.5680385 0.0275502 0.0168121
27 0.7235559 0.6285617 0.0275501 0.0168120
4 0.7235559 0.4469920 0.0275501 0.0168120
13 0.3729179 0.5680385 0.0275501 0.0168121
10 0.6534283 0.5075153 0.0275501 0.0168120
12 0.4430455 0.6285617 0.0275502 0.0168120
13 0.5820485 0.4469920 0.0275501 0.0168120
9 0.5131731 0.3259456 0.0275501 0.0168120
20 0.5820485 0.5680385 0.0275501 0.0168121
4 0.5820485 0.5075153 0.0275501 0.0168120
22 0.6534283 0.5680385 0.0275501 0.0168121
12 0.7235559 0.3259456 0.0275501 0.0168120
15 0.4430455 0.3864688 0.0275502 0.0168120
3 0.5131731 0.4469920 0.0275501 0.0168120
4 0.5820485 0.3259456 0.0275501 0.0168120
8 0.4430455 0.5075153 0.0275502 0.0168120
9 0.7936835 0.5680385 0.0275502 0.0168121
5 0.6534283 0.3864688 0.0275501 0.0168120
4 0.6534283 0.3259456 0.0275501 0.0168120
16 0.5131731 0.3864688 0.0275501 0.0168120
12 0.5820485 0.3864688 0.0275501 0.0168120
17 0.4430455 0.3259456 0.0275502 0.0168120
25 0.5131731 0.5680385 0.0275501 0.0168121
14 0.7235559 0.5075153 0.0275501 0.0168120
18 0.3729179 0.4469920 0.0275501 0.0168120
21 0.6534283 0.4469920 0.0275501 0.0168120
29 0.5820485 0.6285617 0.0275501 0.0168120
13 0.4430455 0.4469920 0.0275502 0.0168120
24 0.7936835 0.5075153 0.0275502 0.0168120
3 0.5131731 0.5075153 0.0275501 0.0168120
11 0.7235559 0.5680385 0.0275501 0.0168121
