7 0.5723460 0.3052220 0.0271692 0.0173557
12 0.2265569 0.5551444 0.0271692 0.0173557
32 0.3667249 0.4353899 0.5001592 0.4443064
4 0.1573991 0.3052220 0.0271691 0.0173557
13 0.2265569 0.4301832 0.0271692 0.0173557
34 0.4334128 0.4920853 0.0654530 0.0624806
4 0.4340303 0.4926638 0.0271692 0.0173558
3 0.5031881 0.6176250 0.0271692 0.0173557
22 0.2265569 0.3677026 0.0271692 0.0173557
12 0.5723460 0.5551444 0.0271692 0.0173557
30 0.4340303 0.3052220 0.0271692 0.0173557
14 0.1573991 0.6176250 0.0271691 0.0173557
2 0.2957147 0.4926638 0.0271691 0.0173558
27 0.2957147 0.5551444 0.0271691 0.0173557
7 0.2957147 0.6176250 0.0271691 0.0173557
2 0.2265569 0.4926638 0.0271692 0.0173558
25 0.2265569 0.6176250 0.0271692 0.0173557
29 0.5723460 0.4926638 0.0271692 0.0173558
8 0.5031881 0.3052220 0.0271692 0.0173557
31 0.5031881 0.4301832 0.0271692 0.0173557
3 0.2957147 0.3677026 0.0271691 0.0173557
4 0.4340303 0.3677026 0.0271692 0.0173557
11 0.4340303 0.6176250 0.0271692 0.0173557
17 0.3636375 0.6176250 0.0271692 0.0173557
5 0.2957147 0.3052220 0.0271691 0.0173557
30 0.5723460 0.3677026 0.0271692 0.0173557
8 0.3636375 0.5551444 0.0271692 0.0173557
31 0.5031881 0.4926638 0.0271692 0.0173558
1 0.5723460 0.4301832 0.0271692 0.0173557
16 0.1573991 0.4301832 0.0271691 0.0173557
10 0.3636375 0.4926638 0.0271692 0.0173558
11 0.3636375 0.3052220 0.0271692 0.0173557
5 0.5031881 0.3677026 0.0271692 0.0173557
10 0.2957147 0.4301832 0.0271691 0.0173557
10 0.2265569 0.3052220 0.0271692 0.0173557
14 0.3636375 0.3677026 0.0271692 0.0173557
16 0.1573991 0.4926638 0.0271691 0.0173558
14 0.3636375 0.4301832 0.0271692 0.0173557
22 0.5031881 0.5551444 0.0271692 0.0173557
26 0.1573991 0.3677026 0.0271691 0.0173557
9 0.4340303 0.5551444 0.0271692 0.0173557
17 0.4340303 0.4301832 0.0271692 0.0173557
27 0.5723460 0.6176250 0.0271692 0.0173557
31 0.1573991 0.5551444 0.0271691 0.0173557
