19 0.4484769 0.7631259 0.0268277 0.0162535
24 0.1753218 0.6461003 0.0268277 0.0162536
32 0.3137285 0.5924636 0.4938741 0.4160912
26 0.3801881 0.4705619 0.0268277 0.0162536
1 0.3106799 0.5290746 0.0268277 0.0162536
33 0.4478671 0.5285329 0.0621915 0.0585128
10 0.4484769 0.5290746 0.0268277 0.0162536
17 0.3106799 0.5875875 0.0268277 0.0162535
25 0.5167656 0.7631259 0.0268277 0.0162535
18 0.3801881 0.5875875 0.0268277 0.0162535
19 0.3801881 0.7631259 0.0268277 0.0162535
14 0.4484769 0.6461003 0.0268277 0.0162536
13 0.3801881 0.5290746 0.0268277 0.0162536
11 0.4484769 0.7046132 0.0268277 0.0162536
16 0.5167656 0.6461003 0.0268277 0.0162536
27 0.3106799 0.7046132 0.0268277 0.0162536
2 0.1070330 0.7046132 0.0268277 0.0162536
7 0.1753218 0.4705619 0.0268277 0.0162536
20 0.2436106 0.7631259 0.0268277 0.0162535
16 0.2436106 0.5875875 0.0268277 0.0162535
14 0.5167656 0.7046132 0.0268277 0.0162536
17 0.1753218 0.5290746 0.0268277 0.0162536
21 0.2436106 0.7046132 0.0268277 0.0162536
11 0.3106799 0.6461003 0.0268277 0.0162536
12 0.1753218 0.5875875 0.0268277 0.0162535
28 0.5167656 0.5290746 0.0268277 0.0162536
31 0.1753218 0.7631259 0.0268277 0.0162535
8 0.3106799 0.4705619 0.0268277 0.0162536
26 0.3106799 0.7631259 0.0268277 0.0162535
10 0.1070330 0.6461003 0.0268277 0.0162536
10 0.5167656 0.5875875 0.0268277 0.0162535
5 0.3801881 0.7046132 0.0268277 0.0162536
13 0.1070330 0.4705619 0.0268277 0.0162536
18 0.2436106 0.5290746 0.0268277 0.0162536
10 0.2436106 0.6461003 0.0268277 0.0162536
24 0.5167656 0.4705619 0.0268277 0.0162536
28 0.1753218 0.7046132 0.0268277 0.0162536
1 0.1070330 0.5875875 0.0268277 0.0162535
31 0.4484769 0.5875875 0.0268277 0.0162535
29 0.4484769 0.4705619 0.0268277 0.0162536
8 0.3801881 0.6461003 0.0268277 0.0162536
5 0.1070330 0.7631259 0.0268277 0.0162535
30 0.1070330 0.5290746 0.0268277 0.0162536
22 0.2436106 0.4705619 0.0268277 0.0162536
