10 0.6456602 0.3995882 0.0272400 0.0164775
22 0.7855746 0.3995882 0.0272399 0.0164775
32 0.6487557 0.5231695 0.5014632 0.4218241
18 0.7855746 0.4589072 0.0272399 0.0164775
33 0.5076031 0.5176770 0.0631472 0.0593190
24 0.5082222 0.5182263 0.0272400 0.0164775
29 0.7855746 0.5182263 0.0272399 0.0164775
21 0.5775603 0.6368643 0.0272400 0.0164775
18 0.6456602 0.4589072 0.0272400 0.0164775
7 0.5775603 0.4589072 0.0272400 0.0164775
25 0.7162366 0.5182263 0.0272400 0.0164775
21 0.4388841 0.6368643 0.0272400 0.0164775
10 0.5082222 0.3995882 0.0272400 0.0164775
8 0.5775603 0.6961833 0.0272400 0.0164775
4 0.4388841 0.6961833 0.0272400 0.0164775
15 0.4388841 0.5182263 0.0272400 0.0164775
26 0.6456602 0.6368643 0.0272400 0.0164775
25 0.7855746 0.6961833 0.0272399 0.0164775
11 0.8549129 0.3995882 0.0272399 0.0164775
31 0.7855746 0.6368643 0.0272399 0.0164775
5 0.5775603 0.5775453 0.0272400 0.0164775
14 0.8549129 0.6961833 0.0272399 0.0164775
27 0.8549129 0.4589072 0.0272399 0.0164775
14 0.5775603 0.5182263 0.0272400 0.0164775
17 0.6456602 0.5182263 0.0272400 0.0164775
7 0.7855746 0.5775453 0.0272399 0.0164775
4 0.6456602 0.6961833 0.0272400 0.0164775
31 0.5082222 0.4589072 0.0272400 0.0164775
25 0.7162366 0.6961833 0.0272400 0.0164775
20 0.8549129 0.5775453 0.0272399 0.0164775
29 0.7162366 0.3995882 0.0272400 0.0164775
28 0.5082222 0.6961833 0.0272400 0.0164775
18 0.8549129 0.6368643 0.0272399 0.0164775
13 0.5082222 0.6368643 0.0272400 0.0164775
20 0.4388841 0.4589072 0.0272400 0.0164775
4 0.6456602 0.5775453 0.0272400 0.0164775
31 0.7162366 0.6368643 0.0272400 0.0164775
20 0.4388841 0.5775453 0.0272400 0.0164775
30 0.5775603 0.3995882 0.0272400 0.0164775
24 0.8549129 0.5182263 0.0272399 0.0164775
11 0.7162366 0.5775453 0.0272400 0.0164775
1 0.5082222 0.5775453 0.0272400 0.0164775
25 0.7162366 0.4589072 0.0272400 0.0164775
18 0.4388841 0.3995882 0.0272400 0.0164775
