28 0.5502290 0.6163452 0.0265341 0.0159814
16 0.4826876 0.5588124 0.0265341 0.0159813
32 0.4169554 0.4485413 0.4884687 0.4091219
20 0.4139402 0.3862141 0.0265341 0.0159813
8 0.4826876 0.3862141 0.0265341 0.0159813
33 0.5496259 0.5007469 0.0615108 0.0575328
8 0.5502290 0.5012796 0.0265341 0.0159813
28 0.3476049 0.3286813 0.0265341 0.0159813
6 0.4826876 0.6163452 0.0265341 0.0159814
10 0.6177703 0.4437469 0.0265341 0.0159813
8 0.4139402 0.4437469 0.0265341 0.0159813
16 0.5502290 0.3286813 0.0265341 0.0159813
4 0.6177703 0.6163452 0.0265341 0.0159814
29 0.4826876 0.4437469 0.0265341 0.0159813
13 0.5502290 0.3862141 0.0265341 0.0159813
25 0.2125222 0.6163452 0.0265341 0.0159814
31 0.6177703 0.5588124 0.0265341 0.0159813
20 0.3476049 0.4437469 0.0265341 0.0159813
6 0.6177703 0.3286813 0.0265341 0.0159813
8 0.3476049 0.5012796 0.0265341 0.0159813
6 0.4139402 0.6163452 0.0265341 0.0159814
31 0.3476049 0.3862141 0.0265341 0.0159813
5 0.2800636 0.5012796 0.0265341 0.0159813
30 0.2800636 0.6163452 0.0265341 0.0159814
4 0.6177703 0.3862141 0.0265341 0.0159813
28 0.2125222 0.3862141 0.0265341 0.0159813
28 0.2125222 0.3286813 0.0265341 0.0159813
1 0.3476049 0.5588124 0.0265341 0.0159813
10 0.5502290 0.4437469 0.0265341 0.0159813
17 0.2800636 0.4437469 0.0265341 0.0159813
7 0.2800636 0.5588124 0.0265341 0.0159813
19 0.6177703 0.5012796 0.0265341 0.0159813
3 0.4826876 0.5012796 0.0265341 0.0159813
18 0.4139402 0.5012796 0.0265341 0.0159813
31 0.4139402 0.5588124 0.0265341 0.0159813
30 0.3476049 0.6163452 0.0265341 0.0159814
26 0.2125222 0.5588124 0.0265341 0.0159813
25 0.2800636 0.3862141 0.0265341 0.0159813
30 0.5502290 0.5588124 0.0265341 0.0159813
29 0.2800636 0.3286813 0.0265341 0.0159813
2 0.4826876 0.3286813 0.0265341 0.0159813
25 0.4139402 0.3286813 0.0265341 0.0159813
3 0.2125222 0.5012796 0.0265341 0.0159813
21 0.2125222 0.4437469 0.0265341 0.0159813
