25 0.0337333 0.4080687 0.0282305 0.0163019
20 0.3930311 0.4667555 0.0282306 0.0163019
32 0.2561680 0.4716461 0.5098360 0.4173283
30 0.1774524 0.5254423 0.0282305 0.0163019
33 0.3923895 0.5248990 0.0654435 0.0586868
18 0.3930311 0.5254423 0.0282306 0.0163019
8 0.1055929 0.6428159 0.0282305 0.0163019
28 0.3211715 0.6428159 0.0282306 0.0163019
10 0.1774524 0.5841291 0.0282305 0.0163019
18 0.4648906 0.4080687 0.0282306 0.0163019
24 0.3211715 0.4667555 0.0282306 0.0163019
18 0.3930311 0.6428159 0.0282306 0.0163019
31 0.0337333 0.5841291 0.0282305 0.0163019
6 0.2480288 0.3493820 0.0282305 0.0163019
12 0.0337333 0.3493820 0.0282305 0.0163019
11 0.1055929 0.3493820 0.0282305 0.0163019
2 0.0337333 0.5254423 0.0282305 0.0163019
4 0.0337333 0.6428159 0.0282305 0.0163019
2 0.1055929 0.5254423 0.0282305 0.0163019
13 0.3211715 0.5254423 0.0282306 0.0163019
24 0.2480288 0.5841291 0.0282305 0.0163019
26 0.4648906 0.4667555 0.0282306 0.0163019
10 0.2480288 0.5254423 0.0282305 0.0163019
24 0.1055929 0.5841291 0.0282305 0.0163019
2 0.4648906 0.3493820 0.0282306 0.0163019
15 0.2480288 0.4667555 0.0282305 0.0163019
11 0.0337333 0.4667555 0.0282305 0.0163019
9 0.2480288 0.4080687 0.0282305 0.0163019
3 0.1774524 0.6428159 0.0282305 0.0163019
17 0.1774524 0.3493820 0.0282305 0.0163019
10 0.1774524 0.4667555 0.0282305 0.0163019
25 0.3930311 0.5841291 0.0282306 0.0163019
17 0.4648906 0.5841291 0.0282306 0.0163019
24 0.1774524 0.4080687 0.0282305 0.0163019
19 0.3930311 0.3493820 0.0282306 0.0163019
27 0.4648906 0.6428159 0.0282306 0.0163019
29 0.3211715 0.5841291 0.0282306 0.0163019
17 0.3930311 0.4080687 0.0282306 0.0163019
28 0.2480288 0.6428159 0.0282305 0.0163019
4 0.1055929 0.4080687 0.0282305 0.0163019
17 0.1055929 0.4667555 0.0282305 0.0163019
26 0.4648906 0.5254423 0.0282306 0.0163019
9 0.3211715 0.4080687 0.0282306 0.0163019
3 0.3211715 0.3493820 0.0282306 0.0163019
