19 0.5807593 0.4894181 0.0287392 0.0159367
22 0.2881419 0.3173018 0.0287392 0.0159367
32 0.5095645 0.4368271 0.5290627 0.4079795
7 0.4344506 0.3173018 0.0287392 0.0159367
33 0.5062986 0.3741427 0.0679290 0.0573722
28 0.5062986 0.3746739 0.0287392 0.0159367
6 0.7270680 0.6041624 0.0287392 0.0159367
12 0.2881419 0.5467903 0.0287392 0.0159367
19 0.4344506 0.6041624 0.0287392 0.0159367
31 0.5062986 0.4320460 0.0287392 0.0159367
22 0.7270680 0.4320460 0.0287392 0.0159367
11 0.5062986 0.6041624 0.0287392 0.0159367
1 0.3612962 0.4894181 0.0287392 0.0159367
30 0.2881419 0.4320460 0.0287392 0.0159367
11 0.6539137 0.4894181 0.0287392 0.0159367
25 0.5807593 0.5467903 0.0287392 0.0159367
29 0.5807593 0.3173018 0.0287392 0.0159367
29 0.4344506 0.4320460 0.0287392 0.0159367
8 0.6539137 0.3173018 0.0287392 0.0159367
20 0.3612962 0.5467903 0.0287392 0.0159367
18 0.3612962 0.6041624 0.0287392 0.0159367
30 0.6539137 0.5467903 0.0287392 0.0159367
22 0.3612962 0.3173018 0.0287392 0.0159367
25 0.6539137 0.3746739 0.0287392 0.0159367
17 0.5807593 0.6041624 0.0287392 0.0159367
19 0.2881419 0.4894181 0.0287392 0.0159367
24 0.7270680 0.3746739 0.0287392 0.0159367
30 0.6539137 0.6041624 0.0287392 0.0159367
27 0.6539137 0.4320460 0.0287392 0.0159367
7 0.5807593 0.4320460 0.0287392 0.0159367
12 0.5062986 0.4894181 0.0287392 0.0159367
29 0.5062986 0.3173018 0.0287392 0.0159367
14 0.3612962 0.3746739 0.0287392 0.0159367
27 0.3612962 0.4320460 0.0287392 0.0159367
15 0.4344506 0.3746739 0.0287392 0.0159367
18 0.2881419 0.3746739 0.0287392 0.0159367
25 0.2881419 0.6041624 0.0287392 0.0159367
14 0.4344506 0.5467903 0.0287392 0.0159367
20 0.7270680 0.5467903 0.0287392 0.0159367
11 0.4344506 0.4894181 0.0287392 0.0159367
25 0.7270680 0.4894181 0.0287392 0.0159367
24 0.7270680 0.3173018 0.0287392 0.0159367
21 0.5807593 0.3746739 0.0287392 0.0159367
30 0.5062986 0.5467903 0.0287392 0.0159367
