24 0.8541467 0.3528514 0.0265659 0.0171249
21 0.5836578 0.4145010 0.0265659 0.0171249
32 0.6530914 0.4812880 0.4890538 0.4383970
33 0.7859207 0.3522806 0.0615845 0.0616496
26 0.7865245 0.3528514 0.0265659 0.0171249
13 0.5160355 0.5378001 0.0265659 0.0171249
27 0.7189023 0.5994497 0.0265659 0.0171249
9 0.5160355 0.3528514 0.0265659 0.0171249
2 0.7865245 0.4761505 0.0265659 0.0171249
5 0.8541467 0.4761505 0.0265659 0.0171249
1 0.4484132 0.5994497 0.0265659 0.0171249
31 0.7865245 0.5994497 0.0265659 0.0171249
30 0.5160355 0.6610993 0.0265659 0.0171249
7 0.6500725 0.5378001 0.0265659 0.0171249
15 0.5160355 0.4145010 0.0265659 0.0171249
31 0.4484132 0.3528514 0.0265659 0.0171249
1 0.6500725 0.4145010 0.0265659 0.0171249
8 0.8541467 0.6610993 0.0265659 0.0171249
11 0.7865245 0.5378001 0.0265659 0.0171249
4 0.8541467 0.5378001 0.0265659 0.0171249
10 0.6500725 0.3528514 0.0265659 0.0171249
1 0.5836578 0.5378001 0.0265659 0.0171249
31 0.7189023 0.3528514 0.0265659 0.0171249
28 0.6500725 0.6610993 0.0265659 0.0171249
16 0.7189023 0.6610993 0.0265659 0.0171249
16 0.8541467 0.4145010 0.0265659 0.0171249
5 0.5836578 0.3528514 0.0265659 0.0171249
18 0.5160355 0.4761505 0.0265659 0.0171249
7 0.4484132 0.4761505 0.0265659 0.0171249
4 0.7865245 0.4145010 0.0265659 0.0171249
9 0.4484132 0.6610993 0.0265659 0.0171249
31 0.5836578 0.6610993 0.0265659 0.0171249
5 0.8541467 0.5994497 0.0265659 0.0171249
4 0.6500725 0.4761505 0.0265659 0.0171249
25 0.7189023 0.4145010 0.0265659 0.0171249
26 0.7865245 0.6610993 0.0265659 0.0171249
4 0.7189023 0.4761505 0.0265659 0.0171249
16 0.6500725 0.5994497 0.0265659 0.0171249
4 0.5160355 0.5994497 0.0265659 0.0171249
13 0.5836578 0.5994497 0.0265659 0.0171249
20 0.7189023 0.5378001 0.0265659 0.0171249
28 0.5836578 0.4761505 0.0265659 0.0171249
3 0.4484132 0.4145010 0.0265659 0.0171249
20 0.4484132 0.5378001 0.0265659 0.0171249
