11 0.2158803 0.3830582 0.0276539 0.0168871
3 0.4974473 0.5046449 0.0276539 0.0168870
32 0.4289410 0.4489177 0.5090832 0.4323084
20 0.2862720 0.3830582 0.0276539 0.0168871
21 0.2158803 0.5046449 0.0276539 0.0168870
33 0.2158803 0.5648754 0.0653638 0.0607933
24 0.2158803 0.5654383 0.0276539 0.0168870
21 0.3566638 0.4438516 0.0276539 0.0168871
11 0.5678390 0.5046449 0.0276539 0.0168870
17 0.4974473 0.6262317 0.0276539 0.0168871
13 0.2862720 0.5046449 0.0276539 0.0168870
29 0.6382307 0.4438516 0.0276538 0.0168871
11 0.4257985 0.5046449 0.0276539 0.0168870
20 0.6382307 0.5654383 0.0276538 0.0168870
8 0.4257985 0.4438516 0.0276539 0.0168871
29 0.6382307 0.3830582 0.0276538 0.0168871
1 0.4974473 0.5654383 0.0276539 0.0168870
29 0.2862720 0.5654383 0.0276539 0.0168870
15 0.3566638 0.6262317 0.0276539 0.0168871
29 0.4257985 0.5654383 0.0276539 0.0168870
8 0.4974473 0.3222648 0.0276539 0.0168870
17 0.2158803 0.3222648 0.0276539 0.0168870
19 0.2862720 0.3222648 0.0276539 0.0168870
27 0.6382307 0.3222648 0.0276538 0.0168870
26 0.3566638 0.5046449 0.0276539 0.0168870
12 0.2158803 0.6262317 0.0276539 0.0168871
5 0.4257985 0.3222648 0.0276539 0.0168870
30 0.4974473 0.4438516 0.0276539 0.0168871
18 0.3566638 0.3830582 0.0276539 0.0168871
25 0.6382307 0.5046449 0.0276538 0.0168870
10 0.5678390 0.5654383 0.0276539 0.0168870
22 0.4257985 0.3830582 0.0276539 0.0168871
22 0.5678390 0.4438516 0.0276539 0.0168871
4 0.4257985 0.6262317 0.0276539 0.0168871
7 0.3566638 0.3222648 0.0276539 0.0168870
2 0.2158803 0.4438516 0.0276539 0.0168871
15 0.5678390 0.3830582 0.0276539 0.0168871
5 0.3566638 0.5654383 0.0276539 0.0168870
2 0.2862720 0.4438516 0.0276539 0.0168871
5 0.5678390 0.3222648 0.0276539 0.0168870
24 0.2862720 0.6262317 0.0276539 0.0168871
29 0.5678390 0.6262317 0.0276539 0.0168871
14 0.4974473 0.3830582 0.0276539 0.0168871
21 0.6382307 0.6262317 0.0276538 0.0168871
