6 0.2861888 0.5047305 0.0285026 0.0172347
10 0.1410849 0.8149547 0.0285026 0.0172346
32 0.3606841 0.6339905 0.5247060 0.4412076
34 0.2129890 0.6282457 0.0660741 0.0620449
6 0.2136368 0.6288202 0.0285025 0.0172347
20 0.5038446 0.7529098 0.0285025 0.0172347
18 0.5038446 0.8149547 0.0285025 0.0172346
29 0.3574451 0.7529098 0.0285025 0.0172347
21 0.4312926 0.8149547 0.0285025 0.0172346
19 0.5763966 0.6908650 0.0285026 0.0172347
27 0.2136368 0.8149547 0.0285025 0.0172346
18 0.5763966 0.5047305 0.0285026 0.0172347
2 0.2136368 0.6908650 0.0285025 0.0172347
20 0.3574451 0.5667753 0.0285025 0.0172346
18 0.5038446 0.5667753 0.0285025 0.0172346
10 0.2861888 0.6908650 0.0285026 0.0172347
31 0.5763966 0.8149547 0.0285026 0.0172346
30 0.4312926 0.6908650 0.0285025 0.0172347
15 0.3574451 0.6908650 0.0285025 0.0172347
4 0.1410849 0.6908650 0.0285026 0.0172347
6 0.5038446 0.6908650 0.0285025 0.0172347
18 0.4312926 0.5047305 0.0285025 0.0172347
25 0.2861888 0.5667753 0.0285026 0.0172346
2 0.2136368 0.7529098 0.0285025 0.0172347
29 0.4312926 0.5667753 0.0285025 0.0172346
4 0.2861888 0.7529098 0.0285026 0.0172347
9 0.5763966 0.7529098 0.0285026 0.0172347
5 0.1410849 0.5047305 0.0285026 0.0172347
30 0.4312926 0.7529098 0.0285025 0.0172347
1 0.3574451 0.5047305 0.0285025 0.0172347
3 0.3574451 0.8149547 0.0285025 0.0172346
26 0.2861888 0.6288202 0.0285026 0.0172347
10 0.1410849 0.5667753 0.0285026 0.0172346
26 0.5763966 0.5667753 0.0285026 0.0172346
14 0.2861888 0.8149547 0.0285026 0.0172346
26 0.5038446 0.5047305 0.0285025 0.0172347
14 0.1410849 0.7529098 0.0285026 0.0172347
6 0.1410849 0.6288202 0.0285026 0.0172347
15 0.3574451 0.6288202 0.0285025 0.0172347
19 0.4312926 0.6288202 0.0285025 0.0172347
13 0.2136368 0.5047305 0.0285025 0.0172347
16 0.2136368 0.5667753 0.0285025 0.0172346
3 0.5038446 0.6288202 0.0285025 0.0172347
12 0.5763966 0.6288202 0.0285026 0.0172347
