12 0.2403400 0.7240154 0.0269093 0.0163171
29 0.5828219 0.6065328 0.0269093 0.0163171
32 0.3791675 0.5526865 0.4953755 0.4177161
6 0.3761096 0.4890501 0.0269093 0.0163170
17 0.3088364 0.5477914 0.0269093 0.0163170
34 0.5828219 0.6647302 0.0636038 0.0587413
13 0.5828219 0.6652741 0.0269093 0.0163171
5 0.5143255 0.7240154 0.0269093 0.0163171
12 0.2403400 0.6652741 0.0269093 0.0163171
14 0.5143255 0.6652741 0.0269093 0.0163171
18 0.5828219 0.5477914 0.0269093 0.0163170
22 0.3761096 0.4303088 0.0269093 0.0163170
3 0.5143255 0.4303088 0.0269093 0.0163170
19 0.5143255 0.6065328 0.0269093 0.0163171
31 0.2403400 0.4303088 0.0269093 0.0163170
29 0.4458292 0.7240154 0.0269093 0.0163171
15 0.1718436 0.6652741 0.0269093 0.0163171
21 0.3088364 0.6652741 0.0269093 0.0163171
19 0.1718436 0.7240154 0.0269093 0.0163171
13 0.3761096 0.5477914 0.0269093 0.0163170
27 0.4458292 0.6065328 0.0269093 0.0163171
12 0.4458292 0.4890501 0.0269093 0.0163170
6 0.3088364 0.4303088 0.0269093 0.0163170
9 0.3761096 0.7240154 0.0269093 0.0163171
6 0.1718436 0.4303088 0.0269093 0.0163170
21 0.4458292 0.4303088 0.0269093 0.0163170
26 0.3761096 0.6652741 0.0269093 0.0163171
4 0.5143255 0.5477914 0.0269093 0.0163170
12 0.3761096 0.6065328 0.0269093 0.0163171
27 0.4458292 0.5477914 0.0269093 0.0163170
25 0.1718436 0.4890501 0.0269093 0.0163170
21 0.5143255 0.4890501 0.0269093 0.0163170
24 0.3088364 0.7240154 0.0269093 0.0163171
30 0.2403400 0.6065328 0.0269093 0.0163171
19 0.3088364 0.4890501 0.0269093 0.0163170
3 0.1718436 0.6065328 0.0269093 0.0163171
15 0.1718436 0.5477914 0.0269093 0.0163170
12 0.3088364 0.6065328 0.0269093 0.0163171
15 0.2403400 0.5477914 0.0269093 0.0163170
6 0.5828219 0.4303088 0.0269093 0.0163170
27 0.5828219 0.7240154 0.0269093 0.0163171
24 0.5828219 0.4890501 0.0269093 0.0163170
3 0.4458292 0.6652741 0.0269093 0.0163171
29 0.2403400 0.4890501 0.0269093 0.0163170
