3 0.2206019 0.6588595 0.0273834 0.0174650
27 0.1508987 0.6588595 0.0273834 0.0174650
32 0.3618754 0.6012248 0.5041036 0.4471056
6 0.1508987 0.4702368 0.0273834 0.0174650
33 0.2903051 0.7211515 0.0647244 0.0628742
30 0.2903051 0.7217337 0.0273834 0.0174650
23 0.4297115 0.7846079 0.0273834 0.0174650
9 0.1508987 0.5331110 0.0273834 0.0174651
7 0.2903051 0.7846079 0.0273834 0.0174650
14 0.3587637 0.7217337 0.0273834 0.0174650
7 0.4297115 0.5331110 0.0273834 0.0174651
16 0.4994147 0.7846079 0.0273834 0.0174650
9 0.4297115 0.6588595 0.0273834 0.0174650
8 0.2206019 0.7846079 0.0273834 0.0174650
18 0.2903051 0.6588595 0.0273834 0.0174650
25 0.4994147 0.5331110 0.0273834 0.0174651
24 0.2206019 0.5331110 0.0273834 0.0174651
1 0.2903051 0.4702368 0.0273834 0.0174650
17 0.4994147 0.6588595 0.0273834 0.0174650
5 0.5691180 0.6588595 0.0273834 0.0174650
13 0.3587637 0.7846079 0.0273834 0.0174650
1 0.4297115 0.7217337 0.0273834 0.0174650
22 0.2206019 0.4702368 0.0273834 0.0174650
13 0.4297115 0.5959852 0.0273834 0.0174650
29 0.2206019 0.7217337 0.0273834 0.0174650
31 0.5691180 0.7846079 0.0273834 0.0174650
7 0.5691180 0.5959852 0.0273834 0.0174650
24 0.2903051 0.5331110 0.0273834 0.0174651
22 0.2206019 0.5959852 0.0273834 0.0174650
4 0.1508987 0.7217337 0.0273834 0.0174650
27 0.4994147 0.7217337 0.0273834 0.0174650
12 0.4994147 0.5959852 0.0273834 0.0174650
8 0.2903051 0.5959852 0.0273834 0.0174650
6 0.1508987 0.5959852 0.0273834 0.0174650
12 0.5691180 0.4702368 0.0273834 0.0174650
10 0.4994147 0.4702368 0.0273834 0.0174650
19 0.4297115 0.4702368 0.0273834 0.0174650
17 0.3587637 0.5959852 0.0273834 0.0174650
7 0.5691180 0.7217337 0.0273834 0.0174650
4 0.1508987 0.7846079 0.0273834 0.0174650
8 0.3587637 0.6588595 0.0273834 0.0174650
25 0.3587637 0.5331110 0.0273834 0.0174651
12 0.3587637 0.4702368 0.0273834 0.0174650
9 0.5691180 0.5331110 0.0273834 0.0174651
