25 0.3869827 0.3945251 0.0285171 0.0165086
11 0.6773389 0.3350942 0.0285172 0.0165086
32 0.6066943 0.3400468 0.5249745 0.4226198
3 0.5321608 0.2162324 0.0285171 0.0165086
34 0.8225171 0.3345439 0.0674042 0.0594309
6 0.8225171 0.3350942 0.0285172 0.0165086
13 0.6034537 0.5133869 0.0285171 0.0165086
9 0.7499280 0.2756633 0.0285172 0.0165086
20 0.7499280 0.3350942 0.0285172 0.0165086
13 0.8225171 0.5133869 0.0285172 0.0165086
29 0.4595718 0.2162324 0.0285172 0.0165086
10 0.6034537 0.2756633 0.0285171 0.0165086
13 0.7499280 0.3945251 0.0285172 0.0165086
11 0.8225171 0.2162324 0.0285172 0.0165086
18 0.3869827 0.2162324 0.0285171 0.0165086
17 0.6034537 0.4539560 0.0285171 0.0165087
26 0.8225171 0.4539560 0.0285172 0.0165087
12 0.4595718 0.3945251 0.0285172 0.0165086
26 0.5321608 0.2756633 0.0285171 0.0165086
24 0.6034537 0.2162324 0.0285171 0.0165086
27 0.8225171 0.3945251 0.0285172 0.0165086
27 0.5321608 0.4539560 0.0285171 0.0165087
5 0.6034537 0.3945251 0.0285171 0.0165086
8 0.6773389 0.5133869 0.0285172 0.0165086
4 0.7499280 0.5133869 0.0285172 0.0165086
15 0.6773389 0.3945251 0.0285172 0.0165086
10 0.6773389 0.4539560 0.0285172 0.0165087
12 0.5321608 0.5133869 0.0285171 0.0165086
2 0.4595718 0.2756633 0.0285172 0.0165086
28 0.4595718 0.3350942 0.0285172 0.0165086
25 0.6773389 0.2756633 0.0285172 0.0165086
21 0.3869827 0.2756633 0.0285171 0.0165086
20 0.5321608 0.3350942 0.0285171 0.0165086
2 0.4595718 0.5133869 0.0285172 0.0165086
31 0.6034537 0.3350942 0.0285171 0.0165086
1 0.7499280 0.2162324 0.0285172 0.0165086
26 0.3869827 0.4539560 0.0285171 0.0165087
11 0.5321608 0.3945251 0.0285171 0.0165086
30 0.7499280 0.4539560 0.0285172 0.0165087
12 0.8225171 0.2756633 0.0285172 0.0165086
27 0.6773389 0.2162324 0.0285172 0.0165086
7 0.3869827 0.5133869 0.0285171 0.0165086
6 0.3869827 0.3350942 0.0285171 0.0165086
19 0.4595718 0.4539560 0.0285172 0.0165087
