10 0.3214340 0.6243896 0.0267460 0.0167753
17 0.5256764 0.6847807 0.0267461 0.0167753
32 0.3913384 0.5690312 0.4923701 0.4294475
4 0.2533532 0.4432165 0.0267460 0.0167753
34 0.2527453 0.5634394 0.0620022 0.0603910
3 0.2533532 0.5639986 0.0267460 0.0167752
6 0.5256764 0.4432165 0.0267461 0.0167753
6 0.4575956 0.5639986 0.0267460 0.0167752
11 0.2533532 0.6847807 0.0267460 0.0167753
7 0.3882991 0.5036075 0.0267460 0.0167753
16 0.1852724 0.5036075 0.0267460 0.0167753
31 0.3214340 0.4432165 0.0267460 0.0167753
20 0.3882991 0.7451717 0.0267460 0.0167753
26 0.1852724 0.6847807 0.0267460 0.0167753
9 0.4575956 0.6847807 0.0267460 0.0167753
17 0.2533532 0.6243896 0.0267460 0.0167753
28 0.3882991 0.6243896 0.0267460 0.0167753
9 0.5937572 0.6243896 0.0267460 0.0167753
4 0.3214340 0.5036075 0.0267460 0.0167753
27 0.1852724 0.4432165 0.0267460 0.0167753
8 0.3882991 0.6847807 0.0267460 0.0167753
6 0.5256764 0.5036075 0.0267461 0.0167753
26 0.5256764 0.7451717 0.0267461 0.0167753
17 0.5937572 0.7451717 0.0267460 0.0167753
18 0.5256764 0.5639986 0.0267461 0.0167752
28 0.1852724 0.6243896 0.0267460 0.0167753
2 0.1852724 0.7451717 0.0267460 0.0167753
4 0.4575956 0.4432165 0.0267460 0.0167753
22 0.4575956 0.6243896 0.0267460 0.0167753
3 0.5256764 0.6243896 0.0267461 0.0167753
18 0.4575956 0.7451717 0.0267460 0.0167753
1 0.3882991 0.4432165 0.0267460 0.0167753
29 0.5937572 0.6847807 0.0267460 0.0167753
12 0.5937572 0.5639986 0.0267460 0.0167752
9 0.3214340 0.6847807 0.0267460 0.0167753
9 0.2533532 0.7451717 0.0267460 0.0167753
19 0.4575956 0.5036075 0.0267460 0.0167753
11 0.3214340 0.5639986 0.0267460 0.0167752
5 0.2533532 0.5036075 0.0267460 0.0167753
2 0.3214340 0.7451717 0.0267460 0.0167753
20 0.5937572 0.5036075 0.0267460 0.0167753
15 0.1852724 0.5639986 0.0267460 0.0167752
25 0.3882991 0.5639986 0.0267460 0.0167752
16 0.5937572 0.4432165 0.0267460 0.0167753
