9 0.2148180 0.5301939 0.0268809 0.0167293
5 0.2148180 0.3495177 0.0268809 0.0167293
32 0.4219231 0.4147619 0.4948531 0.4282693
33 0.6253627 0.4694108 0.0635366 0.0602254
15 0.6253627 0.4699685 0.0268809 0.0167293
20 0.4188685 0.5301939 0.0268810 0.0167293
13 0.6253627 0.3495177 0.0268809 0.0167293
11 0.2832421 0.4699685 0.0268809 0.0167293
12 0.3516662 0.5301939 0.0268809 0.0167293
15 0.2148180 0.5904192 0.0268809 0.0167293
24 0.2832421 0.5301939 0.0268809 0.0167293
17 0.2832421 0.2892923 0.0268809 0.0167293
6 0.6253627 0.5301939 0.0268809 0.0167293
5 0.2832421 0.5904192 0.0268809 0.0167293
5 0.3516662 0.4699685 0.0268809 0.0167293
15 0.4885145 0.2892923 0.0268809 0.0167293
24 0.5569386 0.5904192 0.0268809 0.0167293
27 0.3516662 0.5904192 0.0268809 0.0167293
27 0.4188685 0.3495177 0.0268810 0.0167293
19 0.5569386 0.5301939 0.0268809 0.0167293
14 0.2832421 0.3495177 0.0268809 0.0167293
1 0.3516662 0.4097431 0.0268809 0.0167293
9 0.4885145 0.3495177 0.0268809 0.0167293
3 0.5569386 0.2892923 0.0268809 0.0167293
16 0.4885145 0.5301939 0.0268809 0.0167293
31 0.5569386 0.3495177 0.0268809 0.0167293
15 0.2148180 0.4097431 0.0268809 0.0167293
31 0.6253627 0.5904192 0.0268809 0.0167293
5 0.4188685 0.2892923 0.0268810 0.0167293
26 0.4188685 0.5904192 0.0268810 0.0167293
17 0.2148180 0.2892923 0.0268809 0.0167293
11 0.5569386 0.4097431 0.0268809 0.0167293
22 0.2148180 0.4699685 0.0268809 0.0167293
28 0.4885145 0.5904192 0.0268809 0.0167293
16 0.3516662 0.2892923 0.0268809 0.0167293
15 0.6253627 0.4097431 0.0268809 0.0167293
20 0.2832421 0.4097431 0.0268809 0.0167293
31 0.4885145 0.4699685 0.0268809 0.0167293
12 0.4885145 0.4097431 0.0268809 0.0167293
11 0.3516662 0.3495177 0.0268809 0.0167293
29 0.4188685 0.4097431 0.0268810 0.0167293
21 0.6253627 0.2892923 0.0268809 0.0167293
6 0.5569386 0.4699685 0.0268809 0.0167293
21 0.4188685 0.4699685 0.0268810 0.0167293
