9 0.5031367 0.4140428 0.0287503 0.0171392
16 0.5031367 0.5991459 0.0287503 0.0171391
32 0.2855495 0.4191845 0.5292663 0.4387630
17 0.2822824 0.4757438 0.0287503 0.0171391
34 0.2104068 0.5368735 0.0679552 0.0617010
22 0.2104068 0.5374449 0.0287503 0.0171392
2 0.3567718 0.4140428 0.0287503 0.0171392
9 0.4299543 0.3523417 0.0287503 0.0171391
21 0.0640418 0.4140428 0.0287503 0.0171392
24 0.0640418 0.4757438 0.0287503 0.0171391
24 0.3567718 0.2906407 0.0287503 0.0171392
14 0.2822824 0.5374449 0.0287503 0.0171392
3 0.1372243 0.4757438 0.0287503 0.0171391
30 0.2104068 0.4140428 0.0287503 0.0171392
30 0.2822824 0.3523417 0.0287503 0.0171391
21 0.1372243 0.4140428 0.0287503 0.0171392
6 0.1372243 0.5991459 0.0287503 0.0171391
10 0.3567718 0.4757438 0.0287503 0.0171391
6 0.3567718 0.3523417 0.0287503 0.0171391
25 0.5031367 0.3523417 0.0287503 0.0171391
27 0.4299543 0.4140428 0.0287503 0.0171392
16 0.4299543 0.5374449 0.0287503 0.0171392
8 0.2822824 0.2906407 0.0287503 0.0171392
4 0.5031367 0.4757438 0.0287503 0.0171391
8 0.1372243 0.5374449 0.0287503 0.0171392
9 0.3567718 0.5991459 0.0287503 0.0171391
9 0.3567718 0.5374449 0.0287503 0.0171392
6 0.5031367 0.5374449 0.0287503 0.0171392
17 0.2104068 0.2906407 0.0287503 0.0171392
4 0.2822824 0.5991459 0.0287503 0.0171391
11 0.1372243 0.3523417 0.0287503 0.0171391
31 0.2104068 0.3523417 0.0287503 0.0171391
6 0.1372243 0.2906407 0.0287503 0.0171392
31 0.2104068 0.4757438 0.0287503 0.0171391
15 0.5031367 0.2906407 0.0287503 0.0171392
8 0.4299543 0.2906407 0.0287503 0.0171392
15 0.0640418 0.2906407 0.0287503 0.0171392
27 0.4299543 0.5991459 0.0287503 0.0171391
5 0.2822824 0.4140428 0.0287503 0.0171392
25 0.0640418 0.3523417 0.0287503 0.0171391
13 0.0640418 0.5374449 0.0287503 0.0171392
16 0.0640418 0.5991459 0.0287503 0.0171391
2 0.4299543 0.4757438 0.0287503 0.0171391
2 0.2104068 0.5991459 0.0287503 0.0171391
