9 0.3756618 0.3785453 0.0266343 0.0168760
20 0.5124650 0.2570377 0.0266343 0.0168761
32 0.3786884 0.3836081 0.4903124 0.4320269
21 0.4446687 0.4392991 0.0266343 0.0168760
34 0.5802612 0.5602441 0.0629537 0.0607538
12 0.5802612 0.5608066 0.0266343 0.0168760
25 0.3756618 0.2570377 0.0266343 0.0168761
17 0.4446687 0.2570377 0.0266343 0.0168761
6 0.4446687 0.5000529 0.0266343 0.0168760
22 0.1734836 0.2570377 0.0266343 0.0168761
12 0.2412799 0.3177915 0.0266343 0.0168760
11 0.5124650 0.5000529 0.0266343 0.0168760
22 0.3756618 0.4392991 0.0266343 0.0168760
20 0.3756618 0.3177915 0.0266343 0.0168760
16 0.1734836 0.3177915 0.0266343 0.0168760
1 0.2412799 0.2570377 0.0266343 0.0168761
25 0.4446687 0.5608066 0.0266343 0.0168760
31 0.3090761 0.2570377 0.0266343 0.0168761
5 0.4446687 0.3177915 0.0266343 0.0168760
24 0.3090761 0.3177915 0.0266343 0.0168760
22 0.1734836 0.4392991 0.0266343 0.0168760
30 0.5124650 0.5608066 0.0266343 0.0168760
21 0.5802612 0.3177915 0.0266343 0.0168760
31 0.5124650 0.3785453 0.0266343 0.0168760
4 0.5802612 0.3785453 0.0266343 0.0168760
7 0.1734836 0.5608066 0.0266343 0.0168760
1 0.3756618 0.5608066 0.0266343 0.0168760
17 0.4446687 0.3785453 0.0266343 0.0168760
10 0.2412799 0.4392991 0.0266343 0.0168760
25 0.3090761 0.5608066 0.0266343 0.0168760
22 0.3756618 0.5000529 0.0266343 0.0168760
18 0.1734836 0.5000529 0.0266343 0.0168760
8 0.5802612 0.5000529 0.0266343 0.0168760
4 0.2412799 0.5000529 0.0266343 0.0168760
5 0.1734836 0.3785453 0.0266343 0.0168760
16 0.2412799 0.5608066 0.0266343 0.0168760
24 0.5124650 0.3177915 0.0266343 0.0168760
1 0.3090761 0.3785453 0.0266343 0.0168760
5 0.2412799 0.3785453 0.0266343 0.0168760
26 0.5802612 0.2570377 0.0266343 0.0168761
3 0.5124650 0.4392991 0.0266343 0.0168760
15 0.3090761 0.5000529 0.0266343 0.0168760
30 0.5802612 0.4392991 0.0266343 0.0168760
19 0.3090761 0.4392991 0.0266343 0.0168760
