4 0.2980367 0.4883493 0.0288252 0.0163477
3 0.0792275 0.5472010 0.0288252 0.0163477
32 0.3013123 0.6109570 0.5306451 0.4185008
34 0.2980367 0.7232111 0.0681322 0.0588517
29 0.2980367 0.7237560 0.0288252 0.0163477
19 0.5194664 0.7237560 0.0288251 0.0163477
17 0.4460933 0.6649044 0.0288251 0.0163477
9 0.3727201 0.7237560 0.0288251 0.0163477
7 0.0792275 0.7826077 0.0288252 0.0163477
19 0.2259738 0.4883493 0.0288252 0.0163477
20 0.2259738 0.7826077 0.0288252 0.0163477
1 0.5194664 0.4883493 0.0288251 0.0163477
4 0.0792275 0.7237560 0.0288252 0.0163477
13 0.4460933 0.6060527 0.0288251 0.0163477
22 0.2980367 0.6060527 0.0288252 0.0163477
31 0.2980367 0.5472010 0.0288252 0.0163477
17 0.1526007 0.4883493 0.0288252 0.0163477
18 0.2259738 0.6649044 0.0288252 0.0163477
31 0.3727201 0.5472010 0.0288251 0.0163477
1 0.2259738 0.7237560 0.0288252 0.0163477
5 0.3727201 0.4883493 0.0288251 0.0163477
31 0.5194664 0.5472010 0.0288251 0.0163477
26 0.3727201 0.6060527 0.0288251 0.0163477
1 0.0792275 0.6060527 0.0288252 0.0163477
4 0.1526007 0.7237560 0.0288252 0.0163477
5 0.2259738 0.5472010 0.0288252 0.0163477
2 0.5194664 0.6060527 0.0288251 0.0163477
13 0.3727201 0.7826077 0.0288251 0.0163477
2 0.4460933 0.7237560 0.0288251 0.0163477
7 0.5194664 0.7826077 0.0288251 0.0163477
24 0.2259738 0.6060527 0.0288252 0.0163477
25 0.2980367 0.7826077 0.0288252 0.0163477
11 0.1526007 0.5472010 0.0288252 0.0163477
17 0.4460933 0.4883493 0.0288251 0.0163477
25 0.0792275 0.6649044 0.0288252 0.0163477
5 0.0792275 0.4883493 0.0288252 0.0163477
5 0.5194664 0.6649044 0.0288251 0.0163477
12 0.4460933 0.7826077 0.0288251 0.0163477
18 0.4460933 0.5472010 0.0288251 0.0163477
24 0.2980367 0.6649044 0.0288252 0.0163477
2 0.1526007 0.6649044 0.0288252 0.0163477
10 0.3727201 0.6649044 0.0288251 0.0163477
27 0.1526007 0.7826077 0.0288252 0.0163477
6 0.1526007 0.6060527 0.0288252 0.0163477
