15 0.4300216 0.5973671 0.0264539 0.0165255
17 0.4300216 0.2999089 0.0264539 0.0165254
32 0.6338370 0.4238498 0.4869925 0.4230517
33 0.4300216 0.3588497 0.0625274 0.0594916
17 0.4300216 0.3594006 0.0264539 0.0165255
11 0.6308308 0.4188922 0.0264539 0.0165255
7 0.7667078 0.2999089 0.0264539 0.0165254
14 0.6993706 0.3594006 0.0264539 0.0165255
22 0.7667078 0.4783839 0.0264539 0.0165255
20 0.8340450 0.5378755 0.0264539 0.0165255
12 0.6993706 0.4188922 0.0264539 0.0165255
27 0.8340450 0.4188922 0.0264539 0.0165255
31 0.6308308 0.3594006 0.0264539 0.0165255
1 0.6993706 0.5973671 0.0264539 0.0165255
5 0.8340450 0.2999089 0.0264539 0.0165254
9 0.7667078 0.4188922 0.0264539 0.0165255
1 0.5646961 0.3594006 0.0264539 0.0165255
15 0.6993706 0.2999089 0.0264539 0.0165254
25 0.7667078 0.3594006 0.0264539 0.0165255
7 0.8340450 0.5973671 0.0264539 0.0165255
2 0.6993706 0.5378755 0.0264539 0.0165255
9 0.8340450 0.3594006 0.0264539 0.0165255
11 0.7667078 0.5378755 0.0264539 0.0165255
31 0.4300216 0.4188922 0.0264539 0.0165255
27 0.6308308 0.5378755 0.0264539 0.0165255
20 0.6308308 0.4783839 0.0264539 0.0165255
31 0.5646961 0.5973671 0.0264539 0.0165255
16 0.6308308 0.5973671 0.0264539 0.0165255
22 0.4973589 0.2999089 0.0264539 0.0165254
30 0.4973589 0.5378755 0.0264539 0.0165255
12 0.5646961 0.2999089 0.0264539 0.0165254
16 0.4973589 0.4188922 0.0264539 0.0165255
3 0.5646961 0.4188922 0.0264539 0.0165255
4 0.6308308 0.2999089 0.0264539 0.0165254
12 0.4973589 0.3594006 0.0264539 0.0165255
24 0.4973589 0.4783839 0.0264539 0.0165255
26 0.7667078 0.5973671 0.0264539 0.0165255
25 0.4300216 0.5378755 0.0264539 0.0165255
12 0.8340450 0.4783839 0.0264539 0.0165255
11 0.5646961 0.4783839 0.0264539 0.0165255
22 0.5646961 0.5378755 0.0264539 0.0165255
6 0.4300216 0.4783839 0.0264539 0.0165255
26 0.4973589 0.5973671 0.0264539 0.0165255
1 0.6993706 0.4783839 0.0264539 0.0165255
