20 0.6188141 0.6427318 0.0286691 0.0168694
8 0.3998866 0.5820022 0.0286691 0.0168693
32 0.4748171 0.5263333 0.5277718 0.4318555
5 0.2539349 0.6427318 0.0286691 0.0168694
33 0.6917900 0.6421695 0.0677633 0.0607297
7 0.6917900 0.6427318 0.0286691 0.0168694
17 0.3998866 0.7034615 0.0286691 0.0168694
27 0.2539349 0.4605428 0.0286691 0.0168694
13 0.3269107 0.5212725 0.0286691 0.0168694
18 0.3998866 0.5212725 0.0286691 0.0168694
22 0.4715593 0.7034615 0.0286691 0.0168694
10 0.4715593 0.6427318 0.0286691 0.0168694
12 0.6917900 0.5820022 0.0286691 0.0168693
8 0.6188141 0.5820022 0.0286691 0.0168693
14 0.3998866 0.6427318 0.0286691 0.0168694
9 0.2539349 0.3998131 0.0286691 0.0168694
5 0.3269107 0.4605428 0.0286691 0.0168694
3 0.4715593 0.4605428 0.0286691 0.0168694
14 0.6917900 0.3998131 0.0286691 0.0168694
6 0.6917900 0.4605428 0.0286691 0.0168694
4 0.3998866 0.4605428 0.0286691 0.0168694
6 0.5458383 0.5820022 0.0286691 0.0168693
25 0.2539349 0.5212725 0.0286691 0.0168694
27 0.3269107 0.5820022 0.0286691 0.0168693
19 0.6188141 0.3998131 0.0286691 0.0168694
27 0.2539349 0.7034615 0.0286691 0.0168694
30 0.5458383 0.3998131 0.0286691 0.0168694
11 0.2539349 0.5820022 0.0286691 0.0168693
5 0.3269107 0.6427318 0.0286691 0.0168694
13 0.6188141 0.5212725 0.0286691 0.0168694
9 0.3998866 0.3998131 0.0286691 0.0168694
25 0.5458383 0.6427318 0.0286691 0.0168694
3 0.4715593 0.5212725 0.0286691 0.0168694
7 0.4715593 0.3998131 0.0286691 0.0168694
12 0.6188141 0.4605428 0.0286691 0.0168694
17 0.6917900 0.5212725 0.0286691 0.0168694
28 0.5458383 0.4605428 0.0286691 0.0168694
8 0.6917900 0.7034615 0.0286691 0.0168694
5 0.5458383 0.5212725 0.0286691 0.0168694
22 0.5458383 0.7034615 0.0286691 0.0168694
18 0.6188141 0.7034615 0.0286691 0.0168694
26 0.4715593 0.5820022 0.0286691 0.0168693
29 0.3269107 0.3998131 0.0286691 0.0168694
15 0.3269107 0.7034615 0.0286691 0.0168694
