10 0.7166479 0.4688895 0.0273332 0.0162013
29 0.6458301 0.5272142 0.0273332 0.0162013
32 0.6489362 0.5903992 0.5031790 0.4147529
34 0.8557986 0.7016479 0.0646057 0.0583247
7 0.8557986 0.7021881 0.0273331 0.0162013
9 0.7862232 0.7605127 0.0273332 0.0162012
3 0.5079218 0.6438635 0.0273332 0.0162013
27 0.8557986 0.4688895 0.0273331 0.0162013
15 0.5774971 0.7605127 0.0273331 0.0162012
5 0.6458301 0.4688895 0.0273332 0.0162013
27 0.7862232 0.6438635 0.0273332 0.0162013
10 0.7166479 0.7605127 0.0273332 0.0162012
12 0.5079218 0.7021881 0.0273332 0.0162013
7 0.5079218 0.5272142 0.0273332 0.0162013
21 0.6458301 0.7021881 0.0273332 0.0162013
4 0.5774971 0.7021881 0.0273331 0.0162013
13 0.7862232 0.5855388 0.0273332 0.0162013
22 0.6458301 0.6438635 0.0273332 0.0162013
17 0.5774971 0.5855388 0.0273331 0.0162013
21 0.7862232 0.4688895 0.0273332 0.0162013
5 0.5774971 0.4688895 0.0273331 0.0162013
12 0.8557986 0.5855388 0.0273331 0.0162013
16 0.7166479 0.5855388 0.0273332 0.0162013
8 0.7862232 0.5272142 0.0273332 0.0162013
19 0.5774971 0.6438635 0.0273331 0.0162013
16 0.8557986 0.5272142 0.0273331 0.0162013
25 0.7166479 0.6438635 0.0273332 0.0162013
29 0.7862232 0.7021881 0.0273332 0.0162013
3 0.6458301 0.5855388 0.0273332 0.0162013
15 0.4383464 0.6438635 0.0273332 0.0162013
13 0.5079218 0.5855388 0.0273332 0.0162013
26 0.4383464 0.7605127 0.0273332 0.0162012
30 0.4383464 0.5272142 0.0273332 0.0162013
10 0.8557986 0.6438635 0.0273331 0.0162013
25 0.7166479 0.7021881 0.0273332 0.0162013
10 0.4383464 0.5855388 0.0273332 0.0162013
1 0.5079218 0.7605127 0.0273332 0.0162012
19 0.5079218 0.4688895 0.0273332 0.0162013
12 0.8557986 0.7605127 0.0273331 0.0162012
13 0.5774971 0.5272142 0.0273331 0.0162013
30 0.4383464 0.7021881 0.0273332 0.0162013
3 0.4383464 0.4688895 0.0273332 0.0162013
2 0.6458301 0.7605127 0.0273332 0.0162012
17 0.7166479 0.5272142 0.0273332 0.0162013
