18 0.2218499 0.4604980 0.0268501 0.0169418
11 0.2901954 0.2775268 0.0268501 0.0169418
32 0.3603717 0.4045901 0.4942849 0.4337096
33 0.4262763 0.2769620 0.0646842 0.0609904
26 0.4268866 0.2775268 0.0268501 0.0169418
31 0.4952321 0.3995076 0.0268501 0.0169417
28 0.1535043 0.4604980 0.0268500 0.0169418
24 0.1535043 0.3385172 0.0268500 0.0169418
1 0.5635777 0.2775268 0.0268501 0.0169418
24 0.5635777 0.3385172 0.0268501 0.0169418
27 0.2218499 0.5824788 0.0268501 0.0169418
5 0.4268866 0.4604980 0.0268501 0.0169418
28 0.5635777 0.5214884 0.0268501 0.0169418
6 0.4952321 0.4604980 0.0268501 0.0169418
25 0.1535043 0.5824788 0.0268500 0.0169418
15 0.3573205 0.5214884 0.0268501 0.0169418
21 0.3573205 0.4604980 0.0268501 0.0169418
6 0.5635777 0.4604980 0.0268501 0.0169418
20 0.3573205 0.3385172 0.0268501 0.0169418
21 0.1535043 0.5214884 0.0268500 0.0169418
25 0.4268866 0.5824788 0.0268501 0.0169418
25 0.2901954 0.4604980 0.0268501 0.0169418
10 0.4952321 0.5214884 0.0268501 0.0169418
29 0.2901954 0.5824788 0.0268501 0.0169418
22 0.2901954 0.3995076 0.0268501 0.0169417
6 0.4268866 0.3385172 0.0268501 0.0169418
29 0.5635777 0.5824788 0.0268501 0.0169418
5 0.4268866 0.5214884 0.0268501 0.0169418
7 0.2901954 0.5214884 0.0268501 0.0169418
20 0.2218499 0.5214884 0.0268501 0.0169418
13 0.3573205 0.5824788 0.0268501 0.0169418
20 0.1535043 0.2775268 0.0268500 0.0169418
31 0.3573205 0.2775268 0.0268501 0.0169418
14 0.1535043 0.3995076 0.0268500 0.0169417
30 0.4268866 0.3995076 0.0268501 0.0169417
8 0.4952321 0.2775268 0.0268501 0.0169418
14 0.2218499 0.3385172 0.0268501 0.0169418
17 0.2218499 0.3995076 0.0268501 0.0169417
29 0.3573205 0.3995076 0.0268501 0.0169417
25 0.2901954 0.3385172 0.0268501 0.0169418
14 0.4952321 0.5824788 0.0268501 0.0169418
27 0.5635777 0.3995076 0.0268501 0.0169417
1 0.4952321 0.3385172 0.0268501 0.0169418
14 0.2218499 0.2775268 0.0268501 0.0169418
