24 0.7155020 0.2834789 0.0276012 0.0170050
18 0.3642134 0.4671328 0.0276012 0.0170050
32 0.5066107 0.4110163 0.5081140 0.4353278
18 0.7155020 0.4059148 0.0276012 0.0170050
33 0.4344711 0.4665660 0.0652393 0.0612180
3 0.4344711 0.4671328 0.0276012 0.0170050
28 0.5749866 0.5283508 0.0276013 0.0170050
6 0.4344711 0.3446968 0.0276012 0.0170050
15 0.4344711 0.5895687 0.0276012 0.0170050
16 0.3642134 0.4059148 0.0276012 0.0170050
15 0.2939556 0.4059148 0.0276012 0.0170050
16 0.6452443 0.4059148 0.0276012 0.0170050
17 0.2939556 0.5283508 0.0276012 0.0170050
7 0.5749866 0.5895687 0.0276013 0.0170050
18 0.3642134 0.5283508 0.0276012 0.0170050
25 0.7155020 0.4671328 0.0276012 0.0170050
7 0.5034742 0.4671328 0.0276012 0.0170050
20 0.2939556 0.3446968 0.0276012 0.0170050
11 0.7155020 0.3446968 0.0276012 0.0170050
8 0.5749866 0.4059148 0.0276013 0.0170050
21 0.5749866 0.3446968 0.0276013 0.0170050
29 0.5034742 0.3446968 0.0276012 0.0170050
4 0.5034742 0.5895687 0.0276012 0.0170050
14 0.4344711 0.5283508 0.0276012 0.0170050
25 0.3642134 0.3446968 0.0276012 0.0170050
17 0.4344711 0.4059148 0.0276012 0.0170050
29 0.6452443 0.5283508 0.0276012 0.0170050
18 0.5034742 0.5283508 0.0276012 0.0170050
20 0.3642134 0.2834789 0.0276012 0.0170050
15 0.5034742 0.2834789 0.0276012 0.0170050
22 0.2939556 0.4671328 0.0276012 0.0170050
29 0.5034742 0.4059148 0.0276012 0.0170050
9 0.7155020 0.5895687 0.0276012 0.0170050
9 0.6452443 0.4671328 0.0276012 0.0170050
5 0.6452443 0.3446968 0.0276012 0.0170050
31 0.5749866 0.4671328 0.0276013 0.0170050
24 0.4344711 0.2834789 0.0276012 0.0170050
27 0.5749866 0.2834789 0.0276013 0.0170050
28 0.3642134 0.5895687 0.0276012 0.0170050
8 0.7155020 0.5283508 0.0276012 0.0170050
6 0.6452443 0.2834789 0.0276012 0.0170050
29 0.2939556 0.2834789 0.0276012 0.0170050
27 0.2939556 0.5895687 0.0276012 0.0170050
18 0.6452443 0.5895687 0.0276012 0.0170050
