5 0.2304220 0.4253746 0.0275726 0.0172049
10 0.2304220 0.6111875 0.0275726 0.0172049
32 0.4428561 0.4305360 0.5075858 0.4404454
27 0.5111608 0.3014993 0.0275726 0.0172049
33 0.6515302 0.3628634 0.0651715 0.0619376
31 0.6515302 0.3634369 0.0275726 0.0172049
9 0.4397228 0.5492498 0.0275726 0.0172049
20 0.5813455 0.6111875 0.0275726 0.0172049
8 0.3006067 0.4253746 0.0275726 0.0172049
13 0.2304220 0.3634369 0.0275726 0.0172049
5 0.5813455 0.4873122 0.0275726 0.0172049
31 0.5813455 0.5492498 0.0275726 0.0172049
31 0.2304220 0.5492498 0.0275726 0.0172049
2 0.3707914 0.6111875 0.0275726 0.0172049
11 0.5111608 0.6111875 0.0275726 0.0172049
14 0.6515302 0.6111875 0.0275726 0.0172049
17 0.5813455 0.4253746 0.0275726 0.0172049
4 0.4397228 0.3634369 0.0275726 0.0172049
20 0.3006067 0.5492498 0.0275726 0.0172049
1 0.6515302 0.4253746 0.0275726 0.0172049
30 0.6515302 0.3014993 0.0275726 0.0172049
12 0.3707914 0.4873122 0.0275726 0.0172049
2 0.3707914 0.5492498 0.0275726 0.0172049
12 0.5813455 0.3014993 0.0275726 0.0172049
31 0.6515302 0.5492498 0.0275726 0.0172049
9 0.3707914 0.3014993 0.0275726 0.0172049
6 0.5111608 0.3634369 0.0275726 0.0172049
5 0.3006067 0.3634369 0.0275726 0.0172049
1 0.3006067 0.4873122 0.0275726 0.0172049
17 0.4397228 0.3014993 0.0275726 0.0172049
31 0.3707914 0.3634369 0.0275726 0.0172049
27 0.5111608 0.5492498 0.0275726 0.0172049
16 0.3707914 0.4253746 0.0275726 0.0172049
16 0.4397228 0.4873122 0.0275726 0.0172049
12 0.4397228 0.4253746 0.0275726 0.0172049
9 0.3006067 0.3014993 0.0275726 0.0172049
15 0.4397228 0.6111875 0.0275726 0.0172049
2 0.6515302 0.4873122 0.0275726 0.0172049
18 0.2304220 0.4873122 0.0275726 0.0172049
2 0.5813455 0.3634369 0.0275726 0.0172049
15 0.3006067 0.6111875 0.0275726 0.0172049
19 0.5111608 0.4253746 0.0275726 0.0172049
25 0.2304220 0.3014993 0.0275726 0.0172049
11 0.5111608 0.4873122 0.0275726 0.0172049
