25 0.2381057 0.4956273 0.0278976 0.0159332
13 0.5931663 0.6103457 0.0278976 0.0159331
32 0.4530442 0.5004072 0.5135697 0.4078879
34 0.3084838 0.4377370 0.0646717 0.0573592
19 0.3091179 0.4382681 0.0278976 0.0159331
8 0.3801299 0.4956273 0.0278976 0.0159332
14 0.5931663 0.4956273 0.0278976 0.0159332
27 0.2381057 0.3809089 0.0278976 0.0159331
26 0.5221542 0.4956273 0.0278976 0.0159332
20 0.2381057 0.6103457 0.0278976 0.0159331
20 0.5221542 0.6103457 0.0278976 0.0159331
14 0.4498740 0.4956273 0.0278976 0.0159332
14 0.2381057 0.6677050 0.0278976 0.0159332
8 0.3091179 0.6677050 0.0278976 0.0159332
17 0.3091179 0.5529866 0.0278976 0.0159331
10 0.3091179 0.6103457 0.0278976 0.0159331
13 0.5931663 0.5529866 0.0278976 0.0159331
15 0.3801299 0.6677050 0.0278976 0.0159332
6 0.4498740 0.4382681 0.0278976 0.0159331
8 0.3801299 0.3809089 0.0278976 0.0159331
19 0.3801299 0.5529866 0.0278976 0.0159331
14 0.5221542 0.4382681 0.0278976 0.0159331
18 0.4498740 0.5529866 0.0278976 0.0159331
31 0.3091179 0.4956273 0.0278976 0.0159332
24 0.4498740 0.6677050 0.0278976 0.0159332
6 0.4498740 0.3809089 0.0278976 0.0159331
1 0.3801299 0.4382681 0.0278976 0.0159331
31 0.5221542 0.3809089 0.0278976 0.0159331
30 0.5931663 0.3809089 0.0278976 0.0159331
9 0.3091179 0.3809089 0.0278976 0.0159331
31 0.4498740 0.6103457 0.0278976 0.0159331
28 0.6641784 0.4956273 0.0278976 0.0159332
27 0.6641784 0.4382681 0.0278976 0.0159331
8 0.3801299 0.6103457 0.0278976 0.0159331
26 0.5221542 0.5529866 0.0278976 0.0159331
21 0.5221542 0.6677050 0.0278976 0.0159332
12 0.2381057 0.5529866 0.0278976 0.0159331
5 0.6641784 0.6103457 0.0278976 0.0159331
8 0.5931663 0.6677050 0.0278976 0.0159332
21 0.6641784 0.5529866 0.0278976 0.0159331
27 0.6641784 0.3809089 0.0278976 0.0159331
6 0.2381057 0.4382681 0.0278976 0.0159331
27 0.6641784 0.6677050 0.0278976 0.0159332
5 0.5931663 0.4382681 0.0278976 0.0159331
