15 0.5481167 0.5225370 0.0274126 0.0173283
30 0.6191404 0.2730093 0.0274126 0.0173283
32 0.5512318 0.4029716 0.5046418 0.4436048
34 0.6882950 0.3971955 0.0635474 0.0623819
10 0.6889180 0.3977731 0.0274126 0.0173284
8 0.4795852 0.5849189 0.0274126 0.0173283
7 0.6191404 0.5225370 0.0274126 0.0173283
14 0.6889180 0.5849189 0.0274126 0.0173283
30 0.3400299 0.4601551 0.0274126 0.0173284
19 0.4795852 0.5225370 0.0274126 0.0173283
18 0.6191404 0.4601551 0.0274126 0.0173284
1 0.4795852 0.3353912 0.0274126 0.0173284
16 0.3400299 0.2730093 0.0274126 0.0173283
30 0.6191404 0.3977731 0.0274126 0.0173284
3 0.4098075 0.2730093 0.0274126 0.0173283
3 0.7586957 0.3353912 0.0274126 0.0173284
12 0.6889180 0.4601551 0.0274126 0.0173284
15 0.3400299 0.3353912 0.0274126 0.0173284
11 0.5481167 0.4601551 0.0274126 0.0173284
4 0.3400299 0.5849189 0.0274126 0.0173283
7 0.4795852 0.4601551 0.0274126 0.0173284
30 0.4098075 0.3977731 0.0274126 0.0173284
4 0.6889180 0.3353912 0.0274126 0.0173284
4 0.3400299 0.5225370 0.0274126 0.0173283
1 0.7586957 0.5225370 0.0274126 0.0173283
5 0.6191404 0.3353912 0.0274126 0.0173284
27 0.6191404 0.5849189 0.0274126 0.0173283
21 0.4795852 0.3977731 0.0274126 0.0173284
16 0.4795852 0.2730093 0.0274126 0.0173283
7 0.7586957 0.2730093 0.0274126 0.0173283
3 0.5481167 0.2730093 0.0274126 0.0173283
3 0.7586957 0.3977731 0.0274126 0.0173284
27 0.5481167 0.3977731 0.0274126 0.0173284
25 0.7586957 0.5849189 0.0274126 0.0173283
9 0.5481167 0.3353912 0.0274126 0.0173284
7 0.4098075 0.4601551 0.0274126 0.0173284
3 0.7586957 0.4601551 0.0274126 0.0173284
13 0.4098075 0.5849189 0.0274126 0.0173283
29 0.4098075 0.3353912 0.0274126 0.0173284
1 0.5481167 0.5849189 0.0274126 0.0173283
15 0.6889180 0.5225370 0.0274126 0.0173283
6 0.6889180 0.2730093 0.0274126 0.0173283
4 0.4098075 0.5225370 0.0274126 0.0173283
12 0.3400299 0.3977731 0.0274126 0.0173284
