16 0.8137056 0.6954632 0.0278046 0.0167865
12 0.7429305 0.3933067 0.0278045 0.0167865
32 0.6032760 0.5192052 0.5118559 0.4297336
33 0.3890549 0.4531784 0.0657198 0.0604313
21 0.3890549 0.4537380 0.0278045 0.0167865
10 0.5306051 0.5141693 0.0278045 0.0167865
13 0.7429305 0.5746006 0.0278045 0.0167864
29 0.6001164 0.3933067 0.0278045 0.0167865
16 0.7429305 0.4537380 0.0278045 0.0167865
20 0.3890549 0.6350319 0.0278045 0.0167865
21 0.4598300 0.6954632 0.0278045 0.0167865
14 0.5306051 0.6350319 0.0278045 0.0167865
27 0.5306051 0.6954632 0.0278045 0.0167865
27 0.8137056 0.6350319 0.0278046 0.0167865
9 0.3890549 0.3933067 0.0278045 0.0167865
28 0.6721553 0.5141693 0.0278045 0.0167865
29 0.5306051 0.5746006 0.0278045 0.0167864
9 0.4598300 0.5141693 0.0278045 0.0167865
7 0.4598300 0.3933067 0.0278045 0.0167865
13 0.6001164 0.4537380 0.0278045 0.0167865
24 0.5306051 0.4537380 0.0278045 0.0167865
10 0.6721553 0.3933067 0.0278045 0.0167865
1 0.8137056 0.5141693 0.0278046 0.0167865
9 0.3890549 0.5746006 0.0278045 0.0167864
10 0.6001164 0.6350319 0.0278045 0.0167865
24 0.7429305 0.6350319 0.0278045 0.0167865
21 0.8137056 0.3933067 0.0278046 0.0167865
14 0.6721553 0.6954632 0.0278045 0.0167865
12 0.5306051 0.3933067 0.0278045 0.0167865
26 0.8137056 0.5746006 0.0278046 0.0167864
14 0.6001164 0.5141693 0.0278045 0.0167865
28 0.8137056 0.4537380 0.0278046 0.0167865
4 0.7429305 0.5141693 0.0278045 0.0167865
16 0.4598300 0.4537380 0.0278045 0.0167865
20 0.6721553 0.6350319 0.0278045 0.0167865
26 0.7429305 0.6954632 0.0278045 0.0167865
6 0.6721553 0.4537380 0.0278045 0.0167865
4 0.3890549 0.6954632 0.0278045 0.0167865
17 0.6721553 0.5746006 0.0278045 0.0167864
11 0.4598300 0.5746006 0.0278045 0.0167864
26 0.3890549 0.5141693 0.0278045 0.0167865
12 0.6001164 0.6954632 0.0278045 0.0167865
13 0.4598300 0.6350319 0.0278045 0.0167865
16 0.6001164 0.5746006 0.0278045 0.0167864
