20 0.1730736 0.4618431 0.0281112 0.0161410
27 0.5308524 0.4037357 0.0281112 0.0161410
32 0.3181018 0.5247929 0.5175014 0.4132085
22 0.3149073 0.4618431 0.0281112 0.0161410
33 0.4586577 0.6356274 0.0651669 0.0581074
3 0.4592966 0.6361654 0.0281112 0.0161410
30 0.1015179 0.5780580 0.0281112 0.0161410
31 0.3877409 0.5780580 0.0281112 0.0161410
20 0.2446294 0.6942729 0.0281112 0.0161410
27 0.2446294 0.4618431 0.0281112 0.0161410
29 0.2446294 0.4037357 0.0281112 0.0161410
27 0.1730736 0.5780580 0.0281112 0.0161410
4 0.3877409 0.5199506 0.0281112 0.0161410
2 0.4592966 0.5199506 0.0281112 0.0161410
30 0.1015179 0.5199506 0.0281112 0.0161410
13 0.3149073 0.5199506 0.0281112 0.0161410
4 0.5308524 0.6361654 0.0281112 0.0161410
25 0.4592966 0.4618431 0.0281112 0.0161410
21 0.5308524 0.5780580 0.0281112 0.0161410
27 0.1015179 0.4618431 0.0281112 0.0161410
8 0.3877409 0.4037357 0.0281112 0.0161410
1 0.2446294 0.5199506 0.0281112 0.0161410
17 0.4592966 0.4037357 0.0281112 0.0161410
30 0.1015179 0.4037357 0.0281112 0.0161410
22 0.3877409 0.4618431 0.0281112 0.0161410
10 0.3877409 0.6942729 0.0281112 0.0161410
7 0.3149073 0.6942729 0.0281112 0.0161410
10 0.3877409 0.6361654 0.0281112 0.0161410
9 0.3149073 0.6361654 0.0281112 0.0161410
3 0.4592966 0.6942729 0.0281112 0.0161410
3 0.1730736 0.6361654 0.0281112 0.0161410
15 0.2446294 0.6361654 0.0281112 0.0161410
2 0.2446294 0.5780580 0.0281112 0.0161410
29 0.3149073 0.5780580 0.0281112 0.0161410
10 0.3149073 0.4037357 0.0281112 0.0161410
27 0.1730736 0.5199506 0.0281112 0.0161410
19 0.5308524 0.6942729 0.0281112 0.0161410
20 0.1015179 0.6942729 0.0281112 0.0161410
17 0.1015179 0.6361654 0.0281112 0.0161410
30 0.1730736 0.4037357 0.0281112 0.0161410
4 0.4592966 0.5780580 0.0281112 0.0161410
7 0.1730736 0.6942729 0.0281112 0.0161410
5 0.5308524 0.5199506 0.0281112 0.0161410
21 0.5308524 0.4618431 0.0281112 0.0161410
