2 0.3335282 0.6272120 0.0286101 0.0171264
20 0.4063538 0.4422470 0.0286100 0.0171264
32 0.4811300 0.5090399 0.5266850 0.4384354
33 0.5513547 0.6266411 0.0689242 0.0616550
15 0.5520049 0.6272120 0.0286101 0.0171264
26 0.6248305 0.6888670 0.0286100 0.0171263
12 0.2607026 0.4422470 0.0286101 0.0171264
16 0.3335282 0.6888670 0.0286101 0.0171263
30 0.6976561 0.6888670 0.0286101 0.0171263
28 0.2607026 0.6272120 0.0286101 0.0171264
9 0.3335282 0.5039020 0.0286101 0.0171264
4 0.4778789 0.5039020 0.0286100 0.0171264
1 0.4778789 0.4422470 0.0286100 0.0171264
17 0.6248305 0.5039020 0.0286100 0.0171264
17 0.4778789 0.6272120 0.0286100 0.0171264
8 0.6248305 0.6272120 0.0286100 0.0171264
29 0.6976561 0.6272120 0.0286101 0.0171264
31 0.4778789 0.5655570 0.0286100 0.0171264
9 0.4063538 0.3805920 0.0286100 0.0171264
10 0.4063538 0.5039020 0.0286100 0.0171264
10 0.2607026 0.6888670 0.0286101 0.0171263
8 0.5520049 0.6888670 0.0286101 0.0171263
1 0.2607026 0.5039020 0.0286101 0.0171264
24 0.6248305 0.4422470 0.0286100 0.0171264
13 0.6976561 0.5039020 0.0286101 0.0171264
31 0.4063538 0.6272120 0.0286100 0.0171264
26 0.6248305 0.5655570 0.0286100 0.0171264
9 0.6248305 0.3805920 0.0286100 0.0171264
9 0.2607026 0.5655570 0.0286101 0.0171264
22 0.2607026 0.3805920 0.0286101 0.0171264
5 0.4063538 0.6888670 0.0286100 0.0171263
3 0.4778789 0.6888670 0.0286100 0.0171263
28 0.5520049 0.3805920 0.0286101 0.0171264
8 0.3335282 0.5655570 0.0286101 0.0171264
8 0.4778789 0.3805920 0.0286100 0.0171264
7 0.3335282 0.3805920 0.0286101 0.0171264
17 0.3335282 0.4422470 0.0286101 0.0171264
21 0.4063538 0.5655570 0.0286100 0.0171264
25 0.5520049 0.4422470 0.0286101 0.0171264
8 0.6976561 0.3805920 0.0286101 0.0171264
30 0.6976561 0.5655570 0.0286101 0.0171264
5 0.5520049 0.5655570 0.0286101 0.0171264
12 0.5520049 0.5039020 0.0286101 0.0171264
31 0.6976561 0.4422470 0.0286101 0.0171264
