6 0.3231319 0.5411472 0.0271679 0.0168243
30 0.3935215 0.6622822 0.0271679 0.0168243
32 0.3262191 0.5461945 0.5001367 0.4307024
34 0.1169027 0.4194514 0.0642151 0.0605675
22 0.1169027 0.4200121 0.0271679 0.0168243
6 0.3231319 0.7228497 0.0271679 0.0168243
21 0.4626762 0.6622822 0.0271679 0.0168243
29 0.3935215 0.4200121 0.0271679 0.0168243
3 0.1860574 0.7228497 0.0271679 0.0168243
30 0.3231319 0.4805797 0.0271679 0.0168243
2 0.2552121 0.6017147 0.0271679 0.0168243
20 0.1169027 0.6017147 0.0271679 0.0168243
2 0.2552121 0.4805797 0.0271679 0.0168243
6 0.5318309 0.6622822 0.0271679 0.0168243
3 0.4626762 0.6017147 0.0271679 0.0168243
8 0.3935215 0.5411472 0.0271679 0.0168243
5 0.1169027 0.6622822 0.0271679 0.0168243
7 0.3935215 0.6017147 0.0271679 0.0168243
6 0.4626762 0.7228497 0.0271679 0.0168243
8 0.5318309 0.5411472 0.0271679 0.0168243
11 0.1169027 0.7228497 0.0271679 0.0168243
15 0.2552121 0.4200121 0.0271679 0.0168243
30 0.3231319 0.4200121 0.0271679 0.0168243
26 0.1860574 0.4805797 0.0271679 0.0168243
3 0.1860574 0.5411472 0.0271679 0.0168243
19 0.2552121 0.5411472 0.0271679 0.0168243
18 0.5318309 0.4805797 0.0271679 0.0168243
11 0.3231319 0.6622822 0.0271679 0.0168243
21 0.4626762 0.4805797 0.0271679 0.0168243
22 0.3935215 0.4805797 0.0271679 0.0168243
16 0.4626762 0.5411472 0.0271679 0.0168243
5 0.1169027 0.5411472 0.0271679 0.0168243
20 0.2552121 0.7228497 0.0271679 0.0168243
29 0.1860574 0.6017147 0.0271679 0.0168243
24 0.5318309 0.6017147 0.0271679 0.0168243
18 0.1169027 0.4805797 0.0271679 0.0168243
31 0.1860574 0.6622822 0.0271679 0.0168243
27 0.2552121 0.6622822 0.0271679 0.0168243
6 0.5318309 0.4200121 0.0271679 0.0168243
29 0.3231319 0.6017147 0.0271679 0.0168243
16 0.3935215 0.7228497 0.0271679 0.0168243
20 0.5318309 0.7228497 0.0271679 0.0168243
21 0.1860574 0.4200121 0.0271679 0.0168243
28 0.4626762 0.4200121 0.0271679 0.0168243
