31 0.3984595 0.4547207 0.0267988 0.0171721
4 0.1255989 0.5165404 0.0267988 0.0171721
32 0.2638564 0.5835117 0.4933417 0.4396068
15 0.1938140 0.6401797 0.0267988 0.0171721
33 0.3978504 0.7632468 0.0621245 0.0618197
1 0.3984595 0.7638192 0.0267988 0.0171722
13 0.3302444 0.5165404 0.0267988 0.0171721
15 0.4666747 0.7638192 0.0267988 0.0171722
19 0.3302444 0.7019994 0.0267988 0.0171722
22 0.1255989 0.4547207 0.0267988 0.0171721
29 0.3984595 0.5165404 0.0267988 0.0171721
28 0.2608111 0.7638192 0.0267988 0.0171722
31 0.1938140 0.5783601 0.0267988 0.0171722
29 0.4666747 0.6401797 0.0267988 0.0171721
11 0.1938140 0.5165404 0.0267988 0.0171721
8 0.3302444 0.6401797 0.0267988 0.0171721
27 0.4666747 0.4547207 0.0267988 0.0171721
19 0.2608111 0.7019994 0.0267988 0.0171722
16 0.2608111 0.5783601 0.0267988 0.0171722
19 0.1938140 0.7019994 0.0267988 0.0171722
9 0.0573838 0.7638192 0.0267988 0.0171722
25 0.0573838 0.6401797 0.0267988 0.0171721
18 0.0573838 0.5783601 0.0267988 0.0171722
12 0.3302444 0.5783601 0.0267988 0.0171722
8 0.3984595 0.7019994 0.0267988 0.0171722
17 0.4666747 0.7019994 0.0267988 0.0171722
5 0.1938140 0.7638192 0.0267988 0.0171722
1 0.1255989 0.5783601 0.0267988 0.0171722
9 0.1255989 0.7638192 0.0267988 0.0171722
1 0.0573838 0.5165404 0.0267988 0.0171721
16 0.2608111 0.5165404 0.0267988 0.0171721
22 0.2608111 0.4547207 0.0267988 0.0171721
16 0.4666747 0.5165404 0.0267988 0.0171721
7 0.3302444 0.7638192 0.0267988 0.0171722
2 0.1255989 0.7019994 0.0267988 0.0171722
29 0.3302444 0.4547207 0.0267988 0.0171721
12 0.3984595 0.5783601 0.0267988 0.0171722
15 0.2608111 0.6401797 0.0267988 0.0171721
3 0.0573838 0.7019994 0.0267988 0.0171722
20 0.1938140 0.4547207 0.0267988 0.0171721
14 0.4666747 0.5783601 0.0267988 0.0171722
1 0.1255989 0.6401797 0.0267988 0.0171721
8 0.3984595 0.6401797 0.0267988 0.0171721
25 0.0573838 0.4547207 0.0267988 0.0171721
