15 0.2899393 0.7275292 0.0273462 0.0165312
5 0.7075903 0.4894792 0.0273463 0.0165312
32 0.5006293 0.5539511 0.5034187 0.4232000
34 0.3589263 0.4294157 0.0633934 0.0595125
9 0.3595478 0.4299667 0.0273462 0.0165313
15 0.5683733 0.6680168 0.0273462 0.0165312
26 0.4291563 0.4299667 0.0273462 0.0165313
30 0.5683733 0.4299667 0.0273462 0.0165313
19 0.4975218 0.4299667 0.0273462 0.0165313
4 0.5683733 0.7275292 0.0273462 0.0165312
2 0.4291563 0.6680168 0.0273462 0.0165312
31 0.2899393 0.6680168 0.0273462 0.0165312
30 0.6379819 0.5489917 0.0273462 0.0165312
19 0.6379819 0.6085042 0.0273462 0.0165312
16 0.3595478 0.6085042 0.0273462 0.0165312
30 0.6379819 0.4894792 0.0273462 0.0165312
15 0.2899393 0.4894792 0.0273462 0.0165312
25 0.2899393 0.4299667 0.0273462 0.0165313
25 0.3595478 0.5489917 0.0273462 0.0165312
13 0.5683733 0.5489917 0.0273462 0.0165312
6 0.3595478 0.4894792 0.0273462 0.0165312
19 0.4975218 0.7275292 0.0273462 0.0165312
22 0.2899393 0.6085042 0.0273462 0.0165312
8 0.5683733 0.4894792 0.0273462 0.0165312
9 0.3595478 0.7275292 0.0273462 0.0165312
7 0.7075903 0.6680168 0.0273463 0.0165312
20 0.6379819 0.6680168 0.0273462 0.0165312
25 0.6379819 0.4299667 0.0273462 0.0165313
13 0.4291563 0.5489917 0.0273462 0.0165312
30 0.6379819 0.7275292 0.0273462 0.0165312
19 0.4291563 0.4894792 0.0273462 0.0165312
26 0.2899393 0.5489917 0.0273462 0.0165312
4 0.4975218 0.6680168 0.0273462 0.0165312
12 0.5683733 0.6085042 0.0273462 0.0165312
11 0.4291563 0.6085042 0.0273462 0.0165312
7 0.4291563 0.7275292 0.0273462 0.0165312
26 0.7075903 0.5489917 0.0273463 0.0165312
14 0.7075903 0.7275292 0.0273463 0.0165312
22 0.4975218 0.6085042 0.0273462 0.0165312
15 0.4975218 0.5489917 0.0273462 0.0165312
16 0.7075903 0.6085042 0.0273463 0.0165312
10 0.3595478 0.6680168 0.0273462 0.0165312
31 0.4975218 0.4894792 0.0273462 0.0165312
18 0.7075903 0.4299667 0.0273463 0.0165313
