2 0.6905614 0.4670059 0.0277705 0.0170735
12 0.7612500 0.4055412 0.0277705 0.0170734
32 0.5510775 0.4106633 0.5112302 0.4370815
33 0.6192416 0.3435076 0.0669018 0.0614646
4 0.6198727 0.3440766 0.0277705 0.0170735
24 0.4078069 0.5899350 0.0277705 0.0170735
24 0.7612500 0.3440766 0.0277705 0.0170735
28 0.4078069 0.2826121 0.0277705 0.0170735
30 0.6905614 0.3440766 0.0277705 0.0170735
22 0.7612500 0.5284704 0.0277705 0.0170735
8 0.5479218 0.4670059 0.0277705 0.0170735
15 0.3371182 0.4055412 0.0277705 0.0170734
19 0.5479218 0.5284704 0.0277705 0.0170735
6 0.7612500 0.2826121 0.0277705 0.0170735
30 0.4078069 0.5284704 0.0277705 0.0170735
17 0.6198727 0.4055412 0.0277705 0.0170734
30 0.3371182 0.5899350 0.0277705 0.0170735
7 0.3371182 0.5284704 0.0277705 0.0170735
6 0.4078069 0.4670059 0.0277705 0.0170735
27 0.6905614 0.2826121 0.0277705 0.0170735
25 0.4784955 0.5284704 0.0277705 0.0170735
22 0.4784955 0.4055412 0.0277705 0.0170734
12 0.5479218 0.3440766 0.0277705 0.0170735
16 0.7612500 0.5899350 0.0277705 0.0170735
10 0.3371182 0.3440766 0.0277705 0.0170735
10 0.6198727 0.5899350 0.0277705 0.0170735
24 0.3371182 0.2826121 0.0277705 0.0170735
21 0.5479218 0.4055412 0.0277705 0.0170734
30 0.4078069 0.4055412 0.0277705 0.0170734
19 0.6905614 0.5284704 0.0277705 0.0170735
28 0.4784955 0.5899350 0.0277705 0.0170735
27 0.5479218 0.2826121 0.0277705 0.0170735
15 0.4784955 0.3440766 0.0277705 0.0170735
18 0.4784955 0.2826121 0.0277705 0.0170735
12 0.5479218 0.5899350 0.0277705 0.0170735
6 0.7612500 0.4670059 0.0277705 0.0170735
14 0.6198727 0.2826121 0.0277705 0.0170735
17 0.6905614 0.4055412 0.0277705 0.0170734
7 0.6198727 0.5284704 0.0277705 0.0170735
5 0.4784955 0.4670059 0.0277705 0.0170735
27 0.3371182 0.4670059 0.0277705 0.0170735
3 0.4078069 0.3440766 0.0277705 0.0170735
8 0.6198727 0.4670059 0.0277705 0.0170735
21 0.6905614 0.5899350 0.0277705 0.0170735
