5 0.4413966 0.2569544 0.0261925 0.0163290
22 0.5092590 0.4920918 0.0261925 0.0163290
32 0.4443731 0.3794218 0.4821801 0.4180221
24 0.3092436 0.4333075 0.0261925 0.0163290
34 0.3086483 0.4915475 0.0607190 0.0587844
23 0.3092436 0.4920918 0.0261925 0.0163290
6 0.5759309 0.3157388 0.0261925 0.0163290
26 0.5759309 0.4333075 0.0261925 0.0163290
3 0.3092436 0.3745231 0.0261925 0.0163290
19 0.3759154 0.2569544 0.0261925 0.0163290
25 0.4413966 0.4920918 0.0261925 0.0163290
26 0.3759154 0.4333075 0.0261925 0.0163290
24 0.3092436 0.2569544 0.0261925 0.0163290
15 0.4413966 0.3745231 0.0261925 0.0163290
18 0.3092436 0.3157388 0.0261925 0.0163290
31 0.5092590 0.4333075 0.0261925 0.0163290
18 0.5759309 0.2569544 0.0261925 0.0163290
2 0.2425717 0.2569544 0.0261925 0.0163290
29 0.6426027 0.2569544 0.0261925 0.0163290
19 0.3759154 0.5508762 0.0261925 0.0163289
22 0.4413966 0.5508762 0.0261925 0.0163289
3 0.3759154 0.3745231 0.0261925 0.0163290
31 0.3759154 0.3157388 0.0261925 0.0163290
11 0.6426027 0.4333075 0.0261925 0.0163290
10 0.2425717 0.3745231 0.0261925 0.0163290
11 0.5759309 0.3745231 0.0261925 0.0163290
13 0.6426027 0.3157388 0.0261925 0.0163290
20 0.2425717 0.5508762 0.0261925 0.0163289
18 0.3092436 0.5508762 0.0261925 0.0163289
14 0.2425717 0.4333075 0.0261925 0.0163290
4 0.4413966 0.3157388 0.0261925 0.0163290
12 0.4413966 0.4333075 0.0261925 0.0163290
1 0.5759309 0.4920918 0.0261925 0.0163290
20 0.3759154 0.4920918 0.0261925 0.0163290
18 0.5092590 0.5508762 0.0261925 0.0163289
27 0.6426027 0.5508762 0.0261925 0.0163289
28 0.2425717 0.3157388 0.0261925 0.0163290
4 0.5759309 0.5508762 0.0261925 0.0163289
29 0.6426027 0.3745231 0.0261925 0.0163290
13 0.2425717 0.4920918 0.0261925 0.0163290
9 0.5092590 0.2569544 0.0261925 0.0163290
24 0.6426027 0.4920918 0.0261925 0.0163290
11 0.5092590 0.3745231 0.0261925 0.0163290
17 0.5092590 0.3157388 0.0261925 0.0163290
