26 0.4287420 0.7306219 0.0281470 0.0160674
14 0.7153300 0.5570935 0.0281470 0.0160674
32 0.5023081 0.5619137 0.5181614 0.4113266
10 0.5720361 0.4414079 0.0281470 0.0160674
33 0.4287420 0.6722435 0.0665294 0.0578429
20 0.4287420 0.6727791 0.0281470 0.0160674
25 0.6436831 0.7306219 0.0281470 0.0160674
11 0.6436831 0.5570935 0.0281470 0.0160674
29 0.7153300 0.4992507 0.0281470 0.0160674
14 0.7153300 0.6727791 0.0281470 0.0160674
3 0.4991096 0.5570935 0.0281470 0.0160674
21 0.4287420 0.5570935 0.0281470 0.0160674
3 0.4991096 0.6727791 0.0281470 0.0160674
14 0.6436831 0.6727791 0.0281470 0.0160674
21 0.5720361 0.7306219 0.0281470 0.0160674
20 0.6436831 0.4414079 0.0281470 0.0160674
13 0.7153300 0.6149363 0.0281470 0.0160674
22 0.7153300 0.4414079 0.0281470 0.0160674
25 0.2854480 0.6727791 0.0281470 0.0160674
12 0.6436831 0.4992507 0.0281470 0.0160674
25 0.4991096 0.6149363 0.0281470 0.0160674
30 0.5720361 0.6727791 0.0281470 0.0160674
7 0.5720361 0.5570935 0.0281470 0.0160674
5 0.2854480 0.4414079 0.0281470 0.0160674
13 0.7153300 0.7306219 0.0281470 0.0160674
24 0.4991096 0.4414079 0.0281470 0.0160674
10 0.4991096 0.4992507 0.0281470 0.0160674
21 0.2854480 0.6149363 0.0281470 0.0160674
17 0.3570950 0.5570935 0.0281470 0.0160674
20 0.4287420 0.6149363 0.0281470 0.0160674
28 0.3570950 0.6149363 0.0281470 0.0160674
14 0.6436831 0.6149363 0.0281470 0.0160674
25 0.2854480 0.7306219 0.0281470 0.0160674
13 0.2854480 0.4992507 0.0281470 0.0160674
9 0.5720361 0.4992507 0.0281470 0.0160674
31 0.4991096 0.7306219 0.0281470 0.0160674
1 0.3570950 0.7306219 0.0281470 0.0160674
7 0.3570950 0.6727791 0.0281470 0.0160674
14 0.3570950 0.4414079 0.0281470 0.0160674
14 0.3570950 0.4992507 0.0281470 0.0160674
30 0.2854480 0.5570935 0.0281470 0.0160674
10 0.4287420 0.4414079 0.0281470 0.0160674
27 0.5720361 0.6149363 0.0281470 0.0160674
15 0.4287420 0.4992507 0.0281470 0.0160674
