28 0.2070859 0.4857335 0.0283514 0.0168078
10 0.1349187 0.5462414 0.0283514 0.0168077
32 0.2811861 0.3697600 0.5219235 0.4302785
2 0.4235875 0.4252256 0.0283514 0.0168077
33 0.3507759 0.4851732 0.0683011 0.0605079
21 0.3514203 0.4857335 0.0283514 0.0168078
3 0.1349187 0.3647176 0.0283514 0.0168078
26 0.4235875 0.2437018 0.0283514 0.0168078
24 0.2779644 0.4857335 0.0283514 0.0168078
8 0.2070859 0.2437018 0.0283514 0.0168078
4 0.4957547 0.4252256 0.0283514 0.0168077
5 0.2070859 0.3647176 0.0283514 0.0168078
30 0.1349187 0.3042097 0.0283514 0.0168077
1 0.0627514 0.4857335 0.0283514 0.0168078
30 0.0627514 0.4252256 0.0283514 0.0168077
31 0.0627514 0.3647176 0.0283514 0.0168078
6 0.4957547 0.2437018 0.0283514 0.0168078
5 0.2779644 0.5462414 0.0283514 0.0168077
7 0.4957547 0.3647176 0.0283514 0.0168078
13 0.1349187 0.4252256 0.0283514 0.0168077
13 0.3514203 0.3647176 0.0283514 0.0168078
6 0.2779644 0.2437018 0.0283514 0.0168078
30 0.2070859 0.4252256 0.0283514 0.0168077
27 0.4235875 0.5462414 0.0283514 0.0168077
17 0.3514203 0.4252256 0.0283514 0.0168077
31 0.1349187 0.2437018 0.0283514 0.0168078
19 0.4235875 0.3042097 0.0283514 0.0168077
15 0.2070859 0.5462414 0.0283514 0.0168077
30 0.2070859 0.3042097 0.0283514 0.0168077
24 0.2779644 0.3647176 0.0283514 0.0168078
14 0.2779644 0.3042097 0.0283514 0.0168077
25 0.4957547 0.3042097 0.0283514 0.0168077
8 0.0627514 0.5462414 0.0283514 0.0168077
4 0.3514203 0.3042097 0.0283514 0.0168077
5 0.0627514 0.3042097 0.0283514 0.0168077
31 0.2779644 0.4252256 0.0283514 0.0168077
1 0.4235875 0.3647176 0.0283514 0.0168078
22 0.0627514 0.2437018 0.0283514 0.0168078
27 0.3514203 0.2437018 0.0283514 0.0168078
10 0.4957547 0.4857335 0.0283514 0.0168078
22 0.1349187 0.4857335 0.0283514 0.0168078
1 0.4235875 0.4857335 0.0283514 0.0168078
5 0.3514203 0.5462414 0.0283514 0.0168077
4 0.4957547 0.5462414 0.0283514 0.0168077
