7 0.1468504 0.6911610 0.0282601 0.0172533
2 0.3613702 0.4427139 0.0282601 0.0172533
32 0.3645816 0.5721134 0.5202428 0.4416837
33 0.5058821 0.6284741 0.0655120 0.0621117
22 0.5065244 0.6290493 0.0282601 0.0172533
29 0.4345896 0.6911610 0.0282601 0.0172533
11 0.2187852 0.6290493 0.0282601 0.0172533
28 0.1468504 0.5048257 0.0282601 0.0172533
29 0.2907200 0.6290493 0.0282601 0.0172533
16 0.5065244 0.5048257 0.0282601 0.0172533
16 0.4345896 0.5048257 0.0282601 0.0172533
3 0.2907200 0.5048257 0.0282601 0.0172533
12 0.5065244 0.7532728 0.0282601 0.0172533
9 0.3613702 0.5048257 0.0282601 0.0172533
25 0.1468504 0.5669375 0.0282601 0.0172533
13 0.5065244 0.6911610 0.0282601 0.0172533
14 0.2187852 0.4427139 0.0282601 0.0172533
3 0.2187852 0.6911610 0.0282601 0.0172533
15 0.4345896 0.6290493 0.0282601 0.0172533
20 0.5784592 0.5669375 0.0282601 0.0172533
17 0.1468504 0.7532728 0.0282601 0.0172533
30 0.3613702 0.7532728 0.0282601 0.0172533
27 0.5784592 0.4427139 0.0282601 0.0172533
10 0.2187852 0.5669375 0.0282601 0.0172533
9 0.5784592 0.5048257 0.0282601 0.0172533
11 0.5065244 0.5669375 0.0282601 0.0172533
19 0.5784592 0.7532728 0.0282601 0.0172533
21 0.5784592 0.6290493 0.0282601 0.0172533
11 0.3613702 0.6911610 0.0282601 0.0172533
17 0.2187852 0.7532728 0.0282601 0.0172533
7 0.2187852 0.5048257 0.0282601 0.0172533
29 0.2907200 0.6911610 0.0282601 0.0172533
17 0.4345896 0.5669375 0.0282601 0.0172533
30 0.4345896 0.7532728 0.0282601 0.0172533
13 0.2907200 0.5669375 0.0282601 0.0172533
11 0.5784592 0.6911610 0.0282601 0.0172533
14 0.2907200 0.7532728 0.0282601 0.0172533
9 0.3613702 0.6290493 0.0282601 0.0172533
6 0.1468504 0.4427139 0.0282601 0.0172533
22 0.3613702 0.5669375 0.0282601 0.0172533
5 0.2907200 0.4427139 0.0282601 0.0172533
9 0.5065244 0.4427139 0.0282601 0.0172533
15 0.1468504 0.6290493 0.0282601 0.0172533
19 0.4345896 0.4427139 0.0282601 0.0172533
