3 0.5893495 0.3807250 0.0267772 0.0168178
29 0.2485490 0.6834453 0.0267772 0.0168178
32 0.3866949 0.5068585 0.4929436 0.4305355
34 0.5205809 0.3801644 0.0620744 0.0605441
7 0.5211894 0.3807250 0.0267772 0.0168178
2 0.5893495 0.4412691 0.0267772 0.0168178
26 0.5211894 0.6834453 0.0267772 0.0168178
8 0.2485490 0.3807250 0.0267772 0.0168178
25 0.5893495 0.6834453 0.0267772 0.0168178
5 0.4530293 0.4412691 0.0267772 0.0168178
13 0.5211894 0.5623572 0.0267772 0.0168178
8 0.3167091 0.5623572 0.0267772 0.0168178
19 0.3836521 0.6229012 0.0267772 0.0168178
28 0.2485490 0.5018131 0.0267772 0.0168178
17 0.4530293 0.6229012 0.0267772 0.0168178
9 0.3836521 0.3807250 0.0267772 0.0168178
17 0.3836521 0.5018131 0.0267772 0.0168178
3 0.3167091 0.6834453 0.0267772 0.0168178
10 0.5893495 0.5623572 0.0267772 0.0168178
11 0.5893495 0.5018131 0.0267772 0.0168178
16 0.2485490 0.6229012 0.0267772 0.0168178
29 0.1803889 0.3807250 0.0267772 0.0168178
2 0.4530293 0.5018131 0.0267772 0.0168178
31 0.3836521 0.5623572 0.0267772 0.0168178
12 0.1803889 0.4412691 0.0267772 0.0168178
14 0.1803889 0.5623572 0.0267772 0.0168178
29 0.5893495 0.6229012 0.0267772 0.0168178
31 0.3167091 0.4412691 0.0267772 0.0168178
21 0.3836521 0.4412691 0.0267772 0.0168178
24 0.1803889 0.6834453 0.0267772 0.0168178
7 0.3167091 0.6229012 0.0267772 0.0168178
2 0.2485490 0.5623572 0.0267772 0.0168178
17 0.2485490 0.4412691 0.0267772 0.0168178
14 0.3836521 0.6834453 0.0267772 0.0168178
4 0.3167091 0.3807250 0.0267772 0.0168178
26 0.5211894 0.5018131 0.0267772 0.0168178
13 0.4530293 0.6834453 0.0267772 0.0168178
11 0.4530293 0.5623572 0.0267772 0.0168178
2 0.4530293 0.3807250 0.0267772 0.0168178
5 0.1803889 0.5018131 0.0267772 0.0168178
8 0.1803889 0.6229012 0.0267772 0.0168178
7 0.5211894 0.6229012 0.0267772 0.0168178
28 0.5211894 0.4412691 0.0267772 0.0168178
4 0.3167091 0.5018131 0.0267772 0.0168178
