2 0.6211476 0.7423592 0.0287954 0.0170069
4 0.4025645 0.7423592 0.0287954 0.0170069
32 0.6244198 0.6250118 0.5300967 0.4353758
1 0.6957538 0.6199097 0.0287954 0.0170068
33 0.7683967 0.6805676 0.0667529 0.0612248
12 0.7690511 0.6811344 0.0287953 0.0170069
18 0.6957538 0.8035839 0.0287954 0.0170068
29 0.8423485 0.6199097 0.0287954 0.0170068
16 0.7690511 0.4974603 0.0287953 0.0170069
22 0.8423485 0.7423592 0.0287954 0.0170069
21 0.4758618 0.7423592 0.0287954 0.0170069
14 0.4025645 0.6811344 0.0287954 0.0170069
20 0.8423485 0.5586850 0.0287954 0.0170069
1 0.4758618 0.6811344 0.0287954 0.0170069
12 0.5491592 0.5586850 0.0287954 0.0170069
27 0.4758618 0.5586850 0.0287954 0.0170069
18 0.8423485 0.8035839 0.0287954 0.0170068
29 0.8423485 0.6811344 0.0287954 0.0170069
10 0.7690511 0.7423592 0.0287953 0.0170069
15 0.6211476 0.8035839 0.0287954 0.0170068
15 0.5491592 0.6199097 0.0287954 0.0170068
12 0.7690511 0.5586850 0.0287953 0.0170069
26 0.6957538 0.6811344 0.0287954 0.0170069
14 0.8423485 0.4974603 0.0287954 0.0170069
15 0.4758618 0.8035839 0.0287954 0.0170068
9 0.7690511 0.8035839 0.0287953 0.0170068
6 0.5491592 0.7423592 0.0287954 0.0170069
10 0.4758618 0.4974603 0.0287954 0.0170069
30 0.4025645 0.8035839 0.0287954 0.0170068
9 0.6211476 0.5586850 0.0287954 0.0170069
17 0.6957538 0.7423592 0.0287954 0.0170069
21 0.5491592 0.6811344 0.0287954 0.0170069
7 0.7690511 0.6199097 0.0287953 0.0170068
8 0.4025645 0.5586850 0.0287954 0.0170069
22 0.4025645 0.4974603 0.0287954 0.0170069
7 0.6211476 0.6199097 0.0287954 0.0170068
2 0.5491592 0.4974603 0.0287954 0.0170069
17 0.6211476 0.4974603 0.0287954 0.0170069
5 0.4758618 0.6199097 0.0287954 0.0170068
22 0.4025645 0.6199097 0.0287954 0.0170068
9 0.6211476 0.6811344 0.0287954 0.0170069
29 0.5491592 0.8035839 0.0287954 0.0170068
15 0.6957538 0.4974603 0.0287954 0.0170069
9 0.6957538 0.5586850 0.0287954 0.0170069
