20 0.6686793 0.6244044 0.0267708 0.0167054
29 0.4642477 0.5041259 0.0267708 0.0167053
32 0.5342168 0.4489982 0.4928262 0.4276572
1 0.4642477 0.3838473 0.0267708 0.0167053
33 0.5999270 0.4434298 0.0644933 0.0601393
7 0.6005354 0.4439866 0.0267708 0.0167053
31 0.3961038 0.5041259 0.0267708 0.0167053
9 0.6686793 0.4439866 0.0267708 0.0167053
18 0.3279599 0.4439866 0.0267708 0.0167053
4 0.5311747 0.6244044 0.0267708 0.0167054
12 0.5311747 0.5041259 0.0267708 0.0167053
4 0.5311747 0.5642652 0.0267708 0.0167054
22 0.6005354 0.3838473 0.0267708 0.0167053
18 0.7368232 0.4439866 0.0267708 0.0167053
2 0.5311747 0.3838473 0.0267708 0.0167053
24 0.4642477 0.5642652 0.0267708 0.0167054
1 0.6686793 0.5642652 0.0267708 0.0167054
17 0.4642477 0.3237080 0.0267708 0.0167054
1 0.6005354 0.6244044 0.0267708 0.0167054
10 0.7368232 0.3838473 0.0267708 0.0167053
16 0.5311747 0.4439866 0.0267708 0.0167053
12 0.3279599 0.3838473 0.0267708 0.0167053
31 0.3279599 0.6244044 0.0267708 0.0167054
20 0.3961038 0.3237080 0.0267708 0.0167054
21 0.3961038 0.3838473 0.0267708 0.0167053
12 0.3961038 0.4439866 0.0267708 0.0167053
31 0.5311747 0.3237080 0.0267708 0.0167054
2 0.7368232 0.3237080 0.0267708 0.0167054
12 0.3279599 0.3237080 0.0267708 0.0167054
9 0.6686793 0.3237080 0.0267708 0.0167054
27 0.6686793 0.3838473 0.0267708 0.0167053
15 0.3961038 0.6244044 0.0267708 0.0167054
19 0.6005354 0.3237080 0.0267708 0.0167054
5 0.4642477 0.6244044 0.0267708 0.0167054
20 0.3961038 0.5642652 0.0267708 0.0167054
29 0.7368232 0.5041259 0.0267708 0.0167053
14 0.6686793 0.5041259 0.0267708 0.0167053
22 0.3279599 0.5642652 0.0267708 0.0167054
31 0.3279599 0.5041259 0.0267708 0.0167053
16 0.6005354 0.5642652 0.0267708 0.0167054
21 0.7368232 0.5642652 0.0267708 0.0167054
9 0.4642477 0.4439866 0.0267708 0.0167053
19 0.7368232 0.6244044 0.0267708 0.0167054
1 0.6005354 0.5041259 0.0267708 0.0167053
