28 0.4659635 0.3294087 0.0287422 0.0162543
27 0.2477839 0.6219868 0.0287422 0.0162543
32 0.4692297 0.4513163 0.5291183 0.4161110
20 0.3941080 0.5634712 0.0287423 0.0162543
34 0.6867561 0.5629294 0.0679362 0.0585156
4 0.6867561 0.5634712 0.0287422 0.0162543
6 0.6135941 0.3879244 0.0287422 0.0162543
7 0.5404320 0.6219868 0.0287422 0.0162543
6 0.3209459 0.5634712 0.0287422 0.0162543
22 0.2477839 0.3294087 0.0287422 0.0162543
26 0.3941080 0.5049556 0.0287423 0.0162543
21 0.4659635 0.5634712 0.0287422 0.0162543
31 0.4659635 0.5049556 0.0287422 0.0162543
29 0.3209459 0.3294087 0.0287422 0.0162543
18 0.6135941 0.5634712 0.0287422 0.0162543
26 0.3941080 0.3294087 0.0287423 0.0162543
18 0.3941080 0.6219868 0.0287423 0.0162543
21 0.2477839 0.5049556 0.0287422 0.0162543
5 0.5404320 0.3879244 0.0287422 0.0162543
14 0.3209459 0.4464400 0.0287422 0.0162543
16 0.3209459 0.6219868 0.0287422 0.0162543
29 0.3941080 0.3879244 0.0287423 0.0162543
2 0.6135941 0.5049556 0.0287422 0.0162543
27 0.5404320 0.5634712 0.0287422 0.0162543
28 0.6867561 0.5049556 0.0287422 0.0162543
11 0.4659635 0.3879244 0.0287422 0.0162543
26 0.4659635 0.4464400 0.0287422 0.0162543
4 0.6867561 0.3294087 0.0287422 0.0162543
10 0.4659635 0.6219868 0.0287422 0.0162543
4 0.6867561 0.6219868 0.0287422 0.0162543
12 0.3209459 0.5049556 0.0287422 0.0162543
24 0.6867561 0.4464400 0.0287422 0.0162543
15 0.2477839 0.5634712 0.0287422 0.0162543
29 0.3209459 0.3879244 0.0287422 0.0162543
16 0.6867561 0.3879244 0.0287422 0.0162543
6 0.5404320 0.3294087 0.0287422 0.0162543
30 0.6135941 0.4464400 0.0287422 0.0162543
28 0.5404320 0.5049556 0.0287422 0.0162543
21 0.3941080 0.4464400 0.0287423 0.0162543
9 0.6135941 0.6219868 0.0287422 0.0162543
16 0.6135941 0.3294087 0.0287422 0.0162543
15 0.5404320 0.4464400 0.0287422 0.0162543
10 0.2477839 0.3879244 0.0287422 0.0162543
15 0.2477839 0.4464400 0.0287422 0.0162543
