7 0.6428494 0.7404909 0.0269205 0.0161644
14 0.4384988 0.6241069 0.0269205 0.0161645
32 0.6459086 0.6289562 0.4955809 0.4138097
29 0.8496474 0.6822989 0.0269205 0.0161645
33 0.5755483 0.7981441 0.0636301 0.0581920
22 0.5755483 0.7986829 0.0269205 0.0161644
8 0.4384988 0.5659149 0.0269205 0.0161645
21 0.7811226 0.6822989 0.0269204 0.0161645
8 0.8496474 0.6241069 0.0269205 0.0161645
25 0.7125978 0.6822989 0.0269204 0.0161645
25 0.7125978 0.7404909 0.0269204 0.0161644
3 0.7811226 0.7404909 0.0269204 0.0161644
5 0.8496474 0.7404909 0.0269205 0.0161644
8 0.7811226 0.5077229 0.0269204 0.0161644
24 0.5755483 0.7404909 0.0269205 0.0161644
19 0.8496474 0.5659149 0.0269205 0.0161645
5 0.5070235 0.7404909 0.0269205 0.0161644
5 0.8496474 0.5077229 0.0269205 0.0161644
26 0.6428494 0.7986829 0.0269205 0.0161644
9 0.7811226 0.5659149 0.0269204 0.0161645
28 0.6428494 0.5077229 0.0269205 0.0161644
13 0.5070235 0.6822989 0.0269205 0.0161645
20 0.5070235 0.5077229 0.0269205 0.0161644
11 0.5755483 0.6822989 0.0269205 0.0161645
11 0.5755483 0.5077229 0.0269205 0.0161644
2 0.7811226 0.6241069 0.0269204 0.0161645
27 0.5070235 0.5659149 0.0269205 0.0161645
27 0.7811226 0.7986829 0.0269204 0.0161644
25 0.5755483 0.6241069 0.0269205 0.0161645
29 0.4384988 0.5077229 0.0269205 0.0161644
3 0.4384988 0.7986829 0.0269205 0.0161644
20 0.8496474 0.7986829 0.0269205 0.0161644
28 0.5755483 0.5659149 0.0269205 0.0161645
3 0.6428494 0.5659149 0.0269205 0.0161645
16 0.7125978 0.5659149 0.0269204 0.0161645
12 0.7125978 0.7986829 0.0269204 0.0161644
19 0.7125978 0.6241069 0.0269204 0.0161645
12 0.7125978 0.5077229 0.0269204 0.0161644
31 0.5070235 0.7986829 0.0269205 0.0161644
2 0.6428494 0.6241069 0.0269205 0.0161645
6 0.4384988 0.7404909 0.0269205 0.0161644
26 0.6428494 0.6822989 0.0269205 0.0161645
26 0.4384988 0.6822989 0.0269205 0.0161645
9 0.5070235 0.6241069 0.0269205 0.0161645
