19 0.6293137 0.5608385 0.0266508 0.0169781
3 0.4270098 0.3163547 0.0266508 0.0169781
32 0.6323422 0.3825691 0.4906173 0.4346378
26 0.8340405 0.2552338 0.0266508 0.0169780
33 0.6293137 0.4380307 0.0629928 0.0611209
16 0.6293137 0.4385966 0.0266508 0.0169781
29 0.4270098 0.4385966 0.0266508 0.0169781
31 0.7662020 0.5608385 0.0266508 0.0169781
7 0.5626867 0.3774757 0.0266508 0.0169781
15 0.7662020 0.4385966 0.0266508 0.0169781
22 0.4948483 0.4385966 0.0266508 0.0169781
17 0.8340405 0.4997175 0.0266508 0.0169781
2 0.5626867 0.2552338 0.0266508 0.0169780
21 0.4270098 0.3774757 0.0266508 0.0169781
2 0.5626867 0.5608385 0.0266508 0.0169781
9 0.8340405 0.3774757 0.0266508 0.0169781
17 0.6983636 0.3774757 0.0266508 0.0169781
16 0.6293137 0.2552338 0.0266508 0.0169780
16 0.4948483 0.3774757 0.0266508 0.0169781
2 0.7662020 0.2552338 0.0266508 0.0169780
7 0.7662020 0.3774757 0.0266508 0.0169781
24 0.6983636 0.5608385 0.0266508 0.0169781
1 0.5626867 0.4997175 0.0266508 0.0169781
24 0.5626867 0.3163547 0.0266508 0.0169781
31 0.4948483 0.3163547 0.0266508 0.0169781
11 0.6983636 0.4385966 0.0266508 0.0169781
8 0.6983636 0.2552338 0.0266508 0.0169780
8 0.4948483 0.4997175 0.0266508 0.0169781
4 0.5626867 0.4385966 0.0266508 0.0169781
26 0.6983636 0.3163547 0.0266508 0.0169781
7 0.4270098 0.4997175 0.0266508 0.0169781
3 0.8340405 0.4385966 0.0266508 0.0169781
4 0.8340405 0.3163547 0.0266508 0.0169781
11 0.7662020 0.3163547 0.0266508 0.0169781
27 0.6293137 0.3163547 0.0266508 0.0169781
29 0.4270098 0.5608385 0.0266508 0.0169781
29 0.6983636 0.4997175 0.0266508 0.0169781
28 0.8340405 0.5608385 0.0266508 0.0169781
28 0.6293137 0.3774757 0.0266508 0.0169781
27 0.7662020 0.4997175 0.0266508 0.0169781
3 0.4948483 0.5608385 0.0266508 0.0169781
14 0.4270098 0.2552338 0.0266508 0.0169780
28 0.4948483 0.2552338 0.0266508 0.0169780
11 0.6293137 0.4997175 0.0266508 0.0169781
