7 0.3977098 0.5598416 0.0286956 0.0161244
21 0.3977098 0.5017939 0.0286956 0.0161243
32 0.6187964 0.6227265 0.5282600 0.4127832
34 0.3977098 0.6173518 0.0678260 0.0580477
14 0.3977098 0.6178892 0.0286956 0.0161243
6 0.6898833 0.6759369 0.0286957 0.0161243
10 0.6155355 0.6759369 0.0286956 0.0161243
15 0.5437966 0.5017939 0.0286956 0.0161243
16 0.6155355 0.7920322 0.0286956 0.0161244
12 0.4707532 0.7339845 0.0286956 0.0161244
15 0.3977098 0.7339845 0.0286956 0.0161244
19 0.4707532 0.5598416 0.0286956 0.0161244
10 0.8359700 0.7339845 0.0286956 0.0161244
2 0.4707532 0.5017939 0.0286956 0.0161243
28 0.6898833 0.5598416 0.0286957 0.0161244
27 0.7629266 0.6178892 0.0286956 0.0161243
2 0.6155355 0.6178892 0.0286956 0.0161243
15 0.7629266 0.5598416 0.0286956 0.0161244
17 0.8359700 0.6759369 0.0286956 0.0161243
18 0.6898833 0.5017939 0.0286957 0.0161243
21 0.8359700 0.6178892 0.0286956 0.0161243
19 0.5437966 0.6178892 0.0286956 0.0161243
9 0.4707532 0.6178892 0.0286956 0.0161243
16 0.8359700 0.5598416 0.0286956 0.0161244
25 0.6155355 0.5017939 0.0286956 0.0161243
5 0.5437966 0.7920322 0.0286956 0.0161244
26 0.5437966 0.5598416 0.0286956 0.0161244
15 0.6898833 0.7920322 0.0286957 0.0161244
17 0.8359700 0.5017939 0.0286956 0.0161243
24 0.7629266 0.7920322 0.0286956 0.0161244
24 0.5437966 0.6759369 0.0286956 0.0161243
22 0.6898833 0.7339845 0.0286957 0.0161244
4 0.3977098 0.6759369 0.0286956 0.0161243
24 0.6155355 0.7339845 0.0286956 0.0161244
13 0.7629266 0.5017939 0.0286956 0.0161243
31 0.4707532 0.7920322 0.0286956 0.0161244
25 0.3977098 0.7920322 0.0286956 0.0161244
19 0.6155355 0.5598416 0.0286956 0.0161244
25 0.7629266 0.7339845 0.0286956 0.0161244
29 0.7629266 0.6759369 0.0286956 0.0161243
19 0.4707532 0.6759369 0.0286956 0.0161243
16 0.8359700 0.7920322 0.0286956 0.0161244
16 0.6898833 0.6178892 0.0286957 0.0161243
19 0.5437966 0.7339845 0.0286956 0.0161244
