18 0.4361652 0.6338232 0.0261280 0.0162090
8 0.3684699 0.4004148 0.0261280 0.0162089
32 0.3714390 0.5219817 0.4809930 0.4149483
34 0.4355714 0.5749308 0.0629448 0.0583521
7 0.4361652 0.5754711 0.0261280 0.0162089
8 0.4361652 0.4004148 0.0261280 0.0162089
12 0.5691806 0.4587669 0.0261280 0.0162089
22 0.4361652 0.5171190 0.0261280 0.0162089
14 0.3031499 0.6921753 0.0261280 0.0162090
29 0.5026729 0.5171190 0.0261280 0.0162089
6 0.5026729 0.4004148 0.0261280 0.0162089
6 0.1701345 0.5754711 0.0261280 0.0162089
2 0.5691806 0.5171190 0.0261280 0.0162089
4 0.1701345 0.6921753 0.0261280 0.0162090
6 0.5691806 0.4004148 0.0261280 0.0162089
16 0.3684699 0.5754711 0.0261280 0.0162089
8 0.5026729 0.4587669 0.0261280 0.0162089
4 0.3031499 0.6338232 0.0261280 0.0162090
25 0.3031499 0.5754711 0.0261280 0.0162089
1 0.2366422 0.4587669 0.0261280 0.0162089
19 0.2366422 0.6921753 0.0261280 0.0162090
12 0.3031499 0.4587669 0.0261280 0.0162089
17 0.4361652 0.6921753 0.0261280 0.0162090
14 0.5691806 0.6921753 0.0261280 0.0162090
28 0.1701345 0.5171190 0.0261280 0.0162089
20 0.1701345 0.6338232 0.0261280 0.0162090
3 0.1701345 0.4004148 0.0261280 0.0162089
10 0.3684699 0.4587669 0.0261280 0.0162089
2 0.1701345 0.4587669 0.0261280 0.0162089
3 0.4361652 0.4587669 0.0261280 0.0162089
26 0.2366422 0.5754711 0.0261280 0.0162089
8 0.5026729 0.5754711 0.0261280 0.0162089
26 0.3031499 0.5171190 0.0261280 0.0162089
10 0.5026729 0.6338232 0.0261280 0.0162090
2 0.3684699 0.5171190 0.0261280 0.0162089
5 0.2366422 0.5171190 0.0261280 0.0162089
17 0.2366422 0.4004148 0.0261280 0.0162089
27 0.5026729 0.6921753 0.0261280 0.0162090
11 0.3684699 0.6338232 0.0261280 0.0162090
20 0.5691806 0.5754711 0.0261280 0.0162089
5 0.3031499 0.4004148 0.0261280 0.0162089
8 0.3684699 0.6921753 0.0261280 0.0162090
1 0.2366422 0.6338232 0.0261280 0.0162090
18 0.5691806 0.6338232 0.0261280 0.0162090
