7 0.4395856 0.4632487 0.0261522 0.0167731
19 0.6381042 0.4632487 0.0261522 0.0167731
32 0.6410760 0.4682806 0.4814373 0.4293916
34 0.5055604 0.5230728 0.0606254 0.0603832
5 0.5061548 0.5236319 0.0261522 0.0167731
6 0.4395856 0.5236319 0.0261522 0.0167731
12 0.5061548 0.3424823 0.0261522 0.0167731
12 0.7058621 0.4632487 0.0261521 0.0167731
14 0.5727239 0.5236319 0.0261521 0.0167731
19 0.7724312 0.5236319 0.0261521 0.0167731
24 0.7058621 0.3424823 0.0261521 0.0167731
24 0.7058621 0.6443983 0.0261521 0.0167731
16 0.4395856 0.6443983 0.0261522 0.0167731
27 0.7724312 0.4028655 0.0261521 0.0167731
22 0.5727239 0.4632487 0.0261521 0.0167731
12 0.7058621 0.5236319 0.0261521 0.0167731
17 0.4395856 0.4028655 0.0261522 0.0167731
4 0.5061548 0.6443983 0.0261522 0.0167731
26 0.7724312 0.4632487 0.0261521 0.0167731
5 0.5727239 0.6443983 0.0261521 0.0167731
18 0.6381042 0.3424823 0.0261522 0.0167731
10 0.8390003 0.4028655 0.0261522 0.0167731
26 0.7058621 0.4028655 0.0261521 0.0167731
30 0.5061548 0.4028655 0.0261522 0.0167731
2 0.5727239 0.3424823 0.0261521 0.0167731
26 0.8390003 0.5840152 0.0261522 0.0167731
7 0.8390003 0.4632487 0.0261522 0.0167731
31 0.8390003 0.3424823 0.0261522 0.0167731
3 0.7058621 0.5840152 0.0261521 0.0167731
4 0.5727239 0.5840152 0.0261521 0.0167731
2 0.7724312 0.6443983 0.0261521 0.0167731
19 0.6381042 0.6443983 0.0261522 0.0167731
30 0.7724312 0.3424823 0.0261521 0.0167731
6 0.6381042 0.5236319 0.0261522 0.0167731
3 0.6381042 0.4028655 0.0261522 0.0167731
24 0.8390003 0.6443983 0.0261522 0.0167731
29 0.8390003 0.5236319 0.0261522 0.0167731
18 0.7724312 0.5840152 0.0261521 0.0167731
12 0.5061548 0.4632487 0.0261522 0.0167731
28 0.6381042 0.5840152 0.0261522 0.0167731
19 0.5061548 0.5840152 0.0261522 0.0167731
26 0.4395856 0.5840152 0.0261522 0.0167731
16 0.5727239 0.4028655 0.0261521 0.0167731
13 0.4395856 0.3424823 0.0261522 0.0167731
