11 0.7166451 0.4539258 0.0287665 0.0170834
16 0.6434212 0.5769261 0.0287665 0.0170833
32 0.5721587 0.5820511 0.5295655 0.4373343
33 0.7159912 0.5148565 0.0666860 0.0615001
22 0.7166451 0.5154259 0.0287665 0.0170834
24 0.7898689 0.7614265 0.0287665 0.0170833
31 0.6434212 0.6384262 0.0287665 0.0170833
12 0.3505257 0.5154259 0.0287665 0.0170834
30 0.5688897 0.5769261 0.0287666 0.0170833
9 0.4237495 0.5769261 0.0287665 0.0170833
13 0.5688897 0.6999264 0.0287666 0.0170834
8 0.6434212 0.7614265 0.0287665 0.0170833
31 0.4237495 0.4539258 0.0287665 0.0170834
14 0.6434212 0.5154259 0.0287665 0.0170834
27 0.4969734 0.6384262 0.0287665 0.0170833
30 0.4969734 0.6999264 0.0287665 0.0170834
16 0.5688897 0.6384262 0.0287666 0.0170833
4 0.4969734 0.5154259 0.0287665 0.0170834
6 0.4237495 0.6999264 0.0287665 0.0170834
15 0.5688897 0.5154259 0.0287666 0.0170834
14 0.7898689 0.5769261 0.0287665 0.0170833
18 0.6434212 0.4539258 0.0287665 0.0170834
2 0.3505257 0.6999264 0.0287665 0.0170834
5 0.7166451 0.6384262 0.0287665 0.0170833
30 0.4969734 0.4539258 0.0287665 0.0170834
25 0.3505257 0.6384262 0.0287665 0.0170833
27 0.4237495 0.6384262 0.0287665 0.0170833
2 0.6434212 0.6999264 0.0287665 0.0170834
26 0.4237495 0.7614265 0.0287665 0.0170833
1 0.4237495 0.5154259 0.0287665 0.0170834
17 0.7898689 0.6999264 0.0287665 0.0170834
28 0.7898689 0.5154259 0.0287665 0.0170834
4 0.7166451 0.7614265 0.0287665 0.0170833
30 0.3505257 0.5769261 0.0287665 0.0170833
4 0.7898689 0.6384262 0.0287665 0.0170833
14 0.4969734 0.7614265 0.0287665 0.0170833
5 0.7166451 0.6999264 0.0287665 0.0170834
2 0.4969734 0.5769261 0.0287665 0.0170833
5 0.3505257 0.7614265 0.0287665 0.0170833
19 0.3505257 0.4539258 0.0287665 0.0170834
21 0.7898689 0.4539258 0.0287665 0.0170834
31 0.5688897 0.7614265 0.0287666 0.0170833
27 0.7166451 0.5769261 0.0287665 0.0170833
18 0.5688897 0.4539258 0.0287666 0.0170834
