4 0.5897310 0.5154230 0.0264184 0.0162248
13 0.5236850 0.3401954 0.0264185 0.0162248
32 0.5927331 0.3450629 0.4863389 0.4153541
33 0.5236850 0.4564730 0.0624435 0.0584092
25 0.5236850 0.4570138 0.0264185 0.0162248
1 0.6581787 0.2817863 0.0264184 0.0162248
22 0.7254256 0.3401954 0.0264184 0.0162248
27 0.4564381 0.3986046 0.0264184 0.0162248
20 0.5236850 0.3986046 0.0264185 0.0162248
24 0.5897310 0.2817863 0.0264184 0.0162248
31 0.4564381 0.5154230 0.0264184 0.0162248
14 0.6581787 0.3986046 0.0264184 0.0162248
3 0.3891913 0.2817863 0.0264184 0.0162248
26 0.5897310 0.4570138 0.0264184 0.0162248
21 0.6581787 0.4570138 0.0264184 0.0162248
30 0.7254256 0.2233771 0.0264184 0.0162248
7 0.6581787 0.3401954 0.0264184 0.0162248
11 0.5897310 0.2233771 0.0264184 0.0162248
28 0.5236850 0.2817863 0.0264185 0.0162248
3 0.4564381 0.2233771 0.0264184 0.0162248
3 0.6581787 0.2233771 0.0264184 0.0162248
18 0.7926724 0.3401954 0.0264184 0.0162248
7 0.4564381 0.4570138 0.0264184 0.0162248
4 0.4564381 0.3401954 0.0264184 0.0162248
24 0.7254256 0.3986046 0.0264184 0.0162248
16 0.5897310 0.3401954 0.0264184 0.0162248
24 0.7254256 0.5154230 0.0264184 0.0162248
15 0.3891913 0.4570138 0.0264184 0.0162248
26 0.5897310 0.3986046 0.0264184 0.0162248
20 0.7926724 0.5154230 0.0264184 0.0162248
19 0.3891913 0.3401954 0.0264184 0.0162248
6 0.7926724 0.4570138 0.0264184 0.0162248
25 0.7926724 0.2817863 0.0264184 0.0162248
8 0.5236850 0.5154230 0.0264185 0.0162248
26 0.7254256 0.4570138 0.0264184 0.0162248
28 0.6581787 0.5154230 0.0264184 0.0162248
7 0.5236850 0.2233771 0.0264185 0.0162248
27 0.7254256 0.2817863 0.0264184 0.0162248
24 0.7926724 0.2233771 0.0264184 0.0162248
8 0.7926724 0.3986046 0.0264184 0.0162248
31 0.4564381 0.2817863 0.0264184 0.0162248
6 0.3891913 0.3986046 0.0264184 0.0162248
1 0.3891913 0.2233771 0.0264184 0.0162248
24 0.3891913 0.5154230 0.0264184 0.0162248
