29 0.3799082 0.5635368 0.0270021 0.0166515
16 0.3799082 0.4436460 0.0270021 0.0166515
32 0.5192144 0.5685322 0.4970837 0.4262782
34 0.7235709 0.6828725 0.0638231 0.0599455
26 0.7235710 0.6834275 0.0270020 0.0166515
5 0.5861058 0.5035914 0.0270020 0.0166515
22 0.7235710 0.6234821 0.0270020 0.0166515
8 0.7235710 0.5035914 0.0270020 0.0166515
21 0.5861058 0.6834275 0.0270020 0.0166515
31 0.6548384 0.5635368 0.0270021 0.0166515
13 0.3799082 0.7433729 0.0270021 0.0166515
31 0.4486407 0.7433729 0.0270021 0.0166515
6 0.3799082 0.5035914 0.0270021 0.0166515
11 0.5161459 0.4436460 0.0270021 0.0166515
1 0.6548384 0.4436460 0.0270021 0.0166515
20 0.5161459 0.5635368 0.0270021 0.0166515
30 0.5161459 0.6834275 0.0270021 0.0166515
11 0.3111756 0.4436460 0.0270021 0.0166515
22 0.5161459 0.7433729 0.0270021 0.0166515
17 0.3111756 0.6234821 0.0270021 0.0166515
15 0.6548384 0.6834275 0.0270021 0.0166515
25 0.6548384 0.7433729 0.0270021 0.0166515
26 0.4486407 0.6834275 0.0270021 0.0166515
9 0.7235710 0.4436460 0.0270020 0.0166515
1 0.5861058 0.7433729 0.0270020 0.0166515
22 0.6548384 0.6234821 0.0270021 0.0166515
5 0.3799082 0.6234821 0.0270021 0.0166515
2 0.3799082 0.6834275 0.0270021 0.0166515
4 0.5861058 0.4436460 0.0270020 0.0166515
10 0.6548384 0.5035914 0.0270021 0.0166515
1 0.7235710 0.5635368 0.0270020 0.0166515
29 0.4486407 0.5035914 0.0270021 0.0166515
2 0.4486407 0.6234821 0.0270021 0.0166515
16 0.3111756 0.6834275 0.0270021 0.0166515
12 0.5861058 0.6234821 0.0270020 0.0166515
22 0.5861058 0.5635368 0.0270020 0.0166515
11 0.3111756 0.7433729 0.0270021 0.0166515
6 0.5161459 0.5035914 0.0270021 0.0166515
7 0.4486407 0.5635368 0.0270021 0.0166515
13 0.3111756 0.5635368 0.0270021 0.0166515
8 0.3111756 0.5035914 0.0270021 0.0166515
15 0.5161459 0.6234821 0.0270021 0.0166515
14 0.4486407 0.4436460 0.0270021 0.0166515
28 0.7235710 0.7433729 0.0270020 0.0166515
