17 0.3767895 0.5422600 0.0273006 0.0169734
3 0.4462820 0.4811557 0.0273006 0.0169734
32 0.5871284 0.3640390 0.5025797 0.4345197
33 0.4456615 0.2972770 0.0632878 0.0611044
17 0.4462820 0.2978427 0.0273006 0.0169734
13 0.5840261 0.2367384 0.0273006 0.0169734
14 0.6547595 0.4811557 0.0273007 0.0169734
13 0.4462820 0.5422600 0.0273006 0.0169734
2 0.4462820 0.4200514 0.0273006 0.0169734
11 0.7937445 0.4811557 0.0273006 0.0169734
29 0.7242520 0.4200514 0.0273007 0.0169734
13 0.5840261 0.3589470 0.0273006 0.0169734
21 0.3767895 0.2978427 0.0273006 0.0169734
1 0.5157745 0.3589470 0.0273006 0.0169734
14 0.5157745 0.4200514 0.0273006 0.0169734
10 0.5157745 0.4811557 0.0273006 0.0169734
8 0.6547595 0.2978427 0.0273007 0.0169734
17 0.3767895 0.4811557 0.0273006 0.0169734
19 0.7242520 0.2367384 0.0273007 0.0169734
31 0.5840261 0.4811557 0.0273006 0.0169734
22 0.7937445 0.4200514 0.0273006 0.0169734
8 0.5157745 0.2367384 0.0273006 0.0169734
14 0.7937445 0.2367384 0.0273006 0.0169734
4 0.5840261 0.2978427 0.0273006 0.0169734
4 0.5157745 0.2978427 0.0273006 0.0169734
26 0.7242520 0.5422600 0.0273007 0.0169734
26 0.6547595 0.2367384 0.0273007 0.0169734
6 0.5840261 0.5422600 0.0273006 0.0169734
6 0.7937445 0.3589470 0.0273006 0.0169734
5 0.3767895 0.4200514 0.0273006 0.0169734
9 0.7937445 0.2978427 0.0273006 0.0169734
27 0.7937445 0.5422600 0.0273006 0.0169734
1 0.5840261 0.4200514 0.0273006 0.0169734
11 0.7242520 0.4811557 0.0273007 0.0169734
4 0.5157745 0.5422600 0.0273006 0.0169734
26 0.7242520 0.2978427 0.0273007 0.0169734
29 0.6547595 0.5422600 0.0273007 0.0169734
15 0.4462820 0.3589470 0.0273006 0.0169734
4 0.6547595 0.4200514 0.0273007 0.0169734
28 0.6547595 0.3589470 0.0273007 0.0169734
9 0.3767895 0.3589470 0.0273006 0.0169734
27 0.4462820 0.2367384 0.0273006 0.0169734
25 0.3767895 0.2367384 0.0273006 0.0169734
5 0.7242520 0.3589470 0.0273007 0.0169734
