17 0.3980814 0.6589841 0.0268302 0.0163736
5 0.5346712 0.4232045 0.0268301 0.0163736
32 0.6047955 0.5460064 0.4939186 0.4191637
34 0.4657665 0.4816037 0.0621972 0.0589449
26 0.4663763 0.4821495 0.0268301 0.0163736
2 0.6712610 0.6589841 0.0268301 0.0163736
3 0.7395560 0.5410943 0.0268301 0.0163736
5 0.5346712 0.6589841 0.0268301 0.0163736
14 0.6712610 0.7179290 0.0268301 0.0163736
30 0.7395560 0.6000392 0.0268301 0.0163736
17 0.5346712 0.4821495 0.0268301 0.0163736
1 0.6017466 0.4821495 0.0268301 0.0163736
19 0.6017466 0.6000392 0.0268301 0.0163736
11 0.6017466 0.7179290 0.0268301 0.0163736
2 0.6017466 0.4232045 0.0268301 0.0163736
19 0.7395560 0.4821495 0.0268301 0.0163736
11 0.4663763 0.6589841 0.0268301 0.0163736
7 0.4663763 0.6000392 0.0268301 0.0163736
7 0.8078509 0.5410943 0.0268301 0.0163736
28 0.3980814 0.7179290 0.0268302 0.0163736
5 0.6017466 0.6589841 0.0268301 0.0163736
31 0.3980814 0.4821495 0.0268302 0.0163736
16 0.3980814 0.5410943 0.0268302 0.0163736
26 0.7395560 0.6589841 0.0268301 0.0163736
16 0.5346712 0.6000392 0.0268301 0.0163736
12 0.8078509 0.6000392 0.0268301 0.0163736
31 0.6712610 0.4232045 0.0268301 0.0163736
28 0.3980814 0.4232045 0.0268302 0.0163736
29 0.8078509 0.4821495 0.0268301 0.0163736
27 0.3980814 0.6000392 0.0268302 0.0163736
31 0.8078509 0.6589841 0.0268301 0.0163736
15 0.6712610 0.5410943 0.0268301 0.0163736
9 0.8078509 0.4232045 0.0268301 0.0163736
2 0.7395560 0.4232045 0.0268301 0.0163736
4 0.5346712 0.7179290 0.0268301 0.0163736
27 0.6712610 0.4821495 0.0268301 0.0163736
3 0.7395560 0.7179290 0.0268301 0.0163736
27 0.4663763 0.5410943 0.0268301 0.0163736
5 0.6712610 0.6000392 0.0268301 0.0163736
25 0.8078509 0.7179290 0.0268301 0.0163736
31 0.4663763 0.7179290 0.0268301 0.0163736
27 0.5346712 0.5410943 0.0268301 0.0163736
8 0.4663763 0.4232045 0.0268301 0.0163736
6 0.6017466 0.5410943 0.0268301 0.0163736
