9 0.7616759 0.3230784 0.0264586 0.0163973
19 0.5596287 0.5001698 0.0264586 0.0163974
32 0.6287817 0.3870281 0.4870782 0.4197721
34 0.6257751 0.3225318 0.0625385 0.0590305
19 0.6257751 0.3230784 0.0264585 0.0163973
12 0.4922796 0.3821089 0.0264585 0.0163974
28 0.6257751 0.5001698 0.0264585 0.0163974
15 0.8290250 0.5592002 0.0264586 0.0163974
16 0.5596287 0.3230784 0.0264586 0.0163973
2 0.4249305 0.5001698 0.0264585 0.0163974
21 0.4249305 0.4411393 0.0264585 0.0163973
12 0.6943269 0.3821089 0.0264586 0.0163974
28 0.6257751 0.2640480 0.0264585 0.0163974
6 0.8290250 0.5001698 0.0264586 0.0163974
30 0.6257751 0.5592002 0.0264585 0.0163974
10 0.6943269 0.5001698 0.0264586 0.0163974
2 0.5596287 0.5592002 0.0264586 0.0163974
21 0.4922796 0.5592002 0.0264585 0.0163974
27 0.5596287 0.3821089 0.0264586 0.0163974
30 0.8290250 0.2640480 0.0264586 0.0163974
21 0.6943269 0.5592002 0.0264586 0.0163974
17 0.7616759 0.4411393 0.0264586 0.0163973
1 0.7616759 0.3821089 0.0264586 0.0163974
19 0.6943269 0.4411393 0.0264586 0.0163973
26 0.4249305 0.2640480 0.0264585 0.0163974
15 0.8290250 0.4411393 0.0264586 0.0163973
30 0.5596287 0.2640480 0.0264586 0.0163974
10 0.7616759 0.5592002 0.0264586 0.0163974
7 0.4249305 0.3230784 0.0264585 0.0163973
13 0.6943269 0.3230784 0.0264586 0.0163973
8 0.7616759 0.5001698 0.0264586 0.0163974
13 0.6257751 0.4411393 0.0264585 0.0163973
3 0.4922796 0.4411393 0.0264585 0.0163973
16 0.6257751 0.3821089 0.0264585 0.0163974
2 0.5596287 0.4411393 0.0264586 0.0163973
11 0.4922796 0.2640480 0.0264585 0.0163974
20 0.8290250 0.3821089 0.0264586 0.0163974
28 0.4922796 0.3230784 0.0264585 0.0163973
2 0.7616759 0.2640480 0.0264586 0.0163974
26 0.6943269 0.2640480 0.0264586 0.0163974
15 0.4249305 0.3821089 0.0264585 0.0163974
20 0.4249305 0.5592002 0.0264585 0.0163974
15 0.8290250 0.3230784 0.0264586 0.0163973
11 0.4922796 0.5001698 0.0264585 0.0163974
