29 0.3783313 0.4788327 0.0270780 0.0163974
27 0.2404797 0.4788327 0.0270780 0.0163974
32 0.3112517 0.4247212 0.4984810 0.4197746
34 0.4466417 0.5373170 0.0627717 0.0590308
31 0.4472571 0.5378636 0.0270780 0.0163974
29 0.1026282 0.5968943 0.0270780 0.0163974
5 0.3081747 0.5968943 0.0270780 0.0163974
17 0.2404797 0.4198019 0.0270780 0.0163975
30 0.4472571 0.3017403 0.0270780 0.0163974
5 0.1715540 0.5968943 0.0270780 0.0163974
12 0.5161829 0.4198019 0.0270780 0.0163975
2 0.3783313 0.5378636 0.0270780 0.0163974
12 0.2404797 0.3017403 0.0270780 0.0163974
13 0.3783313 0.3017403 0.0270780 0.0163974
16 0.5161829 0.3017403 0.0270780 0.0163974
17 0.2404797 0.5378636 0.0270780 0.0163974
6 0.3783313 0.3607711 0.0270780 0.0163974
20 0.2404797 0.5968943 0.0270780 0.0163974
6 0.4472571 0.4198019 0.0270780 0.0163975
9 0.3081747 0.4198019 0.0270780 0.0163975
2 0.5161829 0.3607711 0.0270780 0.0163974
20 0.1715540 0.4198019 0.0270780 0.0163975
18 0.1026282 0.4198019 0.0270780 0.0163975
6 0.3081747 0.3607711 0.0270780 0.0163974
19 0.2404797 0.3607711 0.0270780 0.0163974
13 0.4472571 0.3607711 0.0270780 0.0163974
26 0.5161829 0.4788327 0.0270780 0.0163974
13 0.1715540 0.5378636 0.0270780 0.0163974
13 0.1026282 0.3607711 0.0270780 0.0163974
3 0.5161829 0.5378636 0.0270780 0.0163974
19 0.1715540 0.3607711 0.0270780 0.0163974
7 0.3783313 0.5968943 0.0270780 0.0163974
2 0.3081747 0.4788327 0.0270780 0.0163974
19 0.5161829 0.5968943 0.0270780 0.0163974
7 0.4472571 0.4788327 0.0270780 0.0163974
31 0.1026282 0.5378636 0.0270780 0.0163974
10 0.4472571 0.5968943 0.0270780 0.0163974
2 0.3081747 0.3017403 0.0270780 0.0163974
24 0.3081747 0.5378636 0.0270780 0.0163974
13 0.1715540 0.4788327 0.0270780 0.0163974
21 0.1026282 0.3017403 0.0270780 0.0163974
19 0.3783313 0.4198019 0.0270780 0.0163975
2 0.1026282 0.4788327 0.0270780 0.0163974
30 0.1715540 0.3017403 0.0270780 0.0163974
