12 0.6800452 0.2800185 0.0279916 0.0171898
20 0.5362705 0.4037854 0.0279915 0.0171899
32 0.5394514 0.4089424 0.5152985 0.4400605
34 0.7512964 0.5888630 0.0661618 0.0618835
12 0.7512964 0.5894359 0.0279916 0.0171899
15 0.4662917 0.4037854 0.0279915 0.0171899
17 0.6087940 0.5275525 0.0279915 0.0171899
21 0.3950406 0.5894359 0.0279915 0.0171899
3 0.6800452 0.4656689 0.0279916 0.0171898
13 0.6087940 0.2800185 0.0279915 0.0171898
17 0.4662917 0.4656689 0.0279915 0.0171898
1 0.7512964 0.2800185 0.0279916 0.0171898
20 0.5362705 0.2800185 0.0279915 0.0171898
29 0.3950406 0.4037854 0.0279915 0.0171899
20 0.6087940 0.4037854 0.0279915 0.0171899
4 0.3237894 0.4037854 0.0279915 0.0171899
4 0.6800452 0.4037854 0.0279916 0.0171899
12 0.4662917 0.5275525 0.0279915 0.0171899
6 0.7512964 0.4656689 0.0279916 0.0171898
10 0.3237894 0.5894359 0.0279915 0.0171899
13 0.5362705 0.4656689 0.0279915 0.0171898
3 0.4662917 0.2800185 0.0279915 0.0171898
18 0.6087940 0.3419020 0.0279915 0.0171899
22 0.6800452 0.3419020 0.0279916 0.0171899
20 0.3950406 0.2800185 0.0279915 0.0171898
27 0.4662917 0.5894359 0.0279915 0.0171899
21 0.4662917 0.3419020 0.0279915 0.0171899
17 0.3950406 0.4656689 0.0279915 0.0171898
31 0.6800452 0.5894359 0.0279916 0.0171899
11 0.7512964 0.4037854 0.0279916 0.0171899
27 0.3950406 0.3419020 0.0279915 0.0171899
4 0.6800452 0.5275525 0.0279916 0.0171899
9 0.5362705 0.5275525 0.0279915 0.0171899
5 0.5362705 0.3419020 0.0279915 0.0171899
6 0.5362705 0.5894359 0.0279915 0.0171899
27 0.3237894 0.2800185 0.0279915 0.0171898
26 0.3237894 0.3419020 0.0279915 0.0171899
19 0.3950406 0.5275525 0.0279915 0.0171899
6 0.7512964 0.5275525 0.0279916 0.0171899
13 0.3237894 0.5275525 0.0279915 0.0171899
16 0.3237894 0.4656689 0.0279915 0.0171898
24 0.6087940 0.5894359 0.0279915 0.0171899
20 0.6087940 0.4656689 0.0279915 0.0171898
30 0.7512964 0.3419020 0.0279916 0.0171899
