18 0.5890156 0.2303039 0.0274989 0.0167207
2 0.7290099 0.2904985 0.0274989 0.0167207
32 0.5208933 0.3557092 0.5062294 0.4280501
33 0.3783991 0.5307192 0.0637474 0.0601946
31 0.3790241 0.5312766 0.0274989 0.0167207
15 0.3090269 0.3506930 0.0274989 0.0167207
18 0.5890156 0.3506930 0.0274989 0.0167207
7 0.6590128 0.4710821 0.0274989 0.0167207
10 0.5177685 0.4710821 0.0274989 0.0167207
19 0.5177685 0.2904985 0.0274989 0.0167207
14 0.5890156 0.4710821 0.0274989 0.0167207
28 0.6590128 0.2303039 0.0274989 0.0167207
22 0.5890156 0.5312766 0.0274989 0.0167207
6 0.3090269 0.4108875 0.0274989 0.0167206
13 0.7290099 0.4710821 0.0274989 0.0167207
30 0.7290099 0.2303039 0.0274989 0.0167207
24 0.6590128 0.4108875 0.0274989 0.0167206
22 0.3090269 0.4710821 0.0274989 0.0167207
30 0.4490212 0.3506930 0.0274989 0.0167207
26 0.5177685 0.5312766 0.0274989 0.0167207
17 0.7290099 0.4108875 0.0274989 0.0167206
26 0.5890156 0.4108875 0.0274989 0.0167206
28 0.4490212 0.5312766 0.0274989 0.0167207
31 0.4490212 0.4108875 0.0274989 0.0167206
4 0.4490212 0.2904985 0.0274989 0.0167207
26 0.3790241 0.4108875 0.0274989 0.0167206
13 0.3790241 0.3506930 0.0274989 0.0167207
3 0.6590128 0.5312766 0.0274989 0.0167207
17 0.7290099 0.5312766 0.0274989 0.0167207
9 0.5890156 0.2904985 0.0274989 0.0167207
24 0.3090269 0.5312766 0.0274989 0.0167207
1 0.5177685 0.3506930 0.0274989 0.0167207
30 0.5177685 0.2303039 0.0274989 0.0167207
11 0.6590128 0.2904985 0.0274989 0.0167207
24 0.4490212 0.2303039 0.0274989 0.0167207
4 0.3090269 0.2904985 0.0274989 0.0167207
8 0.3090269 0.2303039 0.0274989 0.0167207
26 0.3790241 0.2303039 0.0274989 0.0167207
9 0.3790241 0.4710821 0.0274989 0.0167207
4 0.4490212 0.4710821 0.0274989 0.0167207
11 0.5177685 0.4108875 0.0274989 0.0167206
1 0.7290099 0.3506930 0.0274989 0.0167207
14 0.6590128 0.3506930 0.0274989 0.0167207
17 0.3790241 0.2904985 0.0274989 0.0167207
