19 0.0300468 0.3857459 0.0286486 0.0173973
11 0.4675896 0.2604857 0.0286486 0.0173973
32 0.2578596 0.3909651 0.5132191 0.4453695
33 0.3210909 0.5730562 0.0690172 0.0626301
20 0.3217419 0.5736362 0.0286486 0.0173973
17 0.0300468 0.3231158 0.0286486 0.0173973
21 0.4675896 0.5110061 0.0286486 0.0173972
25 0.4675896 0.5736362 0.0286486 0.0173973
7 0.1029706 0.2604857 0.0286486 0.0173973
22 0.3946658 0.3231158 0.0286486 0.0173973
9 0.0300468 0.5110061 0.0286486 0.0173972
10 0.2475160 0.5110061 0.0286486 0.0173972
17 0.3946658 0.5736362 0.0286486 0.0173973
17 0.2475160 0.5736362 0.0286486 0.0173973
2 0.1758944 0.3231158 0.0286486 0.0173973
2 0.3217419 0.3231158 0.0286486 0.0173973
11 0.0300468 0.5736362 0.0286486 0.0173973
2 0.1029706 0.5736362 0.0286486 0.0173973
25 0.1758944 0.4483760 0.0286486 0.0173973
19 0.1758944 0.2604857 0.0286486 0.0173973
12 0.1758944 0.5736362 0.0286486 0.0173973
8 0.3217419 0.3857459 0.0286486 0.0173973
11 0.4675896 0.4483760 0.0286486 0.0173973
7 0.0300468 0.2604857 0.0286486 0.0173973
21 0.1029706 0.3857459 0.0286486 0.0173973
19 0.3217419 0.2604857 0.0286486 0.0173973
4 0.3946658 0.5110061 0.0286486 0.0173972
24 0.2475160 0.2604857 0.0286486 0.0173973
28 0.4675896 0.3231158 0.0286486 0.0173973
20 0.3946658 0.2604857 0.0286486 0.0173973
16 0.3217419 0.5110061 0.0286486 0.0173972
8 0.4675896 0.3857459 0.0286486 0.0173973
26 0.1029706 0.4483760 0.0286486 0.0173973
10 0.3946658 0.4483760 0.0286486 0.0173973
16 0.1758944 0.3857459 0.0286486 0.0173973
3 0.2475160 0.3857459 0.0286486 0.0173973
31 0.1758944 0.5110061 0.0286486 0.0173972
5 0.3946658 0.3857459 0.0286486 0.0173973
21 0.2475160 0.3231158 0.0286486 0.0173973
21 0.1029706 0.3231158 0.0286486 0.0173973
29 0.1029706 0.5110061 0.0286486 0.0173972
26 0.2475160 0.4483760 0.0286486 0.0173973
19 0.0300468 0.4483760 0.0286486 0.0173973
28 0.3217419 0.4483760 0.0286486 0.0173973
