31 0.3446722 0.6275163 0.0261920 0.0169046
31 0.4792038 0.5666599 0.0261920 0.0169046
32 0.3476485 0.4500182 0.4821708 0.4327573
34 0.2791922 0.3835269 0.0619084 0.0608565
27 0.2791922 0.3840904 0.0261920 0.0169046
19 0.1458511 0.5058034 0.0261920 0.0169046
17 0.2125216 0.4449468 0.0261920 0.0169046
17 0.4125333 0.3232338 0.0261920 0.0169046
18 0.5458743 0.3840904 0.0261920 0.0169046
3 0.4125333 0.5666599 0.0261920 0.0169046
3 0.3446722 0.5058034 0.0261920 0.0169046
27 0.2125216 0.3232338 0.0261920 0.0169046
21 0.4792038 0.6275163 0.0261920 0.0169046
15 0.1458511 0.4449468 0.0261920 0.0169046
17 0.3446722 0.3840904 0.0261920 0.0169046
4 0.4125333 0.4449468 0.0261920 0.0169046
19 0.5458743 0.4449468 0.0261920 0.0169046
8 0.2791922 0.3232338 0.0261920 0.0169046
2 0.4125333 0.3840904 0.0261920 0.0169046
22 0.2791922 0.6275163 0.0261920 0.0169046
26 0.3446722 0.4449468 0.0261920 0.0169046
4 0.2125216 0.5666599 0.0261920 0.0169046
6 0.5458743 0.5058034 0.0261920 0.0169046
10 0.1458511 0.6275163 0.0261920 0.0169046
30 0.1458511 0.3840904 0.0261920 0.0169046
14 0.2791922 0.5058034 0.0261920 0.0169046
31 0.5458743 0.3232338 0.0261920 0.0169046
18 0.3446722 0.3232338 0.0261920 0.0169046
2 0.4792038 0.4449468 0.0261920 0.0169046
3 0.5458743 0.6275163 0.0261920 0.0169046
28 0.2125216 0.6275163 0.0261920 0.0169046
30 0.2125216 0.5058034 0.0261920 0.0169046
27 0.1458511 0.3232338 0.0261920 0.0169046
20 0.4125333 0.5058034 0.0261920 0.0169046
28 0.2791922 0.4449468 0.0261920 0.0169046
15 0.4792038 0.3232338 0.0261920 0.0169046
27 0.2125216 0.3840904 0.0261920 0.0169046
12 0.4125333 0.6275163 0.0261920 0.0169046
9 0.5458743 0.5666599 0.0261920 0.0169046
9 0.4792038 0.3840904 0.0261920 0.0169046
16 0.1458511 0.5666599 0.0261920 0.0169046
26 0.4792038 0.5058034 0.0261920 0.0169046
2 0.2791922 0.5666599 0.0261920 0.0169046
28 0.3446722 0.5666599 0.0261920 0.0169046
