28 0.4410098 0.7958744 0.0267421 0.0164253
22 0.6440065 0.6184812 0.0267421 0.0164252
32 0.6470454 0.6234087 0.4922972 0.4204877
34 0.6440065 0.7953269 0.0632085 0.0591311
5 0.6440065 0.7958744 0.0267421 0.0164253
2 0.7813635 0.6776123 0.0267420 0.0164253
11 0.5771513 0.6776123 0.0267420 0.0164253
26 0.5090806 0.7958744 0.0267421 0.0164253
8 0.7813635 0.5593501 0.0267420 0.0164253
30 0.4410098 0.6184812 0.0267421 0.0164252
30 0.5771513 0.5593501 0.0267420 0.0164253
17 0.6440065 0.6776123 0.0267421 0.0164253
16 0.7813635 0.5002190 0.0267420 0.0164253
20 0.7813635 0.6184812 0.0267420 0.0164252
10 0.5090806 0.5002190 0.0267421 0.0164253
5 0.7813635 0.7367433 0.0267420 0.0164253
5 0.5771513 0.6184812 0.0267420 0.0164252
14 0.5090806 0.6184812 0.0267421 0.0164252
28 0.6440065 0.7367433 0.0267421 0.0164253
7 0.7132928 0.6184812 0.0267421 0.0164252
16 0.4410098 0.5002190 0.0267421 0.0164253
21 0.8494342 0.7958744 0.0267420 0.0164253
31 0.5771513 0.5002190 0.0267420 0.0164253
20 0.7132928 0.6776123 0.0267421 0.0164253
3 0.5090806 0.7367433 0.0267421 0.0164253
24 0.4410098 0.7367433 0.0267421 0.0164253
21 0.7813635 0.7958744 0.0267420 0.0164253
8 0.7132928 0.5593501 0.0267421 0.0164253
17 0.8494342 0.5593501 0.0267420 0.0164253
11 0.5090806 0.6776123 0.0267421 0.0164253
25 0.4410098 0.6776123 0.0267421 0.0164253
7 0.6440065 0.5593501 0.0267421 0.0164253
4 0.7132928 0.7958744 0.0267421 0.0164253
10 0.8494342 0.7367433 0.0267420 0.0164253
28 0.8494342 0.5002190 0.0267420 0.0164253
22 0.4410098 0.5593501 0.0267421 0.0164253
4 0.5771513 0.7958744 0.0267420 0.0164253
2 0.8494342 0.6776123 0.0267420 0.0164253
6 0.5771513 0.7367433 0.0267420 0.0164253
4 0.5090806 0.5593501 0.0267421 0.0164253
14 0.7132928 0.5002190 0.0267421 0.0164253
30 0.6440065 0.5002190 0.0267421 0.0164253
5 0.7132928 0.7367433 0.0267421 0.0164253
2 0.8494342 0.6184812 0.0267420 0.0164252
