8 0.4968736 0.2829854 0.0286298 0.0169150
1 0.3511217 0.3438796 0.0286298 0.0169151
32 0.4259496 0.4098482 0.5270491 0.4330252
34 0.4226963 0.4042099 0.0676705 0.0608942
27 0.4226963 0.4047737 0.0286298 0.0169151
26 0.5697495 0.4656679 0.0286298 0.0169151
1 0.4968736 0.4047737 0.0286298 0.0169151
6 0.4968736 0.5874562 0.0286298 0.0169151
22 0.2053699 0.4047737 0.0286298 0.0169151
10 0.2053699 0.5874562 0.0286298 0.0169151
8 0.5697495 0.3438796 0.0286298 0.0169151
6 0.5697495 0.2829854 0.0286298 0.0169150
18 0.2782458 0.5874562 0.0286298 0.0169151
29 0.4968736 0.5265621 0.0286298 0.0169151
30 0.2782458 0.2829854 0.0286298 0.0169150
31 0.4968736 0.4656679 0.0286298 0.0169151
9 0.2053699 0.2829854 0.0286298 0.0169150
25 0.2782458 0.5265621 0.0286298 0.0169151
30 0.2782458 0.4656679 0.0286298 0.0169151
13 0.4226963 0.5874562 0.0286298 0.0169151
7 0.6426254 0.3438796 0.0286298 0.0169151
22 0.5697495 0.5265621 0.0286298 0.0169151
19 0.4226963 0.3438796 0.0286298 0.0169151
28 0.6426254 0.5265621 0.0286298 0.0169151
4 0.2053699 0.5265621 0.0286298 0.0169151
8 0.2053699 0.3438796 0.0286298 0.0169151
16 0.2782458 0.4047737 0.0286298 0.0169151
7 0.3511217 0.2829854 0.0286298 0.0169150
11 0.5697495 0.4047737 0.0286298 0.0169151
22 0.3511217 0.4047737 0.0286298 0.0169151
27 0.3511217 0.4656679 0.0286298 0.0169151
3 0.4968736 0.3438796 0.0286298 0.0169151
10 0.6426254 0.5874562 0.0286298 0.0169151
13 0.2782458 0.3438796 0.0286298 0.0169151
22 0.4226963 0.4656679 0.0286298 0.0169151
29 0.6426254 0.4047737 0.0286298 0.0169151
31 0.3511217 0.5874562 0.0286298 0.0169151
8 0.5697495 0.5874562 0.0286298 0.0169151
18 0.4226963 0.5265621 0.0286298 0.0169151
1 0.4226963 0.2829854 0.0286298 0.0169150
28 0.6426254 0.2829854 0.0286298 0.0169150
9 0.6426254 0.4656679 0.0286298 0.0169151
29 0.3511217 0.5265621 0.0286298 0.0169151
24 0.2053699 0.4656679 0.0286298 0.0169151
