31 0.7324997 0.6284054 0.0286210 0.0163236
16 0.4410860 0.6284054 0.0286210 0.0163236
32 0.5158908 0.5157723 0.5268864 0.4178848
34 0.5861424 0.4515660 0.0689506 0.0587650
5 0.5867929 0.4521102 0.0286210 0.0163236
6 0.3682326 0.6284054 0.0286210 0.0163236
17 0.3682326 0.6871704 0.0286210 0.0163236
18 0.2953792 0.6871704 0.0286210 0.0163236
20 0.7324997 0.3933451 0.0286210 0.0163236
15 0.5126385 0.5696403 0.0286210 0.0163236
20 0.6596463 0.5108752 0.0286210 0.0163236
5 0.6596463 0.6871704 0.0286210 0.0163236
29 0.4410860 0.5696403 0.0286210 0.0163236
30 0.5126385 0.6284054 0.0286210 0.0163236
10 0.2953792 0.3933451 0.0286210 0.0163236
29 0.4410860 0.4521102 0.0286210 0.0163236
4 0.5867929 0.5108752 0.0286210 0.0163236
18 0.3682326 0.5696403 0.0286210 0.0163236
3 0.3682326 0.3933451 0.0286210 0.0163236
6 0.4410860 0.5108752 0.0286210 0.0163236
9 0.4410860 0.3933451 0.0286210 0.0163236
25 0.2953792 0.6284054 0.0286210 0.0163236
15 0.5126385 0.6871704 0.0286210 0.0163236
21 0.6596463 0.5696403 0.0286210 0.0163236
6 0.2953792 0.4521102 0.0286210 0.0163236
10 0.6596463 0.3933451 0.0286210 0.0163236
21 0.5126385 0.5108752 0.0286210 0.0163236
11 0.6596463 0.4521102 0.0286210 0.0163236
24 0.5867929 0.6871704 0.0286210 0.0163236
19 0.5126385 0.4521102 0.0286210 0.0163236
25 0.5867929 0.5696403 0.0286210 0.0163236
4 0.7324997 0.4521102 0.0286210 0.0163236
16 0.7324997 0.5108752 0.0286210 0.0163236
7 0.2953792 0.5696403 0.0286210 0.0163236
9 0.2953792 0.5108752 0.0286210 0.0163236
7 0.5126385 0.3933451 0.0286210 0.0163236
19 0.7324997 0.6871704 0.0286210 0.0163236
16 0.3682326 0.4521102 0.0286210 0.0163236
14 0.6596463 0.6284054 0.0286210 0.0163236
6 0.7324997 0.5696403 0.0286210 0.0163236
28 0.3682326 0.5108752 0.0286210 0.0163236
6 0.5867929 0.6284054 0.0286210 0.0163236
5 0.5867929 0.3933451 0.0286210 0.0163236
25 0.4410860 0.6871704 0.0286210 0.0163236
