21 0.4506122 0.5000565 0.0275245 0.0165790
11 0.4506122 0.4403723 0.0275245 0.0165790
32 0.3123643 0.4453460 0.5067003 0.4244208
34 0.3799243 0.3204514 0.0663089 0.0596842
28 0.3805499 0.3210040 0.0275245 0.0165789
7 0.4506122 0.5597407 0.0275245 0.0165789
16 0.3092365 0.5597407 0.0275245 0.0165789
15 0.1703631 0.4403723 0.0275245 0.0165790
21 0.2404254 0.6194249 0.0275245 0.0165789
10 0.5206744 0.5000565 0.0275245 0.0165790
6 0.1003008 0.3806882 0.0275245 0.0165789
9 0.5206744 0.4403723 0.0275245 0.0165790
4 0.1703631 0.3806882 0.0275245 0.0165789
19 0.3092365 0.6194249 0.0275245 0.0165789
8 0.1703631 0.5597407 0.0275245 0.0165789
28 0.3805499 0.6194249 0.0275245 0.0165789
24 0.1703631 0.5000565 0.0275245 0.0165790
11 0.5206744 0.3210040 0.0275245 0.0165789
10 0.3092365 0.5000565 0.0275245 0.0165790
17 0.2404254 0.5597407 0.0275245 0.0165789
24 0.3092365 0.3806882 0.0275245 0.0165789
28 0.2404254 0.3210040 0.0275245 0.0165789
18 0.3805499 0.5000565 0.0275245 0.0165790
30 0.1003008 0.5597407 0.0275245 0.0165789
30 0.3805499 0.3806882 0.0275245 0.0165789
15 0.1003008 0.6194249 0.0275245 0.0165789
16 0.1003008 0.4403723 0.0275245 0.0165790
15 0.1003008 0.3210040 0.0275245 0.0165789
21 0.4506122 0.3210040 0.0275245 0.0165789
21 0.3805499 0.4403723 0.0275245 0.0165790
1 0.5206744 0.5597407 0.0275245 0.0165789
1 0.3092365 0.3210040 0.0275245 0.0165789
20 0.1703631 0.6194249 0.0275245 0.0165789
9 0.3805499 0.5597407 0.0275245 0.0165789
29 0.4506122 0.6194249 0.0275245 0.0165789
30 0.5206744 0.3806882 0.0275245 0.0165789
20 0.4506122 0.3806882 0.0275245 0.0165789
16 0.1703631 0.3210040 0.0275245 0.0165789
28 0.3092365 0.4403723 0.0275245 0.0165790
8 0.2404254 0.5000565 0.0275245 0.0165790
21 0.1003008 0.5000565 0.0275245 0.0165790
19 0.5206744 0.6194249 0.0275245 0.0165789
26 0.2404254 0.4403723 0.0275245 0.0165790
26 0.2404254 0.3806882 0.0275245 0.0165789
