12 0.0929214 0.5367532 0.0272299 0.0158752
12 0.4394835 0.4796027 0.0272299 0.0158751
32 0.3027152 0.4272148 0.5012773 0.4064036
33 0.2996209 0.4790736 0.0643615 0.0571505
13 0.2996209 0.4796027 0.0272299 0.0158751
12 0.4394835 0.3653017 0.0272299 0.0158751
3 0.5087959 0.3653017 0.0272298 0.0158751
16 0.1622338 0.3081512 0.0272299 0.0158751
22 0.4394835 0.5939037 0.0272299 0.0158751
6 0.2315462 0.5939037 0.0272299 0.0158751
25 0.4394835 0.4224522 0.0272299 0.0158752
14 0.2315462 0.5367532 0.0272299 0.0158752
21 0.4394835 0.3081512 0.0272299 0.0158751
28 0.5087959 0.3081512 0.0272298 0.0158751
3 0.0929214 0.3081512 0.0272299 0.0158751
20 0.2315462 0.4224522 0.0272299 0.0158752
11 0.3701711 0.3653017 0.0272299 0.0158751
13 0.2996209 0.3081512 0.0272299 0.0158751
31 0.5087959 0.4224522 0.0272298 0.0158752
28 0.1622338 0.5367532 0.0272299 0.0158752
29 0.3701711 0.5367532 0.0272299 0.0158752
10 0.1622338 0.5939037 0.0272299 0.0158751
10 0.3701711 0.5939037 0.0272299 0.0158751
1 0.2996209 0.3653017 0.0272299 0.0158751
3 0.0929214 0.4796027 0.0272299 0.0158751
14 0.2315462 0.3653017 0.0272299 0.0158751
18 0.0929214 0.3653017 0.0272299 0.0158751
13 0.1622338 0.4796027 0.0272299 0.0158751
20 0.5087959 0.5939037 0.0272298 0.0158751
1 0.1622338 0.3653017 0.0272299 0.0158751
24 0.3701711 0.3081512 0.0272299 0.0158751
13 0.5087959 0.5367532 0.0272298 0.0158752
30 0.2315462 0.3081512 0.0272299 0.0158751
8 0.3701711 0.4224522 0.0272299 0.0158752
12 0.0929214 0.4224522 0.0272299 0.0158752
1 0.3701711 0.4796027 0.0272299 0.0158751
1 0.2996209 0.5367532 0.0272299 0.0158752
18 0.2996209 0.4224522 0.0272299 0.0158752
21 0.0929214 0.5939037 0.0272299 0.0158751
13 0.2315462 0.4796027 0.0272299 0.0158751
24 0.1622338 0.4224522 0.0272299 0.0158752
17 0.2996209 0.5939037 0.0272299 0.0158751
11 0.5087959 0.4796027 0.0272298 0.0158751
30 0.4394835 0.5367532 0.0272299 0.0158752
