4 0.2434013 0.3946412 0.0282499 0.0160839
12 0.3885031 0.3367391 0.0282499 0.0160839
32 0.2539445 0.4573685 0.5053891 0.4117482
34 0.3159522 0.3362030 0.0680566 0.0579021
2 0.3165943 0.3367391 0.0282499 0.0160839
16 0.1727766 0.5104455 0.0282499 0.0160839
10 0.4604120 0.5104455 0.0282499 0.0160839
27 0.1727766 0.3367391 0.0282499 0.0160839
4 0.3165943 0.5683475 0.0282499 0.0160839
20 0.0289588 0.5104455 0.0282499 0.0160839
15 0.2434013 0.4525433 0.0282499 0.0160839
2 0.0289588 0.3946412 0.0282499 0.0160839
2 0.3885031 0.3946412 0.0282499 0.0160839
18 0.4604120 0.6262496 0.0282499 0.0160839
17 0.3885031 0.4525433 0.0282499 0.0160839
9 0.4604120 0.4525433 0.0282499 0.0160839
10 0.4604120 0.5683475 0.0282499 0.0160839
11 0.0289588 0.5683475 0.0282499 0.0160839
1 0.3165943 0.4525433 0.0282499 0.0160839
28 0.4604120 0.3946412 0.0282499 0.0160839
19 0.0289588 0.6262496 0.0282499 0.0160839
13 0.0289588 0.3367391 0.0282499 0.0160839
11 0.2434013 0.3367391 0.0282499 0.0160839
18 0.3165943 0.3946412 0.0282499 0.0160839
18 0.1008677 0.3946412 0.0282499 0.0160839
2 0.3885031 0.6262496 0.0282499 0.0160839
26 0.1727766 0.4525433 0.0282499 0.0160839
26 0.0289588 0.4525433 0.0282499 0.0160839
14 0.3885031 0.5683475 0.0282499 0.0160839
11 0.1727766 0.3946412 0.0282499 0.0160839
14 0.2434013 0.5104455 0.0282499 0.0160839
29 0.1727766 0.6262496 0.0282499 0.0160839
8 0.2434013 0.5683475 0.0282499 0.0160839
26 0.1008677 0.6262496 0.0282499 0.0160839
27 0.1008677 0.5683475 0.0282499 0.0160839
18 0.3165943 0.5104455 0.0282499 0.0160839
26 0.1727766 0.5683475 0.0282499 0.0160839
14 0.4604120 0.3367391 0.0282499 0.0160839
20 0.3885031 0.5104455 0.0282499 0.0160839
25 0.1008677 0.5104455 0.0282499 0.0160839
27 0.1008677 0.4525433 0.0282499 0.0160839
17 0.2434013 0.6262496 0.0282499 0.0160839
7 0.1008677 0.3367391 0.0282499 0.0160839
19 0.3165943 0.6262496 0.0282499 0.0160839
