28 0.3962355 0.5320812 0.0285720 0.0160220
4 0.5403944 0.2436853 0.0285720 0.0160220
32 0.5436412 0.3638503 0.5259851 0.4101632
34 0.6137725 0.5315472 0.0688326 0.0576792
14 0.6144219 0.5320812 0.0285720 0.0160220
9 0.5403944 0.5320812 0.0285720 0.0160220
26 0.5403944 0.4167229 0.0285720 0.0160220
5 0.6144219 0.4167229 0.0285720 0.0160220
21 0.3235067 0.2436853 0.0285720 0.0160220
8 0.4689643 0.4167229 0.0285720 0.0160220
28 0.6871507 0.4167229 0.0285721 0.0160220
19 0.7598795 0.4167229 0.0285720 0.0160220
6 0.7598795 0.3590436 0.0285720 0.0160220
26 0.4689643 0.3590436 0.0285720 0.0160220
7 0.6144219 0.3590436 0.0285720 0.0160220
11 0.6871507 0.2436853 0.0285721 0.0160220
31 0.7598795 0.5320812 0.0285720 0.0160220
25 0.7598795 0.3013645 0.0285720 0.0160220
18 0.6871507 0.3013645 0.0285721 0.0160220
22 0.3962355 0.2436853 0.0285720 0.0160220
2 0.7598795 0.4744021 0.0285720 0.0160220
16 0.3235067 0.4167229 0.0285720 0.0160220
16 0.3962355 0.3590436 0.0285720 0.0160220
29 0.3235067 0.4744021 0.0285720 0.0160220
2 0.6871507 0.3590436 0.0285721 0.0160220
31 0.7598795 0.2436853 0.0285720 0.0160220
5 0.3235067 0.3013645 0.0285720 0.0160220
1 0.5403944 0.4744021 0.0285720 0.0160220
30 0.6144219 0.3013645 0.0285720 0.0160220
4 0.3235067 0.3590436 0.0285720 0.0160220
29 0.4689643 0.2436853 0.0285720 0.0160220
20 0.3235067 0.5320812 0.0285720 0.0160220
12 0.4689643 0.5320812 0.0285720 0.0160220
1 0.3962355 0.3013645 0.0285720 0.0160220
3 0.3962355 0.4167229 0.0285720 0.0160220
5 0.5403944 0.3590436 0.0285720 0.0160220
28 0.6871507 0.5320812 0.0285721 0.0160220
8 0.6144219 0.4744021 0.0285720 0.0160220
15 0.6144219 0.2436853 0.0285720 0.0160220
27 0.4689643 0.3013645 0.0285720 0.0160220
9 0.4689643 0.4744021 0.0285720 0.0160220
31 0.5403944 0.3013645 0.0285720 0.0160220
21 0.3962355 0.4744021 0.0285720 0.0160220
15 0.6871507 0.4744021 0.0285721 0.0160220
