20 0.7072497 0.6388341 0.0264903 0.0169996
10 0.5049601 0.5164372 0.0264903 0.0169996
32 0.5741961 0.4603386 0.4876623 0.4351891
33 0.7066476 0.3934736 0.0614093 0.0611985
24 0.7072497 0.3940402 0.0264903 0.0169996
15 0.4375303 0.4552387 0.0264903 0.0169996
7 0.4375303 0.5776356 0.0264903 0.0169996
15 0.4375303 0.3328418 0.0264903 0.0169996
10 0.4375303 0.3940402 0.0264903 0.0169996
4 0.5049601 0.4552387 0.0264903 0.0169996
21 0.7072497 0.4552387 0.0264903 0.0169996
9 0.6398198 0.4552387 0.0264903 0.0169996
8 0.4375303 0.5164372 0.0264903 0.0169996
22 0.7746795 0.6388341 0.0264903 0.0169996
21 0.5049601 0.6388341 0.0264903 0.0169996
15 0.5711859 0.3328418 0.0264902 0.0169996
22 0.6398198 0.3940402 0.0264903 0.0169996
27 0.5049601 0.3328418 0.0264903 0.0169996
21 0.7072497 0.3328418 0.0264903 0.0169996
11 0.7072497 0.5776356 0.0264903 0.0169996
28 0.7072497 0.5164372 0.0264903 0.0169996
6 0.5711859 0.3940402 0.0264902 0.0169996
29 0.7746795 0.5164372 0.0264903 0.0169996
9 0.3701004 0.6388341 0.0264903 0.0169996
12 0.3701004 0.4552387 0.0264903 0.0169996
17 0.6398198 0.5164372 0.0264903 0.0169996
22 0.5711859 0.5164372 0.0264902 0.0169996
13 0.5711859 0.5776356 0.0264902 0.0169996
6 0.6398198 0.3328418 0.0264903 0.0169996
31 0.6398198 0.5776356 0.0264903 0.0169996
1 0.5049601 0.3940402 0.0264903 0.0169996
22 0.7746795 0.3940402 0.0264903 0.0169996
29 0.4375303 0.6388341 0.0264903 0.0169996
9 0.7746795 0.4552387 0.0264903 0.0169996
27 0.3701004 0.5164372 0.0264903 0.0169996
28 0.5711859 0.4552387 0.0264902 0.0169996
9 0.6398198 0.6388341 0.0264903 0.0169996
27 0.3701004 0.3940402 0.0264903 0.0169996
16 0.7746795 0.3328418 0.0264903 0.0169996
12 0.7746795 0.5776356 0.0264903 0.0169996
15 0.3701004 0.5776356 0.0264903 0.0169996
17 0.5049601 0.5776356 0.0264903 0.0169996
24 0.3701004 0.3328418 0.0264903 0.0169996
10 0.5711859 0.6388341 0.0264902 0.0169996
