28 0.5286162 0.3330819 0.0286286 0.0164869
12 0.4557434 0.6298458 0.0286286 0.0164869
32 0.3119497 0.4567335 0.5270268 0.4220642
34 0.2371249 0.5105907 0.0676676 0.0593528
22 0.2371249 0.5111402 0.0286286 0.0164869
11 0.1642521 0.5704930 0.0286286 0.0164869
11 0.3086964 0.3924347 0.0286286 0.0164869
19 0.3086964 0.5111402 0.0286286 0.0164869
21 0.3086964 0.5704930 0.0286286 0.0164869
31 0.1642521 0.3330819 0.0286286 0.0164869
29 0.5286162 0.6298458 0.0286286 0.0164869
9 0.2371249 0.5704930 0.0286286 0.0164869
11 0.1642521 0.5111402 0.0286286 0.0164869
12 0.1642521 0.3924347 0.0286286 0.0164869
2 0.2371249 0.6298458 0.0286286 0.0164869
9 0.3086964 0.4517875 0.0286286 0.0164869
12 0.3086964 0.3330819 0.0286286 0.0164869
21 0.5286162 0.4517875 0.0286286 0.0164869
3 0.0913792 0.3330819 0.0286286 0.0164869
27 0.3828706 0.3924347 0.0286286 0.0164869
26 0.5286162 0.3924347 0.0286286 0.0164869
19 0.1642521 0.6298458 0.0286286 0.0164869
21 0.0913792 0.4517875 0.0286286 0.0164869
25 0.5286162 0.5111402 0.0286286 0.0164869
13 0.3828706 0.4517875 0.0286286 0.0164869
27 0.3828706 0.3330819 0.0286286 0.0164869
15 0.3828706 0.5111402 0.0286286 0.0164869
10 0.5286162 0.5704930 0.0286286 0.0164869
12 0.3828706 0.6298458 0.0286286 0.0164869
6 0.0913792 0.3924347 0.0286286 0.0164869
11 0.3086964 0.6298458 0.0286286 0.0164869
2 0.4557434 0.5111402 0.0286286 0.0164869
7 0.1642521 0.4517875 0.0286286 0.0164869
29 0.4557434 0.3924347 0.0286286 0.0164869
3 0.0913792 0.5704930 0.0286286 0.0164869
15 0.4557434 0.5704930 0.0286286 0.0164869
18 0.2371249 0.3924347 0.0286286 0.0164869
28 0.2371249 0.3330819 0.0286286 0.0164869
19 0.0913792 0.5111402 0.0286286 0.0164869
18 0.4557434 0.3330819 0.0286286 0.0164869
2 0.0913792 0.6298458 0.0286286 0.0164869
13 0.3828706 0.5704930 0.0286286 0.0164869
2 0.4557434 0.4517875 0.0286286 0.0164869
28 0.2371249 0.4517875 0.0286286 0.0164869
