9 0.3186345 0.4197829 0.0263362 0.0166062
22 0.7208595 0.4795650 0.0263361 0.0166062
32 0.5215427 0.4247647 0.4848249 0.4251180
34 0.4527095 0.5985760 0.0622491 0.0597822
5 0.4527095 0.5991295 0.0263361 0.0166062
18 0.4527095 0.4795650 0.0263361 0.0166062
12 0.7208595 0.5393473 0.0263361 0.0166062
31 0.5185500 0.3002184 0.0263362 0.0166062
14 0.4527095 0.3600006 0.0263361 0.0166062
21 0.3186345 0.5991295 0.0263362 0.0166062
4 0.3856720 0.3600006 0.0263361 0.0166062
18 0.3856720 0.4795650 0.0263361 0.0166062
25 0.3856720 0.4197829 0.0263361 0.0166062
13 0.5185500 0.4795650 0.0263362 0.0166062
16 0.5867846 0.5393473 0.0263361 0.0166062
28 0.4527095 0.4197829 0.0263361 0.0166062
2 0.3186345 0.4795650 0.0263362 0.0166062
12 0.7208595 0.4197829 0.0263361 0.0166062
4 0.6538220 0.3002184 0.0263361 0.0166062
16 0.3186345 0.3600006 0.0263362 0.0166062
18 0.7208595 0.5991295 0.0263361 0.0166062
10 0.3186345 0.3002184 0.0263362 0.0166062
14 0.5185500 0.5991295 0.0263362 0.0166062
26 0.5867846 0.5991295 0.0263361 0.0166062
7 0.6538220 0.4795650 0.0263361 0.0166062
21 0.5867846 0.3002184 0.0263361 0.0166062
2 0.6538220 0.3600006 0.0263361 0.0166062
24 0.6538220 0.4197829 0.0263361 0.0166062
17 0.5867846 0.4197829 0.0263361 0.0166062
29 0.4527095 0.5393473 0.0263361 0.0166062
13 0.3186345 0.5393473 0.0263362 0.0166062
11 0.5867846 0.3600006 0.0263361 0.0166062
28 0.5867846 0.4795650 0.0263361 0.0166062
2 0.6538220 0.5991295 0.0263361 0.0166062
4 0.6538220 0.5393473 0.0263361 0.0166062
20 0.3856720 0.3002184 0.0263361 0.0166062
5 0.4527095 0.3002184 0.0263361 0.0166062
7 0.5185500 0.5393473 0.0263362 0.0166062
6 0.3856720 0.5393473 0.0263361 0.0166062
26 0.5185500 0.4197829 0.0263362 0.0166062
10 0.7208595 0.3600006 0.0263361 0.0166062
31 0.3856720 0.5991295 0.0263361 0.0166062
27 0.7208595 0.3002184 0.0263361 0.0166062
17 0.5185500 0.3600006 0.0263362 0.0166062
