31 0.3603576 0.4848039 0.0266750 0.0163813
24 0.1578695 0.3668587 0.0266751 0.0163813
32 0.3633888 0.4307457 0.4910638 0.4193609
34 0.3603576 0.6022032 0.0630502 0.0589726
28 0.3603576 0.6027492 0.0266750 0.0163813
5 0.4973704 0.4258313 0.0266751 0.0163813
20 0.1578695 0.6027492 0.0266751 0.0163813
30 0.4973704 0.6027492 0.0266751 0.0163813
10 0.1578695 0.5437766 0.0266751 0.0163813
4 0.2936699 0.4848039 0.0266751 0.0163813
9 0.5652706 0.4848039 0.0266751 0.0163813
12 0.3603576 0.3078861 0.0266750 0.0163813
31 0.2936699 0.3078861 0.0266751 0.0163813
13 0.4294702 0.5437766 0.0266751 0.0163813
30 0.5652706 0.6027492 0.0266751 0.0163813
13 0.3603576 0.5437766 0.0266750 0.0163813
24 0.3603576 0.4258313 0.0266750 0.0163813
21 0.4294702 0.4848039 0.0266751 0.0163813
28 0.1578695 0.3078861 0.0266751 0.0163813
4 0.2936699 0.5437766 0.0266751 0.0163813
21 0.1578695 0.4848039 0.0266751 0.0163813
7 0.2257697 0.3078861 0.0266751 0.0163813
11 0.4294702 0.4258313 0.0266751 0.0163813
25 0.1578695 0.4258313 0.0266751 0.0163813
27 0.5652706 0.3668587 0.0266751 0.0163813
24 0.4294702 0.3078861 0.0266751 0.0163813
5 0.5652706 0.5437766 0.0266751 0.0163813
10 0.2257697 0.5437766 0.0266751 0.0163813
22 0.3603576 0.3668587 0.0266750 0.0163813
2 0.2257697 0.4848039 0.0266751 0.0163813
17 0.4973704 0.3668587 0.0266751 0.0163813
5 0.4294702 0.6027492 0.0266751 0.0163813
9 0.2257697 0.4258313 0.0266751 0.0163813
31 0.5652706 0.4258313 0.0266751 0.0163813
6 0.2936699 0.6027492 0.0266751 0.0163813
15 0.2936699 0.4258313 0.0266751 0.0163813
21 0.2257697 0.6027492 0.0266751 0.0163813
3 0.2936699 0.3668587 0.0266751 0.0163813
15 0.4973704 0.5437766 0.0266751 0.0163813
21 0.4973704 0.3078861 0.0266751 0.0163813
30 0.4294702 0.3668587 0.0266751 0.0163813
10 0.2257697 0.3668587 0.0266751 0.0163813
28 0.4973704 0.4848039 0.0266751 0.0163813
10 0.5652706 0.3078861 0.0266751 0.0163813
