25 0.3489021 0.5694212 0.0269485 0.0161308
31 0.5546907 0.3952087 0.0269485 0.0161308
32 0.4193357 0.5161896 0.4960975 0.4129482
34 0.5540783 0.6269543 0.0624715 0.0580709
30 0.5546907 0.6274921 0.0269485 0.0161308
13 0.3489021 0.4532796 0.0269485 0.0161308
10 0.4162734 0.5694212 0.0269485 0.0161308
17 0.3489021 0.6855629 0.0269485 0.0161308
28 0.6232870 0.6274921 0.0269485 0.0161308
20 0.6232870 0.5694212 0.0269485 0.0161308
11 0.6232870 0.5113504 0.0269485 0.0161308
22 0.4860946 0.3952087 0.0269485 0.0161308
10 0.2117098 0.4532796 0.0269485 0.0161308
8 0.4162734 0.4532796 0.0269485 0.0161308
15 0.5546907 0.5694212 0.0269485 0.0161308
31 0.6232870 0.6855629 0.0269485 0.0161308
24 0.2803060 0.5113504 0.0269485 0.0161308
8 0.5546907 0.4532796 0.0269485 0.0161308
25 0.2803060 0.6855629 0.0269485 0.0161308
25 0.2803060 0.5694212 0.0269485 0.0161308
24 0.2117098 0.3952087 0.0269485 0.0161308
25 0.4860946 0.6274921 0.0269485 0.0161308
27 0.6232870 0.4532796 0.0269485 0.0161308
15 0.4162734 0.6855629 0.0269485 0.0161308
12 0.2117098 0.5113504 0.0269485 0.0161308
25 0.2803060 0.4532796 0.0269485 0.0161308
5 0.2117098 0.5694212 0.0269485 0.0161308
6 0.3489021 0.5113504 0.0269485 0.0161308
4 0.5546907 0.5113504 0.0269485 0.0161308
14 0.3489021 0.6274921 0.0269485 0.0161308
15 0.4860946 0.5694212 0.0269485 0.0161308
8 0.3489021 0.3952087 0.0269485 0.0161308
15 0.5546907 0.6855629 0.0269485 0.0161308
24 0.4860946 0.5113504 0.0269485 0.0161308
5 0.6232870 0.3952087 0.0269485 0.0161308
29 0.4162734 0.5113504 0.0269485 0.0161308
26 0.4860946 0.4532796 0.0269485 0.0161308
31 0.2117098 0.6274921 0.0269485 0.0161308
27 0.4860946 0.6855629 0.0269485 0.0161308
6 0.4162734 0.3952087 0.0269485 0.0161308
18 0.2803060 0.3952087 0.0269485 0.0161308
1 0.2117098 0.6855629 0.0269485 0.0161308
20 0.4162734 0.6274921 0.0269485 0.0161308
6 0.2803060 0.6274921 0.0269485 0.0161308
