16 0.5441074 0.6352897 0.0274296 0.0162218
8 0.6849958 0.6936882 0.0274297 0.0162219
32 0.5472244 0.5817578 0.5049539 0.4152781
33 0.6145516 0.4595536 0.0660804 0.0583985
7 0.6151750 0.4600943 0.0274296 0.0162218
7 0.3358919 0.5768913 0.0274296 0.0162218
10 0.4057127 0.5768913 0.0274296 0.0162218
3 0.5441074 0.5768913 0.0274296 0.0162218
4 0.4057127 0.7520867 0.0274296 0.0162218
17 0.4057127 0.6936882 0.0274296 0.0162219
31 0.4755334 0.6936882 0.0274296 0.0162219
16 0.4755334 0.5184928 0.0274296 0.0162218
18 0.3358919 0.6352897 0.0274296 0.0162218
11 0.4057127 0.4600943 0.0274296 0.0162218
11 0.7548166 0.5768913 0.0274296 0.0162218
28 0.3358919 0.4600943 0.0274296 0.0162218
17 0.7548166 0.5184928 0.0274296 0.0162218
22 0.5441074 0.4600943 0.0274296 0.0162218
27 0.6151750 0.6936882 0.0274296 0.0162219
11 0.3358919 0.6936882 0.0274296 0.0162219
2 0.6849958 0.5184928 0.0274297 0.0162218
2 0.4057127 0.6352897 0.0274296 0.0162218
29 0.7548166 0.6936882 0.0274296 0.0162219
31 0.6849958 0.4600943 0.0274297 0.0162218
13 0.3358919 0.5184928 0.0274296 0.0162218
4 0.6151750 0.6352897 0.0274296 0.0162218
16 0.6849958 0.7520867 0.0274297 0.0162218
31 0.7548166 0.6352897 0.0274296 0.0162218
28 0.5441074 0.7520867 0.0274296 0.0162218
13 0.4057127 0.5184928 0.0274296 0.0162218
4 0.3358919 0.7520867 0.0274296 0.0162218
17 0.6151750 0.7520867 0.0274296 0.0162218
12 0.6151750 0.5184928 0.0274296 0.0162218
1 0.4755334 0.4600943 0.0274296 0.0162218
18 0.5441074 0.5184928 0.0274296 0.0162218
21 0.4755334 0.5768913 0.0274296 0.0162218
30 0.5441074 0.6936882 0.0274296 0.0162219
22 0.4755334 0.7520867 0.0274296 0.0162218
10 0.6849958 0.5768913 0.0274297 0.0162218
9 0.7548166 0.7520867 0.0274296 0.0162218
25 0.7548166 0.4600943 0.0274296 0.0162218
2 0.6849958 0.6352897 0.0274297 0.0162218
15 0.4755334 0.6352897 0.0274296 0.0162218
21 0.6151750 0.5768913 0.0274296 0.0162218
