26 0.4449269 0.7959874 0.0272195 0.0165595
15 0.7913574 0.6171453 0.0272195 0.0165595
32 0.5853550 0.6221132 0.5010870 0.4239221
33 0.3756408 0.5569793 0.0643371 0.0596141
1 0.3756408 0.5575313 0.0272195 0.0165594
12 0.4449269 0.7363734 0.0272195 0.0165594
27 0.3756408 0.7959874 0.0272195 0.0165595
25 0.6527852 0.6171453 0.0272195 0.0165595
25 0.7220714 0.4979172 0.0272195 0.0165594
9 0.3756408 0.7363734 0.0272195 0.0165594
24 0.5822619 0.4979172 0.0272195 0.0165594
18 0.6527852 0.7363734 0.0272195 0.0165594
3 0.4449269 0.6767593 0.0272195 0.0165595
7 0.6527852 0.5575313 0.0272195 0.0165594
30 0.5822619 0.5575313 0.0272195 0.0165594
22 0.4449269 0.4979172 0.0272195 0.0165594
3 0.6527852 0.4979172 0.0272195 0.0165594
28 0.6527852 0.6767593 0.0272195 0.0165595
20 0.5142130 0.6767593 0.0272195 0.0165595
6 0.7220714 0.7959874 0.0272195 0.0165595
20 0.5822619 0.7363734 0.0272195 0.0165594
6 0.3756408 0.6171453 0.0272195 0.0165595
30 0.5822619 0.6171453 0.0272195 0.0165595
18 0.6527852 0.7959874 0.0272195 0.0165595
26 0.7913574 0.7363734 0.0272195 0.0165594
30 0.5142130 0.5575313 0.0272195 0.0165594
1 0.7220714 0.5575313 0.0272195 0.0165594
6 0.3756408 0.6767593 0.0272195 0.0165595
8 0.5142130 0.7363734 0.0272195 0.0165594
24 0.7913574 0.5575313 0.0272195 0.0165594
16 0.4449269 0.5575313 0.0272195 0.0165594
18 0.7913574 0.7959874 0.0272195 0.0165595
8 0.7220714 0.6171453 0.0272195 0.0165595
17 0.7220714 0.7363734 0.0272195 0.0165594
5 0.5142130 0.4979172 0.0272195 0.0165594
22 0.5142130 0.7959874 0.0272195 0.0165595
10 0.7913574 0.6767593 0.0272195 0.0165595
1 0.4449269 0.6171453 0.0272195 0.0165595
26 0.3756408 0.4979172 0.0272195 0.0165594
24 0.5822619 0.6767593 0.0272195 0.0165595
15 0.5822619 0.7959874 0.0272195 0.0165595
29 0.7913574 0.4979172 0.0272195 0.0165594
8 0.7220714 0.6767593 0.0272195 0.0165595
4 0.5142130 0.6171453 0.0272195 0.0165595
