15 0.4104794 0.6001946 0.0288631 0.0171810
8 0.5587305 0.6001946 0.0288631 0.0171810
32 0.4137592 0.6053489 0.5313429 0.4398329
33 0.3383217 0.5996219 0.0682218 0.0618515
9 0.3383217 0.6001946 0.0288631 0.0171810
24 0.6322002 0.5383431 0.0288631 0.0171810
31 0.6322002 0.7238976 0.0288631 0.0171810
2 0.1913824 0.7238976 0.0288631 0.0171810
19 0.5587305 0.7238976 0.0288631 0.0171810
20 0.1913824 0.4764916 0.0288631 0.0171810
12 0.4104794 0.4764916 0.0288631 0.0171810
7 0.4852609 0.6001946 0.0288631 0.0171810
6 0.1913824 0.7857491 0.0288631 0.0171809
26 0.1913824 0.6001946 0.0288631 0.0171810
18 0.4852609 0.6620462 0.0288631 0.0171809
26 0.4852609 0.7238976 0.0288631 0.0171810
25 0.3383217 0.7238976 0.0288631 0.0171810
25 0.2648520 0.5383431 0.0288631 0.0171810
7 0.5587305 0.4764916 0.0288631 0.0171810
8 0.1913824 0.5383431 0.0288631 0.0171810
22 0.5587305 0.5383431 0.0288631 0.0171810
1 0.4104794 0.6620462 0.0288631 0.0171809
10 0.4104794 0.7857491 0.0288631 0.0171809
8 0.4852609 0.7857491 0.0288631 0.0171809
29 0.4104794 0.5383431 0.0288631 0.0171810
16 0.3383217 0.6620462 0.0288631 0.0171809
15 0.6322002 0.7857491 0.0288631 0.0171809
24 0.2648520 0.4764916 0.0288631 0.0171810
21 0.6322002 0.6620462 0.0288631 0.0171809
13 0.6322002 0.4764916 0.0288631 0.0171810
25 0.4852609 0.5383431 0.0288631 0.0171810
26 0.5587305 0.6620462 0.0288631 0.0171809
8 0.1913824 0.6620462 0.0288631 0.0171809
13 0.5587305 0.7857491 0.0288631 0.0171809
6 0.4852609 0.4764916 0.0288631 0.0171810
14 0.3383217 0.7857491 0.0288631 0.0171809
11 0.6322002 0.6001946 0.0288631 0.0171810
31 0.2648520 0.6001946 0.0288631 0.0171810
4 0.2648520 0.6620462 0.0288631 0.0171809
14 0.3383217 0.5383431 0.0288631 0.0171810
5 0.2648520 0.7238976 0.0288631 0.0171810
20 0.2648520 0.7857491 0.0288631 0.0171809
22 0.3383217 0.4764916 0.0288631 0.0171810
20 0.4104794 0.7238976 0.0288631 0.0171810
