19 0.5290357 0.4654439 0.0278867 0.0159935
7 0.3173506 0.5230204 0.0278867 0.0159935
32 0.5322047 0.5853951 0.5133681 0.4094334
34 0.6716380 0.4649108 0.0646464 0.0575766
3 0.6722717 0.4654439 0.0278867 0.0159935
6 0.4593191 0.5805971 0.0278867 0.0159934
28 0.7432560 0.6381736 0.0278867 0.0159934
13 0.5290357 0.5230204 0.0278867 0.0159935
22 0.6722717 0.6381736 0.0278867 0.0159934
31 0.3883348 0.4654439 0.0278867 0.0159935
27 0.6012875 0.6381736 0.0278867 0.0159934
17 0.3173506 0.6381736 0.0278867 0.0159934
20 0.5290357 0.6957502 0.0278867 0.0159934
27 0.4593191 0.4654439 0.0278867 0.0159935
29 0.6722717 0.6957502 0.0278867 0.0159934
13 0.3883348 0.5805971 0.0278867 0.0159934
22 0.3173506 0.6957502 0.0278867 0.0159934
11 0.7432560 0.5230204 0.0278867 0.0159935
31 0.3173506 0.7533267 0.0278867 0.0159934
7 0.4593191 0.5230204 0.0278867 0.0159935
1 0.5290357 0.6381736 0.0278867 0.0159934
9 0.6012875 0.5230204 0.0278867 0.0159935
6 0.3883348 0.7533267 0.0278867 0.0159934
9 0.6012875 0.7533267 0.0278867 0.0159934
2 0.7432560 0.5805971 0.0278867 0.0159934
3 0.7432560 0.7533267 0.0278867 0.0159934
28 0.4593191 0.7533267 0.0278867 0.0159934
15 0.6012875 0.4654439 0.0278867 0.0159935
1 0.6722717 0.7533267 0.0278867 0.0159934
16 0.5290357 0.7533267 0.0278867 0.0159934
14 0.6012875 0.6957502 0.0278867 0.0159934
20 0.6722717 0.5805971 0.0278867 0.0159934
28 0.6722717 0.5230204 0.0278867 0.0159935
22 0.6012875 0.5805971 0.0278867 0.0159934
24 0.3883348 0.6381736 0.0278867 0.0159934
24 0.3883348 0.6957502 0.0278867 0.0159934
15 0.7432560 0.4654439 0.0278867 0.0159935
20 0.4593191 0.6957502 0.0278867 0.0159934
14 0.5290357 0.5805971 0.0278867 0.0159934
9 0.7432560 0.6957502 0.0278867 0.0159934
10 0.4593191 0.6381736 0.0278867 0.0159934
24 0.3173506 0.4654439 0.0278867 0.0159935
25 0.3883348 0.5230204 0.0278867 0.0159935
20 0.3173506 0.5805971 0.0278867 0.0159934
