2 0.5446965 0.4366613 0.0265930 0.0166701
20 0.6123878 0.2566243 0.0265930 0.0166701
32 0.4788184 0.3816500 0.4895531 0.4267543
33 0.4757964 0.3760933 0.0628562 0.0600123
9 0.4757964 0.3766489 0.0265930 0.0166701
21 0.2739314 0.4966736 0.0265930 0.0166701
14 0.4757964 0.4966736 0.0265930 0.0166701
18 0.2739314 0.2566243 0.0265930 0.0166701
20 0.2739314 0.3166366 0.0265930 0.0166701
24 0.6123878 0.4966736 0.0265930 0.0166701
5 0.4757964 0.4366613 0.0265930 0.0166701
17 0.5446965 0.4966736 0.0265930 0.0166701
28 0.3416226 0.4966736 0.0265930 0.0166701
19 0.6800790 0.5566859 0.0265930 0.0166701
9 0.2739314 0.4366613 0.0265930 0.0166701
4 0.6800790 0.4966736 0.0265930 0.0166701
31 0.5446965 0.5566859 0.0265930 0.0166701
29 0.6800790 0.3766489 0.0265930 0.0166701
11 0.2739314 0.3766489 0.0265930 0.0166701
14 0.3416226 0.2566243 0.0265930 0.0166701
7 0.3416226 0.3766489 0.0265930 0.0166701
21 0.6123878 0.4366613 0.0265930 0.0166701
2 0.4093139 0.3166366 0.0265930 0.0166701
14 0.6123878 0.5566859 0.0265930 0.0166701
24 0.5446965 0.3766489 0.0265930 0.0166701
28 0.4093139 0.4366613 0.0265930 0.0166701
21 0.3416226 0.3166366 0.0265930 0.0166701
5 0.6800790 0.2566243 0.0265930 0.0166701
3 0.2739314 0.5566859 0.0265930 0.0166701
17 0.6123878 0.3766489 0.0265930 0.0166701
25 0.4093139 0.2566243 0.0265930 0.0166701
3 0.4093139 0.4966736 0.0265930 0.0166701
31 0.6800790 0.4366613 0.0265930 0.0166701
2 0.4093139 0.5566859 0.0265930 0.0166701
3 0.4093139 0.3766489 0.0265930 0.0166701
15 0.5446965 0.2566243 0.0265930 0.0166701
21 0.4757964 0.5566859 0.0265930 0.0166701
21 0.4757964 0.3166366 0.0265930 0.0166701
30 0.6123878 0.3166366 0.0265930 0.0166701
15 0.6800790 0.3166366 0.0265930 0.0166701
1 0.3416226 0.5566859 0.0265930 0.0166701
7 0.3416226 0.4366613 0.0265930 0.0166701
31 0.4757964 0.2566243 0.0265930 0.0166701
14 0.5446965 0.3166366 0.0265930 0.0166701
